12
19
16
21
15
23
14
12
14
29
18
13
17
17
23
19
25
23
13
15
18
20
20
17
15
18
19
16
25
15
23
16
24
19
14
16
13
16
17
19
15
21
18
14
26
25
13
15
17
21
16
21
15
17
17
12
20
28
17
18
12
14
21
21
16
15
21
19
14
19
20
23
19
13
20
14
17
29
26
23
15
18
20
16
18
16
10
18
17
24
18
24
16
22
10
14
14
13
19
21
21
19
18
15
26
23
15
21
15
21
18
26
16
13
12
12
13
17
11
18
25
10
28
9
14
13
22
17
13
13
24
22
20
21
14
35
21
16
13
15
10
17
14
13
23
17
15
14
18
19
22
16
20
22
19
18
19
31
9
15
9
20
14
16
13
19
16
9
21
16
16
18
17
17
14
14
15
18
14
19
20
15
15
20
20
17
14
18
15
24
12
10
26
25
16
17
12
24
22
13
12
19
18
21
12
20
25
23
17
18
19
21
14
20
17
15
26
15
21
26
18
13
24
22
18
20
23
15
17
17
19
15
24
23
15
11
19
13
15
19
13
16
23
16
18
26
27
26
17
15
19
18
14
18
17
18
14
15
20
16
21
26
13
19
19
16
20
27
18
20
15
17
21
15
14
25
21
25
21
12
25
22
16
16
19
17
17
16
19
17
16
15
16
16
20
19
13
12
18
12
13
17
17
20
14
19
13
18
14
15
11
22
21
21
21
16
20
24
15
21
24
24
17
11
18
25
14
11
19
14
22
19
21
19
13
22
18
16
14
16
16
19
19
19
21
17
25
13
16
18
24
22
21
15
18
14
18
19
16
14
17
21
27
15
12
13
15
26
19
20
16
15
27
16
10
14
21
20
8
16
18
19
26
18
12
21
24
15
10
23
25
18
12
21
15
13
16
25
11
24
18
14
21
19
18
13
20
25
15
27
25
16
23
24
22
19
28
15
25
20
11
16
18
21
19
24
19
21
16
26
23
15
12
25
15
16
22
21
24
9
23
14
26
20
15
18
14
18
15
13
31
22
19
12
16
17
17
14
25
23
19
16
18
14
13
23
15
13
29
16
23
14
14
20
27
12
10
17
18
20
14
19
27
15
18
21
16
20
15
16
26
21
26
19
19
16
23
13
13
18
20
18
20
23
14
13
18
25
17
18
20
21
17
22
18
18
16
15
13
12
24
18
15
18
17
18
28
14
13
25
18
15
20
16
23
22
23
19
13
24
18
25
24
27
26
14
12
15
21
15
24
19
19
18
15
15
18
17
21
20
22
21
18
25
28
15
11
11
21
18
24
12
13
18
12
25
21
22
23
20
25
10
14
14
21
22
12
18
19
16
21
12
19
17
15
22
25
22
25
25
16
9
20
16
14
16
14
20
15
22
19
15
17
18
22
13
14
20
22
15
15
16
12
18
13
17
15
18
16
27
19
19
15
18
20
15
26
12
18
13
18
22
25
11
20
16
17
26
22
14
19
14
15
19
20
18
13
13
15
19
16
20
13
18
16
18
16
13
16
24
17
21
21
19
19
16
22
17
22
18
21
18
21
20
24
17
18
15
25
17
18
17
18
10
19
22
21
29
19
19
18
11
21
19
13
19
14
29
26
16
16
11
16
18
25
22
22
12
18
21
13
20
21
20
14
15
20
16
20
12
20
13
17
19
15
22
17
17
19
16
19
16
21
21
19
20
31
16
23
13
19
20
19
23
26
16
22
19
17
30
16
23
20
16
18
18
15
17
20
25
20
17
17
13
14
14
21
19
20
21
11
13
14
25
22
16
18
19
11
24
17
20
14
21
20
22
12
21
12
30
15
15
15
16
23
22
18
18
18
20
24
20
23
11
17
19
17
19
22
9
17
15
19
13
17
14
15
16
19
15
16
26
15
17
26
14
19
19
8
23
17
12
15
19
20
24
20
22
10
13
14
18
22
18
19
21
18
25
17
15
13
17
21
19
15
22
32
16
20
15
14
17
13
16
28
21
21
21
12
20
21
19
16
17
14
15
21
17
11
21
15
12
21
24
14
11
24
26
16
16
13
16
20
18
20
24
19
18
18
19
16
13
23
14
15
18
19
18
14
23
6
18
17
15
12
21
19
20
18
18
7
20
25
18
21
25
18
24
17
19
19
19
23
10
22
21
15
21
12
12
23
22
21
19
12
20
16
19
24
20
28
24
17
11
19
18
19
17
17
19
17
19
13
21
19
22
23
16
24
18
13
16
13
18
21
19
12
13
24
20
9
17
23
20
18
24
18
15
17
14
