#SIZE	NO. OF SUPERNOVAE
50	0.147
51	0.149
52	0.151
53	0.156
54	0.159
55	0.163
56	0.163
57	0.165
58	0.169
59	0.17
60	0.172
61	0.174
62	0.177
63	0.179
64	0.182
65	0.182
66	0.184
67	0.187
68	0.19
69	0.196
70	0.198
71	0.203
72	0.207
73	0.211
74	0.213
75	0.215
76	0.216
77	0.218
78	0.22
79	0.223
80	0.226
81	0.228
82	0.231
83	0.234
84	0.236
85	0.241
86	0.242
87	0.244
88	0.25
89	0.253
90	0.253
91	0.256
92	0.26
93	0.265
94	0.267
95	0.269
96	0.272
97	0.278
98	0.279
99	0.284
100	0.286
101	0.291
102	0.293
103	0.295
104	0.296
105	0.301
106	0.304
107	0.306
108	0.311
109	0.316
110	0.317
111	0.321
112	0.324
113	0.327
114	0.33
115	0.333
116	0.334
117	0.339
118	0.34
119	0.34
120	0.342
121	0.349
122	0.351
123	0.352
124	0.356
125	0.356
126	0.357
127	0.36
128	0.361
129	0.365
130	0.367
131	0.374
132	0.378
133	0.38
134	0.38
135	0.381
136	0.383
137	0.384
138	0.388
139	0.39
140	0.391
141	0.393
142	0.395
143	0.397
144	0.399
145	0.402
146	0.404
147	0.404
148	0.408
149	0.41
150	0.41
151	0.41
152	0.41
153	0.413
154	0.413
155	0.414
156	0.416
157	0.418
158	0.418
159	0.419
160	0.421
161	0.424
162	0.426
163	0.429
164	0.43
165	0.432
166	0.435
167	0.439
168	0.441
169	0.445
170	0.447
171	0.451
172	0.454
173	0.456
174	0.459
175	0.461
176	0.463
177	0.463
178	0.465
179	0.465
180	0.471
181	0.474
182	0.475
183	0.477
184	0.479
185	0.481
186	0.486
187	0.486
188	0.487
189	0.487
190	0.488
191	0.489
192	0.489
193	0.494
194	0.494
195	0.495
196	0.495
197	0.496
198	0.496
199	0.501
200	0.504
201	0.504
202	0.506
203	0.506
204	0.508
205	0.508
206	0.513
207	0.515
208	0.515
209	0.516
210	0.518
211	0.523
212	0.523
213	0.524
214	0.528
215	0.53
216	0.534
217	0.538
218	0.541
219	0.541
220	0.541
221	0.541
222	0.544
223	0.546
224	0.546
225	0.549
226	0.552
227	0.552
228	0.553
229	0.554
230	0.556
231	0.558
232	0.559
233	0.561
234	0.562
235	0.564
236	0.568
237	0.57
238	0.57
239	0.572
240	0.574
241	0.576
242	0.577
243	0.578
244	0.578
245	0.578
246	0.58
247	0.581
248	0.582
249	0.584
250	0.587
251	0.587
252	0.588
253	0.591
254	0.591
255	0.592
256	0.593
257	0.594
258	0.597
259	0.597
260	0.6
261	0.603
262	0.604
263	0.606
264	0.607
265	0.608
266	0.611
267	0.612
268	0.612
269	0.613
270	0.613
271	0.615
272	0.617
273	0.618
274	0.618
275	0.62
276	0.621
277	0.623
278	0.629
279	0.632
280	0.633
281	0.634
282	0.634
283	0.634
284	0.634
285	0.634
286	0.635
287	0.637
288	0.64
289	0.644
290	0.647
291	0.647
292	0.651
293	0.651
294	0.652
295	0.652
296	0.652
297	0.653
298	0.653
299	0.653
300	0.653
301	0.654
302	0.654
303	0.654
304	0.655
305	0.656
306	0.657
307	0.657
308	0.66
309	0.661
310	0.662
311	0.662
312	0.662
313	0.663
314	0.664
315	0.665
316	0.666
317	0.666
318	0.666
319	0.666
320	0.666
321	0.667
322	0.669
323	0.67
324	0.672
325	0.675
326	0.675
327	0.677
328	0.677
329	0.678
330	0.679
331	0.681
332	0.683
333	0.684
334	0.684
335	0.684
336	0.685
337	0.686
338	0.687
339	0.689
340	0.689
341	0.692
342	0.693
343	0.693
344	0.695
345	0.696
346	0.696
347	0.696
348	0.697
349	0.697
350	0.699
351	0.7
352	0.7
353	0.7
354	0.701
355	0.703
356	0.703
357	0.704
358	0.705
359	0.706
360	0.71
361	0.712
362	0.714
363	0.716
364	0.716
365	0.718
366	0.718
367	0.72
368	0.72
369	0.72
370	0.722
371	0.724
372	0.728
373	0.728
374	0.728
375	0.729
376	0.729
377	0.729
378	0.73
379	0.73
380	0.73
381	0.73
382	0.733
383	0.733
384	0.733
385	0.734
386	0.737
387	0.737
388	0.738
389	0.739
390	0.74
391	0.74
392	0.74
393	0.742
394	0.745
395	0.746
396	0.746
397	0.748
398	0.749
399	0.75
400	0.751
401	0.752
402	0.753
403	0.755
404	0.756
405	0.756
406	0.757
407	0.758
408	0.758
409	0.758
410	0.758
411	0.758
412	0.761
413	0.761
414	0.764
415	0.765
416	0.765
417	0.767
418	0.769
419	0.772
420	0.774
421	0.775
422	0.776
423	0.776
424	0.777
425	0.777
426	0.777
427	0.778
428	0.781
429	0.784
430	0.784
431	0.785
432	0.787
433	0.788
434	0.789
435	0.789
436	0.789
437	0.792
438	0.793
439	0.793
440	0.793
441	0.794
442	0.794
443	0.794
444	0.795
445	0.796
446	0.796
447	0.796
448	0.796
449	0.796
450	0.797
451	0.799
452	0.799
453	0.799
454	0.8
455	0.801
456	0.801
457	0.801
458	0.801
459	0.802
460	0.803
461	0.804
462	0.805
463	0.805
464	0.807
465	0.807
466	0.807
467	0.809
468	0.81
469	0.812
470	0.812
471	0.813
472	0.814
473	0.814
474	0.814
475	0.814
476	0.815
477	0.815
478	0.815
479	0.815
480	0.816
481	0.818
482	0.821
483	0.821
484	0.821
485	0.822
486	0.822
487	0.822
488	0.822
489	0.823
490	0.824
491	0.825
492	0.826
493	0.827
494	0.828
495	0.828
496	0.828
497	0.828
498	0.829
499	0.831
500	0.831
501	0.831
502	0.832
503	0.832
504	0.832
505	0.834
506	0.834
507	0.835
508	0.835
509	0.835
510	0.835
511	0.836
512	0.838
513	0.838
514	0.839
515	0.842
516	0.842
517	0.842
518	0.842
519	0.843
520	0.843
521	0.843
522	0.844
523	0.845
524	0.847
525	0.849
526	0.851
527	0.851
528	0.851
529	0.851
530	0.851
531	0.852
532	0.852
533	0.853
534	0.853
535	0.854
536	0.854
537	0.855
538	0.855
539	0.855
540	0.856
541	0.856
542	0.857
543	0.857
544	0.858
545	0.859
546	0.862
547	0.862
548	0.862
549	0.862
550	0.862
551	0.862
552	0.862
553	0.862
554	0.863
555	0.867
556	0.868
557	0.869
558	0.87
559	0.871
560	0.871
561	0.872
562	0.872
563	0.874
564	0.875
565	0.875
566	0.875
567	0.876
568	0.876
569	0.876
570	0.876
571	0.876
572	0.876
573	0.877
574	0.878
575	0.88
576	0.88
577	0.88
578	0.882
579	0.882
580	0.883
581	0.883
582	0.883
583	0.884
584	0.884
585	0.884
586	0.884
587	0.884
588	0.884
589	0.885
590	0.885
591	0.886
592	0.886
593	0.886
594	0.886
595	0.886
596	0.886
597	0.886
598	0.886
599	0.886
600	0.886
601	0.886
602	0.886
603	0.886
604	0.886
605	0.886
606	0.886
607	0.886
608	0.887
609	0.887
610	0.887
611	0.888
612	0.888
613	0.888
614	0.888
615	0.888
616	0.889
617	0.889
618	0.89
619	0.89
620	0.89
621	0.891
622	0.891
623	0.891
624	0.891
625	0.891
626	0.891
627	0.892
628	0.893
629	0.894
630	0.894
631	0.895
632	0.895
633	0.896
634	0.896
635	0.896
636	0.896
637	0.896
638	0.896
639	0.896
640	0.896
641	0.896
642	0.897
643	0.897
644	0.897
645	0.898
646	0.898
647	0.899
648	0.899
649	0.901
650	0.903
651	0.904
652	0.904
653	0.905
654	0.905
655	0.905
656	0.905
657	0.905
658	0.905
659	0.905
660	0.906
661	0.906
662	0.906
663	0.908
664	0.909
665	0.91
666	0.911
667	0.912
668	0.912
669	0.912
670	0.912
671	0.912
672	0.912
673	0.912
674	0.913
675	0.915
676	0.915
677	0.916
678	0.917
679	0.918
680	0.918
681	0.918
682	0.918
683	0.919
684	0.919
685	0.919
686	0.919
687	0.92
688	0.921
689	0.923
690	0.924
691	0.924
692	0.924
693	0.924
694	0.924
695	0.924
696	0.925
697	0.925
698	0.925
699	0.925
700	0.925
701	0.925
702	0.925
703	0.926
704	0.927
705	0.927
706	0.927
707	0.927
708	0.927
709	0.927
710	0.927
711	0.927
712	0.927
713	0.927
714	0.928
715	0.928
716	0.928
717	0.928
718	0.928
719	0.929
720	0.929
721	0.93
722	0.931
723	0.932
724	0.932
725	0.933
726	0.933
727	0.933
728	0.933
729	0.933
730	0.933
731	0.933
732	0.933
733	0.933
734	0.933
735	0.933
736	0.933
737	0.933
738	0.933
739	0.933
740	0.933
741	0.934
742	0.934
743	0.934
744	0.936
745	0.936
746	0.936
747	0.936
748	0.936
749	0.936
750	0.936
751	0.936
752	0.937
753	0.938
754	0.938
755	0.939
756	0.939
757	0.939
758	0.939
759	0.94
760	0.94
761	0.94
762	0.94
763	0.942
764	0.942
765	0.942
766	0.942
767	0.942
768	0.942
769	0.942
770	0.942
771	0.943
772	0.943
773	0.943
774	0.943
775	0.944
776	0.944
777	0.944
778	0.944
779	0.944
780	0.944
781	0.944
782	0.944
783	0.944
784	0.944
785	0.944
786	0.944
787	0.945
788	0.945
789	0.946
790	0.946
791	0.946
792	0.946
793	0.946
794	0.946
795	0.946
796	0.947
797	0.947
798	0.948
799	0.948
800	0.948
801	0.948
802	0.948
803	0.948
804	0.948
805	0.949
806	0.949
807	0.949
808	0.949
809	0.949
810	0.949
811	0.949
812	0.949
813	0.949
814	0.949
815	0.95
816	0.95
817	0.95
818	0.95
819	0.95
820	0.95
821	0.95
822	0.95
823	0.951
824	0.951
825	0.951
826	0.951
827	0.951
828	0.951
829	0.951
830	0.951
831	0.951
832	0.952
833	0.953
834	0.953
835	0.954
836	0.954
837	0.954
838	0.954
839	0.954
840	0.954
841	0.954
842	0.954
843	0.955
844	0.955
845	0.956
846	0.956
847	0.956
848	0.956
849	0.956
850	0.956
851	0.956
852	0.956
853	0.956
854	0.956
855	0.956
856	0.957
857	0.957
858	0.957
859	0.957
860	0.958
861	0.958
862	0.959
863	0.96
864	0.96
865	0.96
866	0.96
867	0.961
868	0.961
869	0.961
870	0.961
871	0.961
872	0.961
873	0.962
874	0.964
875	0.964
876	0.964
877	0.964
878	0.964
879	0.965
880	0.965
881	0.966
882	0.966
883	0.966
884	0.966
885	0.967
886	0.967
887	0.967
888	0.967
889	0.967
890	0.967
891	0.967
892	0.967
893	0.967
894	0.967
895	0.967
896	0.967
897	0.967
898	0.967
899	0.967
900	0.967
901	0.967
902	0.968
903	0.968
904	0.968
905	0.968
906	0.968
907	0.968
908	0.968
909	0.968
910	0.968
911	0.968
912	0.968
913	0.968
914	0.968
915	0.968
916	0.969
917	0.969
918	0.969
919	0.969
920	0.969
921	0.97
922	0.97
923	0.97
924	0.97
925	0.97
926	0.97
927	0.97
928	0.97
929	0.97
930	0.97
931	0.97
932	0.97
933	0.97
934	0.97
935	0.97
936	0.97
937	0.97
938	0.97
939	0.97
940	0.97
941	0.97
942	0.97
943	0.97
944	0.97
945	0.97
946	0.97
947	0.97
948	0.97
949	0.97
950	0.97
951	0.97
952	0.97
953	0.97
954	0.97
955	0.97
956	0.97
957	0.97
958	0.97
959	0.97
960	0.97
961	0.97
962	0.97
963	0.972
964	0.972
965	0.972
966	0.972
967	0.972
968	0.972
969	0.973
970	0.973
971	0.973
972	0.973
973	0.973
974	0.973
975	0.973
976	0.973
977	0.973
978	0.973
979	0.973
980	0.973
981	0.973
982	0.973
983	0.973
984	0.973
985	0.973
986	0.974
987	0.974
988	0.974
989	0.974
990	0.974
991	0.974
992	0.974
993	0.974
994	0.974
995	0.975
996	0.975
997	0.975
998	0.975
999	0.975
1000	0.975
1001	0.975
1002	0.975
1003	0.976
1004	0.976
1005	0.976
1006	0.976
1007	0.976
1008	0.976
1009	0.976
1010	0.976
1011	0.976
1012	0.976
1013	0.976
1014	0.976
1015	0.976
1016	0.976
1017	0.976
1018	0.976
1019	0.976
1020	0.976
1021	0.977
1022	0.977
1023	0.977
1024	0.978
1025	0.978
1026	0.978
1027	0.978
1028	0.978
1029	0.978
1030	0.978
1031	0.978
1032	0.978
1033	0.978
1034	0.978
1035	0.978
1036	0.978
1037	0.978
1038	0.978
1039	0.978
1040	0.978
1041	0.978
1042	0.978
1043	0.978
1044	0.978
1045	0.978
1046	0.978
1047	0.978
1048	0.978
1049	0.978
1050	0.978
1051	0.978
1052	0.978
1053	0.978
1054	0.978
1055	0.978
1056	0.978
1057	0.978
1058	0.978
1059	0.978
1060	0.978
1061	0.978
1062	0.978
1063	0.978
1064	0.978
1065	0.978
1066	0.978
1067	0.978
1068	0.978
1069	0.978
1070	0.978
1071	0.978
1072	0.978
1073	0.978
1074	0.978
1075	0.978
1076	0.978
1077	0.978
1078	0.978
1079	0.979
1080	0.979
1081	0.979
1082	0.979
1083	0.98
1084	0.98
1085	0.98
1086	0.98
1087	0.98
1088	0.98
1089	0.981
1090	0.981
1091	0.981
1092	0.981
1093	0.981
1094	0.981
1095	0.981
1096	0.981
1097	0.981
1098	0.981
1099	0.981
1100	0.981
1101	0.981
1102	0.981
1103	0.981
1104	0.981
1105	0.981
1106	0.981
1107	0.981
1108	0.981
1109	0.982
1110	0.983
1111	0.983
1112	0.983
1113	0.983
1114	0.983
1115	0.983
1116	0.983
1117	0.983
1118	0.983
1119	0.983
1120	0.983
1121	0.983
1122	0.983
1123	0.983
1124	0.983
1125	0.983
1126	0.983
1127	0.983
1128	0.983
1129	0.983
1130	0.983
1131	0.983
1132	0.983
1133	0.983
1134	0.983
1135	0.983
1136	0.983
1137	0.983
1138	0.983
1139	0.983
1140	0.983
1141	0.983
1142	0.983
1143	0.983
1144	0.983
1145	0.983
1146	0.983
1147	0.983
1148	0.983
1149	0.983
1150	0.983
1151	0.983
1152	0.983
1153	0.983
1154	0.983
1155	0.983
1156	0.984
1157	0.984
1158	0.984
1159	0.984
1160	0.984
1161	0.984
1162	0.984
1163	0.984
1164	0.984
1165	0.984
1166	0.984
1167	0.984
1168	0.984
1169	0.984
1170	0.984
1171	0.984
1172	0.984
1173	0.984
1174	0.984
1175	0.984
1176	0.984
1177	0.984
1178	0.985
1179	0.985
1180	0.985
1181	0.985
1182	0.985
1183	0.985
1184	0.985
1185	0.985
1186	0.985
1187	0.985
1188	0.985
1189	0.985
1190	0.985
1191	0.985
1192	0.985
1193	0.985
1194	0.985
1195	0.985
1196	0.985
1197	0.985
1198	0.985
1199	0.985
1200	0.985
1201	0.985
1202	0.985
1203	0.985
1204	0.985
1205	0.985
1206	0.985
1207	0.985
1208	0.985
1209	0.985
1210	0.985
1211	0.985
1212	0.985
1213	0.985
1214	0.985
1215	0.985
1216	0.985
1217	0.985
1218	0.985
1219	0.985
1220	0.985
1221	0.985
1222	0.985
1223	0.985
1224	0.985
1225	0.985
1226	0.985
1227	0.985
1228	0.985
1229	0.985
1230	0.985
1231	0.985
1232	0.986
1233	0.986
1234	0.986
1235	0.986
1236	0.986
1237	0.986
1238	0.987
1239	0.987
1240	0.987
1241	0.987
1242	0.987
1243	0.987
1244	0.987
1245	0.987
1246	0.987
1247	0.987
1248	0.987
1249	0.987
1250	0.987
1251	0.987
1252	0.987
1253	0.987
1254	0.988
1255	0.988
1256	0.989
1257	0.989
1258	0.989
1259	0.989
1260	0.989
1261	0.989
1262	0.989
1263	0.989
1264	0.989
1265	0.989
1266	0.989
1267	0.989
1268	0.989
1269	0.989
1270	0.989
1271	0.989
1272	0.989
1273	0.989
1274	0.989
1275	0.989
1276	0.989
1277	0.989
1278	0.989
1279	0.989
1280	0.989
1281	0.989
1282	0.989
1283	0.989
1284	0.989
1285	0.989
1286	0.989
1287	0.989
1288	0.989
1289	0.989
1290	0.989
1291	0.989
1292	0.989
1293	0.989
1294	0.989
1295	0.989
1296	0.989
1297	0.99
1298	0.99
1299	0.99
1300	0.99
1301	0.99
1302	0.99
1303	0.99
1304	0.99
1305	0.99
1306	0.99
1307	0.99
1308	0.99
1309	0.99
1310	0.99
1311	0.99
1312	0.99
1313	0.99
1314	0.991
1315	0.991
1316	0.991
1317	0.991
1318	0.991
1319	0.991
1320	0.991
1321	0.991
1322	0.991
1323	0.991
1324	0.991
1325	0.991
1326	0.991
1327	0.991
1328	0.991
1329	0.991
1330	0.991
1331	0.991
1332	0.991
1333	0.992
1334	0.992
1335	0.992
1336	0.992
1337	0.992
1338	0.992
1339	0.992
1340	0.992
1341	0.992
1342	0.992
1343	0.992
1344	0.992
1345	0.992
1346	0.992
1347	0.992
1348	0.993
1349	0.993
1350	0.993
1351	0.993
1352	0.993
1353	0.993
1354	0.993
1355	0.993
1356	0.993
1357	0.993
1358	0.993
1359	0.993
1360	0.993
1361	0.993
1362	0.993
1363	0.993
1364	0.993
1365	0.993
1366	0.993
1367	0.993
1368	0.993
1369	0.993
1370	0.993
1371	0.993
1372	0.993
1373	0.993
1374	0.993
1375	0.993
1376	0.993
1377	0.993
1378	0.993
1379	0.993
1380	0.993
1381	0.993
1382	0.993
1383	0.993
1384	0.993
1385	0.993
1386	0.993
1387	0.993
1388	0.993
1389	0.993
1390	0.993
1391	0.993
1392	0.993
1393	0.993
1394	0.993
1395	0.993
1396	0.993
1397	0.993
1398	0.993
1399	0.993
1400	0.993
1401	0.993
1402	0.993
1403	0.993
1404	0.993
1405	0.993
1406	0.993
1407	0.993
1408	0.993
1409	0.993
1410	0.993
1411	0.993
1412	0.993
1413	0.993
1414	0.993
1415	0.993
1416	0.993
1417	0.993
1418	0.993
1419	0.993
1420	0.993
1421	0.993
1422	0.993
1423	0.993
1424	0.993
1425	0.993
1426	0.993
1427	0.993
1428	0.993
1429	0.993
1430	0.993
1431	0.993
1432	0.993
1433	0.993
1434	0.993
1435	0.993
1436	0.993
1437	0.993
1438	0.993
1439	0.994
1440	0.994
1441	0.995
1442	0.995
1443	0.995
1444	0.995
1445	0.995
1446	0.995
1447	0.995
1448	0.995
1449	0.995
1450	0.995
1451	0.995
1452	0.995
1453	0.995
1454	0.995
1455	0.995
1456	0.995
1457	0.995
1458	0.995
1459	0.995
1460	0.995
1461	0.995
1462	0.995
1463	0.995
1464	0.995
1465	0.995
1466	0.995
1467	0.995
1468	0.995
1469	0.995
1470	0.995
1471	0.995
1472	0.995
1473	0.995
1474	0.995
1475	0.995
1476	0.995
1477	0.995
1478	0.995
1479	0.995
1480	0.995
1481	0.995
1482	0.995
1483	0.995
1484	0.995
1485	0.995
1486	0.995
1487	0.995
1488	0.995
1489	0.995
1490	0.995
1491	0.995
1492	0.995
1493	0.995
1494	0.995
1495	0.995
1496	0.995
1497	0.995
1498	0.995
1499	0.995
1500	0.995
1501	0.995
1502	0.995
1503	0.995
1504	0.995
1505	0.995
1506	0.996
1507	0.996
1508	0.996
1509	0.996
1510	0.996
1511	0.996
1512	0.996
1513	0.996
1514	0.996
1515	0.996
1516	0.996
1517	0.996
1518	0.996
1519	0.996
1520	0.996
1521	0.996
1522	0.996
1523	0.996
1524	0.996
1525	0.996
1526	0.996
1527	0.996
1528	0.996
1529	0.996
1530	0.996
1531	0.996
1532	0.996
1533	0.996
1534	0.996
1535	0.996
1536	0.996
1537	0.996
1538	0.996
1539	0.996
1540	0.996
1541	0.996
1542	0.997
1543	0.997
1544	0.997
1545	0.997
1546	0.997
1547	0.997
1548	0.997
1549	0.997
1550	0.997
1551	0.997
1552	0.997
1553	0.997
1554	0.997
1555	0.997
1556	0.997
1557	0.997
1558	0.997
1559	0.997
1560	0.997
1561	0.997
1562	0.997
1563	0.997
1564	0.997
1565	0.997
1566	0.997
1567	0.997
1568	0.997
1569	0.997
1570	0.997
1571	0.997
1572	0.997
1573	0.998
1574	0.998
1575	0.998
1576	0.998
1577	0.998
1578	0.998
1579	0.998
1580	0.998
1581	0.998
1582	0.998
1583	0.998
1584	0.998
1585	0.998
1586	0.998
1587	0.998
1588	0.998
1589	0.998
1590	0.998
1591	0.998
1592	0.998
1593	0.998
1594	0.998
1595	0.998
1596	0.998
1597	0.998
1598	0.998
1599	0.998
1600	0.998
1601	0.998
1602	0.998
1603	0.998
1604	0.998
1605	0.998
1606	0.998
1607	0.998
1608	0.998
1609	0.999
1610	0.999
1611	0.999
1612	0.999
1613	0.999
1614	0.999
1615	0.999
1616	0.999
1617	0.999
1618	0.999
1619	0.999
1620	0.999
1621	0.999
1622	0.999
1623	0.999
1624	0.999
1625	0.999
1626	0.999
1627	0.999
1628	0.999
1629	0.999
1630	0.999
1631	0.999
1632	0.999
1633	0.999
1634	0.999
1635	0.999
1636	0.999
1637	0.999
1638	0.999
1639	0.999
1640	0.999
1641	0.999
1642	0.999
1643	0.999
1644	0.999
1645	0.999
1646	0.999
1647	0.999
1648	0.999
1649	0.999
1650	0.999
1651	0.999
1652	0.999
1653	0.999
1654	0.999
1655	0.999
1656	0.999
1657	0.999
1658	0.999
1659	0.999
1660	0.999
1661	0.999
1662	0.999
1663	0.999
1664	0.999
1665	0.999
1666	0.999
1667	0.999
1668	0.999
1669	0.999
1670	0.999
1671	0.999
1672	0.999
1673	0.999
1674	0.999
1675	0.999
1676	0.999
1677	0.999
1678	0.999
1679	0.999
1680	0.999
1681	0.999
1682	0.999
1683	0.999
1684	0.999
1685	0.999
1686	0.999
1687	0.999
1688	0.999
1689	0.999
1690	0.999
1691	0.999
1692	0.999
1693	0.999
1694	0.999
1695	0.999
1696	0.999
1697	0.999
1698	0.999
1699	0.999
1700	0.999
1701	0.999
1702	0.999
1703	0.999
1704	0.999
1705	0.999
1706	0.999
1707	0.999
1708	0.999
1709	0.999
1710	0.999
1711	0.999
1712	0.999
1713	0.999
1714	0.999
1715	0.999
1716	0.999
1717	0.999
1718	0.999
1719	0.999
1720	0.999
1721	0.999
1722	0.999
1723	0.999
1724	0.999
1725	0.999
1726	0.999
1727	0.999
1728	0.999
1729	0.999
1730	0.999
1731	0.999
1732	0.999
1733	0.999
1734	0.999
1735	0.999
1736	0.999
1737	0.999
1738	0.999
1739	0.999
1740	0.999
1741	0.999
1742	0.999
1743	0.999
1744	0.999
1745	0.999
1746	0.999
1747	0.999
1748	0.999
1749	0.999
1750	0.999
1751	0.999
1752	0.999
1753	0.999
1754	0.999
1755	0.999
1756	0.999
1757	0.999
1758	0.999
1759	0.999
1760	0.999
1761	0.999
1762	0.999
1763	0.999
1764	0.999
1765	0.999
1766	0.999
1767	0.999
1768	0.999
1769	0.999
1770	0.999
1771	0.999
1772	0.999
1773	0.999
1774	0.999
1775	0.999
1776	0.999
1777	0.999
1778	0.999
1779	0.999
1780	0.999
1781	0.999
1782	0.999
1783	0.999
1784	0.999
1785	0.999
1786	0.999
1787	0.999
1788	0.999
1789	0.999
1790	0.999
1791	0.999
1792	0.999
1793	0.999
1794	0.999
1795	0.999
1796	0.999
1797	0.999
1798	0.999
1799	0.999
1800	0.999
1801	0.999
1802	0.999
1803	0.999
1804	0.999
1805	0.999
1806	0.999
1807	0.999
1808	0.999
1809	0.999
1810	0.999
1811	0.999
1812	0.999
1813	0.999
1814	0.999
1815	0.999
1816	0.999
1817	0.999
1818	0.999
1819	0.999
1820	0.999
1821	0.999
1822	0.999
1823	0.999
1824	0.999
1825	0.999
1826	0.999
1827	0.999
1828	0.999
1829	0.999
1830	0.999
1831	0.999
1832	0.999
1833	0.999
1834	0.999
1835	0.999
1836	0.999
1837	0.999
1838	0.999
1839	0.999
1840	0.999
1841	0.999
1842	0.999
1843	0.999
1844	0.999
1845	0.999
1846	0.999
1847	0.999
1848	0.999
1849	0.999
1850	0.999
1851	0.999
1852	0.999
1853	0.999
1854	0.999
1855	0.999
1856	0.999
1857	0.999
1858	0.999
1859	0.999
1860	0.999
1861	0.999
1862	0.999
1863	0.999
1864	0.999
1865	0.999
1866	0.999
1867	0.999
1868	0.999
1869	0.999
1870	0.999
1871	0.999
1872	0.999
1873	0.999
1874	0.999
1875	0.999
1876	0.999
1877	0.999
1878	0.999
1879	0.999
1880	0.999
1881	0.999
1882	0.999
1883	0.999
1884	0.999
1885	0.999
1886	0.999
1887	0.999
1888	0.999
1889	0.999
1890	0.999
1891	0.999
1892	0.999
1893	0.999
1894	0.999
1895	0.999
1896	0.999
1897	0.999
1898	0.999
1899	0.999
1900	0.999
1901	0.999
1902	0.999
1903	0.999
1904	0.999
1905	0.999
1906	0.999
1907	0.999
1908	0.999
1909	0.999
1910	0.999
1911	0.999
1912	0.999
1913	0.999
1914	0.999
1915	0.999
1916	0.999
1917	0.999
1918	0.999
1919	0.999
1920	0.999
1921	0.999
1922	0.999
1923	0.999
1924	0.999
1925	1
1926	1
1927	1
1928	1
1929	1
1930	1
1931	1
1932	1
1933	1
1934	1
1935	1
1936	1
1937	1
1938	1
1939	1
1940	1
1941	1
1942	1
1943	1
1944	1
1945	1
1946	1
1947	1
1948	1
1949	1
1950	1
1951	1
1952	1
1953	1
1954	1
1955	1
1956	1
1957	1
1958	1
1959	1
1960	1
1961	1
1962	1
1963	1
1964	1
1965	1
1966	1
1967	1
1968	1
1969	1
1970	1
1971	1
1972	1
1973	1
1974	1
1975	1
1976	1
1977	1
1978	1
1979	1
1980	1
1981	1
1982	1
1983	1
1984	1
1985	1
1986	1
1987	1
1988	1
1989	1
1990	1
1991	1
1992	1
1993	1
1994	1
1995	1
1996	1
1997	1
1998	1
1999	1
2000	1
2001	1
2002	1
2003	1
2004	1
2005	1
2006	1
2007	1
2008	1
2009	1
2010	1
2011	1
2012	1
2013	1
2014	1
2015	1
2016	1
2017	1
2018	1
2019	1
2020	1
2021	1
2022	1
2023	1
2024	1
2025	1
2026	1
2027	1
2028	1
2029	1
2030	1
2031	1
2032	1
2033	1
2034	1
2035	1
2036	1
2037	1
2038	1
2039	1
2040	1
2041	1
2042	1
2043	1
2044	1
2045	1
2046	1
2047	1
2048	1
2049	1
2050	1
2051	1
2052	1
2053	1
2054	1
2055	1
2056	1
2057	1
2058	1
2059	1
2060	1
2061	1
2062	1
2063	1
2064	1
2065	1
2066	1
2067	1
2068	1
2069	1
2070	1
2071	1
2072	1
2073	1
2074	1
2075	1
2076	1
2077	1
2078	1
2079	1
2080	1
2081	1
2082	1
2083	1
2084	1
2085	1
2086	1
2087	1
2088	1
2089	1
2090	1
2091	1
2092	1
2093	1
2094	1
2095	1
2096	1
2097	1
2098	1
2099	1
2100	1
2101	1
2102	1
2103	1
2104	1
2105	1
2106	1
2107	1
2108	1
2109	1
2110	1
2111	1
2112	1
2113	1
2114	1
2115	1
2116	1
2117	1
2118	1
2119	1
2120	1
2121	1
2122	1
2123	1
2124	1
2125	1
2126	1
2127	1
2128	1
2129	1
2130	1
2131	1
2132	1
2133	1
2134	1
2135	1
2136	1
2137	1
2138	1
2139	1
2140	1
2141	1
2142	1
2143	1
2144	1
2145	1
2146	1
2147	1
2148	1
2149	1
2150	1
2151	1
2152	1
2153	1
2154	1
2155	1
2156	1
2157	1
2158	1
2159	1
2160	1
2161	1
2162	1
2163	1
2164	1
2165	1
2166	1
2167	1
2168	1
2169	1
2170	1
2171	1
2172	1
2173	1
2174	1
2175	1
2176	1
2177	1
2178	1
2179	1
2180	1
2181	1
2182	1
2183	1
2184	1
2185	1
2186	1
2187	1
2188	1
2189	1
2190	1
2191	1
2192	1
2193	1
2194	1
2195	1
2196	1
2197	1
2198	1
2199	1
2200	1
2201	1
2202	1
2203	1
2204	1
2205	1
2206	1
2207	1
2208	1
2209	1
2210	1
2211	1
2212	1
2213	1
2214	1
2215	1
2216	1
2217	1
2218	1
2219	1
2220	1
2221	1
2222	1
2223	1
2224	1
2225	1
2226	1
2227	1
2228	1
2229	1
2230	1
2231	1
2232	1
2233	1
2234	1
2235	1
2236	1
2237	1
2238	1
2239	1
2240	1
2241	1
2242	1
2243	1
2244	1
2245	1
2246	1
2247	1
2248	1
2249	1
2250	1
2251	1
2252	1
2253	1
2254	1
2255	1
2256	1
2257	1
2258	1
2259	1
2260	1
2261	1
2262	1
2263	1
2264	1
2265	1
2266	1
2267	1
2268	1
2269	1
2270	1
2271	1
2272	1
2273	1
2274	1
2275	1
2276	1
2277	1
2278	1
2279	1
2280	1
2281	1
2282	1
2283	1
2284	1
2285	1
2286	1
2287	1
2288	1
2289	1
2290	1
2291	1
2292	1
2293	1
2294	1
2295	1
2296	1
2297	1
2298	1
2299	1
2300	1
2301	1
2302	1
2303	1
2304	1
2305	1
2306	1
2307	1
2308	1
2309	1
2310	1
2311	1
2312	1
2313	1
2314	1
2315	1
2316	1
2317	1
2318	1
2319	1
2320	1
2321	1
2322	1
2323	1
2324	1
2325	1
2326	1
2327	1
2328	1
2329	1
2330	1
2331	1
2332	1
2333	1
2334	1
2335	1
2336	1
2337	1
2338	1
2339	1
2340	1
2341	1
2342	1
2343	1
2344	1
2345	1
2346	1
2347	1
2348	1
2349	1
2350	1
2351	1
2352	1
2353	1
2354	1
2355	1
2356	1
2357	1
2358	1
2359	1
2360	1
2361	1
2362	1
2363	1
2364	1
2365	1
2366	1
2367	1
2368	1
2369	1
2370	1
2371	1
2372	1
2373	1
2374	1
2375	1
2376	1
2377	1
2378	1
2379	1
2380	1
2381	1
2382	1
2383	1
2384	1
2385	1
2386	1
2387	1
2388	1
2389	1
2390	1
2391	1
2392	1
2393	1
2394	1
2395	1
2396	1
2397	1
2398	1
2399	1
2400	1
2401	1
2402	1
2403	1
2404	1
2405	1
2406	1
2407	1
2408	1
2409	1
2410	1
2411	1
2412	1
2413	1
2414	1
2415	1
2416	1
2417	1
2418	1
2419	1
2420	1
2421	1
2422	1
2423	1
2424	1
2425	1
2426	1
2427	1
2428	1
2429	1
2430	1
2431	1
2432	1
2433	1
2434	1
2435	1
2436	1
2437	1
2438	1
2439	1
2440	1
2441	1
2442	1
2443	1
2444	1
2445	1
2446	1
2447	1
2448	1
2449	1
2450	1
2451	1
2452	1
2453	1
2454	1
2455	1
2456	1
2457	1
2458	1
2459	1
2460	1
2461	1
2462	1
2463	1
2464	1
2465	1
2466	1
2467	1
2468	1
2469	1
2470	1
2471	1
2472	1
2473	1
2474	1
2475	1
2476	1
2477	1
2478	1
2479	1
2480	1
2481	1
2482	1
2483	1
2484	1
2485	1
2486	1
2487	1
2488	1
2489	1
2490	1
2491	1
2492	1
2493	1
2494	1
2495	1
2496	1
2497	1
2498	1
2499	1
2500	1
2501	1
2502	1
2503	1
2504	1
2505	1
2506	1
2507	1
2508	1
2509	1
2510	1
2511	1
2512	1
2513	1
2514	1
2515	1
2516	1
2517	1
2518	1
2519	1
2520	1
2521	1
2522	1
2523	1
2524	1
2525	1
2526	1
2527	1
2528	1
2529	1
2530	1
2531	1
2532	1
2533	1
2534	1
2535	1
2536	1
2537	1
2538	1
2539	1
2540	1
2541	1
2542	1
2543	1
2544	1
2545	1
2546	1
2547	1
2548	1
2549	1
2550	1
2551	1
2552	1
2553	1
2554	1
2555	1
2556	1
2557	1
2558	1
2559	1
2560	1
2561	1
2562	1
2563	1
2564	1
2565	1
2566	1
2567	1
2568	1
2569	1
2570	1
2571	1
2572	1
2573	1
2574	1
2575	1
2576	1
2577	1
2578	1
2579	1
2580	1
2581	1
2582	1
2583	1
2584	1
2585	1
2586	1
2587	1
2588	1
2589	1
2590	1
2591	1
2592	1
2593	1
2594	1
2595	1
2596	1
2597	1
2598	1
2599	1
2600	1
2601	1
2602	1
2603	1
2604	1
2605	1
2606	1
2607	1
2608	1
2609	1
2610	1
2611	1
2612	1
2613	1
2614	1
2615	1
2616	1
2617	1
2618	1
2619	1
2620	1
2621	1
2622	1
2623	1
2624	1
2625	1
2626	1
2627	1
2628	1
2629	1
2630	1
2631	1
2632	1
2633	1
2634	1
2635	1
2636	1
2637	1
2638	1
2639	1
2640	1
2641	1
2642	1
2643	1
2644	1
2645	1
2646	1
2647	1
2648	1
2649	1
2650	1
2651	1
2652	1
2653	1
2654	1
2655	1
2656	1
2657	1
2658	1
2659	1
2660	1
2661	1
2662	1
2663	1
2664	1
2665	1
2666	1
2667	1
2668	1
2669	1
2670	1
2671	1
2672	1
2673	1
2674	1
2675	1
2676	1
2677	1
2678	1
2679	1
2680	1
2681	1
2682	1
2683	1
2684	1
2685	1
2686	1
2687	1
2688	1
2689	1
2690	1
2691	1
2692	1
2693	1
2694	1
2695	1
2696	1
2697	1
2698	1
2699	1
2700	1
2701	1
2702	1
2703	1
2704	1
2705	1
2706	1
2707	1
2708	1
2709	1
2710	1
2711	1
2712	1
2713	1
2714	1
2715	1
2716	1
2717	1
2718	1
2719	1
2720	1
2721	1
2722	1
2723	1
2724	1
2725	1
2726	1
2727	1
2728	1
2729	1
2730	1
2731	1
2732	1
2733	1
2734	1
2735	1
2736	1
2737	1
2738	1
2739	1
2740	1
2741	1
2742	1
2743	1
2744	1
2745	1
2746	1
2747	1
2748	1
2749	1
2750	1
2751	1
2752	1
2753	1
2754	1
2755	1
2756	1
2757	1
2758	1
2759	1
2760	1
2761	1
2762	1
2763	1
2764	1
2765	1
2766	1
2767	1
2768	1
2769	1
2770	1
2771	1
2772	1
2773	1
2774	1
2775	1
2776	1
2777	1
2778	1
2779	1
2780	1
2781	1
2782	1
2783	1
2784	1
2785	1
2786	1
2787	1
2788	1
2789	1
2790	1
2791	1
2792	1
2793	1
2794	1
2795	1
2796	1
2797	1
2798	1
2799	1
2800	1
2801	1
2802	1
2803	1
2804	1
2805	1
2806	1
2807	1
2808	1
2809	1
2810	1
2811	1
2812	1
2813	1
2814	1
2815	1
2816	1
2817	1
2818	1
2819	1
2820	1
2821	1
2822	1
2823	1
2824	1
2825	1
2826	1
2827	1
2828	1
2829	1
2830	1
2831	1
2832	1
2833	1
2834	1
2835	1
2836	1
2837	1
2838	1
2839	1
2840	1
2841	1
2842	1
2843	1
2844	1
2845	1
2846	1
2847	1
2848	1
2849	1
2850	1
2851	1
2852	1
2853	1
2854	1
2855	1
2856	1
2857	1
2858	1
2859	1
2860	1
2861	1
2862	1
2863	1
2864	1
2865	1
2866	1
2867	1
2868	1
2869	1
2870	1
2871	1
2872	1
2873	1
2874	1
2875	1
2876	1
2877	1
2878	1
2879	1
2880	1
2881	1
2882	1
2883	1
2884	1
2885	1
2886	1
2887	1
2888	1
2889	1
2890	1
2891	1
2892	1
2893	1
2894	1
2895	1
2896	1
2897	1
2898	1
2899	1
2900	1
2901	1
2902	1
2903	1
2904	1
2905	1
2906	1
2907	1
2908	1
2909	1
2910	1
2911	1
2912	1
2913	1
2914	1
2915	1
2916	1
2917	1
2918	1
2919	1
2920	1
2921	1
2922	1
2923	1
2924	1
2925	1
2926	1
2927	1
2928	1
2929	1
2930	1
2931	1
2932	1
2933	1
2934	1
2935	1
2936	1
2937	1
2938	1
2939	1
2940	1
2941	1
2942	1
2943	1
2944	1
2945	1
2946	1
2947	1
2948	1
2949	1
2950	1
2951	1
2952	1
2953	1
2954	1
2955	1
2956	1
2957	1
2958	1
2959	1
2960	1
2961	1
2962	1
2963	1
2964	1
2965	1
2966	1
2967	1
2968	1
2969	1
2970	1
2971	1
2972	1
2973	1
2974	1
2975	1
2976	1
2977	1
2978	1
2979	1
2980	1
2981	1
2982	1
2983	1
2984	1
2985	1
2986	1
2987	1
2988	1
2989	1
2990	1
2991	1
2992	1
2993	1
2994	1
2995	1
2996	1
2997	1
2998	1
2999	1
3000	1
3001	1
3002	1
3003	1
3004	1
3005	1
3006	1
3007	1
3008	1
3009	1
3010	1
3011	1
3012	1
3013	1
3014	1
3015	1
3016	1
3017	1
3018	1
3019	1
3020	1
3021	1
3022	1
3023	1
3024	1
3025	1
3026	1
3027	1
3028	1
3029	1
3030	1
3031	1
3032	1
3033	1
3034	1
3035	1
3036	1
3037	1
3038	1
3039	1
3040	1
3041	1
3042	1
3043	1
3044	1
3045	1
3046	1
3047	1
3048	1
3049	1
3050	1
3051	1
3052	1
3053	1
3054	1
3055	1
3056	1
3057	1
3058	1
3059	1
3060	1
3061	1
3062	1
3063	1
3064	1
3065	1
3066	1
3067	1
3068	1
3069	1
3070	1
3071	1
3072	1
3073	1
3074	1
3075	1
3076	1
3077	1
3078	1
3079	1
3080	1
3081	1
3082	1
3083	1
3084	1
3085	1
3086	1
3087	1
3088	1
3089	1
3090	1
3091	1
3092	1
3093	1
3094	1
3095	1
3096	1
3097	1
3098	1
3099	1
3100	1
3101	1
3102	1
3103	1
3104	1
3105	1
3106	1
3107	1
3108	1
3109	1
3110	1
3111	1
3112	1
3113	1
3114	1
3115	1
3116	1
3117	1
3118	1
3119	1
3120	1
3121	1
3122	1
3123	1
3124	1
3125	1
3126	1
3127	1
3128	1
3129	1
3130	1
3131	1
3132	1
3133	1
3134	1
3135	1
3136	1
3137	1
3138	1
3139	1
3140	1
3141	1
3142	1
3143	1
3144	1
3145	1
3146	1
3147	1
3148	1
3149	1
3150	1
3151	1
3152	1
3153	1
3154	1
3155	1
3156	1
3157	1
3158	1
3159	1
3160	1
3161	1
3162	1
3163	1
3164	1
3165	1
3166	1
3167	1
3168	1
3169	1
3170	1
3171	1
3172	1
3173	1
3174	1
3175	1
3176	1
3177	1
3178	1
3179	1
3180	1
3181	1
3182	1
3183	1
3184	1
3185	1
3186	1
3187	1
3188	1
3189	1
3190	1
3191	1
3192	1
3193	1
3194	1
3195	1
3196	1
3197	1
3198	1
3199	1
3200	1
3201	1
3202	1
3203	1
3204	1
3205	1
3206	1
3207	1
3208	1
3209	1
3210	1
3211	1
3212	1
3213	1
3214	1
3215	1
3216	1
3217	1
3218	1
3219	1
3220	1
3221	1
3222	1
3223	1
3224	1
3225	1
3226	1
3227	1
3228	1
3229	1
3230	1
3231	1
3232	1
3233	1
3234	1
3235	1
3236	1
3237	1
3238	1
3239	1
3240	1
3241	1
3242	1
3243	1
3244	1
3245	1
3246	1
3247	1
3248	1
3249	1
3250	1
3251	1
3252	1
3253	1
3254	1
3255	1
3256	1
3257	1
3258	1
3259	1
3260	1
3261	1
3262	1
3263	1
3264	1
3265	1
3266	1
3267	1
3268	1
3269	1
3270	1
3271	1
3272	1
3273	1
3274	1
3275	1
3276	1
3277	1
3278	1
3279	1
3280	1
3281	1
3282	1
3283	1
3284	1
3285	1
3286	1
3287	1
3288	1
3289	1
3290	1
3291	1
3292	1
3293	1
3294	1
3295	1
3296	1
3297	1
3298	1
3299	1
3300	1
3301	1
3302	1
3303	1
3304	1
3305	1
3306	1
3307	1
3308	1
3309	1
3310	1
3311	1
3312	1
3313	1
3314	1
3315	1
3316	1
3317	1
3318	1
3319	1
3320	1
3321	1
3322	1
3323	1
3324	1
3325	1
3326	1
3327	1
3328	1
3329	1
3330	1
3331	1
3332	1
3333	1
3334	1
3335	1
3336	1
3337	1
3338	1
3339	1
3340	1
3341	1
3342	1
3343	1
3344	1
3345	1
3346	1
3347	1
3348	1
3349	1
3350	1
3351	1
3352	1
3353	1
3354	1
3355	1
3356	1
3357	1
3358	1
3359	1
3360	1
3361	1
3362	1
3363	1
3364	1
3365	1
3366	1
3367	1
3368	1
3369	1
3370	1
3371	1
3372	1
3373	1
3374	1
3375	1
3376	1
3377	1
3378	1
3379	1
3380	1
3381	1
3382	1
3383	1
3384	1
3385	1
3386	1
3387	1
3388	1
3389	1
3390	1
3391	1
3392	1
3393	1
3394	1
3395	1
3396	1
3397	1
3398	1
3399	1
3400	1
3401	1
3402	1
3403	1
3404	1
3405	1
3406	1
3407	1
3408	1
3409	1
3410	1
3411	1
3412	1
3413	1
3414	1
3415	1
3416	1
3417	1
3418	1
3419	1
3420	1
3421	1
3422	1
3423	1
3424	1
3425	1
3426	1
3427	1
3428	1
3429	1
3430	1
3431	1
3432	1
3433	1
3434	1
3435	1
3436	1
3437	1
3438	1
3439	1
3440	1
3441	1
3442	1
3443	1
3444	1
3445	1
3446	1
3447	1
3448	1
3449	1
3450	1
3451	1
3452	1
3453	1
3454	1
3455	1
3456	1
3457	1
3458	1
3459	1
3460	1
3461	1
3462	1
3463	1
3464	1
3465	1
3466	1
3467	1
3468	1
3469	1
3470	1
3471	1
3472	1
3473	1
3474	1
3475	1
3476	1
3477	1
3478	1
3479	1
3480	1
3481	1
3482	1
3483	1
3484	1
3485	1
3486	1
3487	1
3488	1
3489	1
3490	1
3491	1
3492	1
3493	1
3494	1
3495	1
3496	1
3497	1
3498	1
3499	1
3500	1
3501	1
3502	1
3503	1
3504	1
3505	1
3506	1
3507	1
3508	1
3509	1
3510	1
3511	1
3512	1
3513	1
3514	1
3515	1
3516	1
3517	1
3518	1
3519	1
3520	1
3521	1
3522	1
3523	1
3524	1
3525	1
3526	1
3527	1
3528	1
3529	1
3530	1
3531	1
3532	1
3533	1
3534	1
3535	1
3536	1
3537	1
3538	1
3539	1
3540	1
3541	1
3542	1
3543	1
3544	1
3545	1
3546	1
3547	1
3548	1
3549	1
3550	1
3551	1
3552	1
3553	1
3554	1
3555	1
3556	1
3557	1
3558	1
3559	1
3560	1
3561	1
3562	1
3563	1
3564	1
3565	1
3566	1
3567	1
3568	1
3569	1
3570	1
3571	1
3572	1
3573	1
3574	1
3575	1
3576	1
3577	1
3578	1
3579	1
3580	1
3581	1
3582	1
3583	1
3584	1
3585	1
3586	1
3587	1
3588	1
3589	1
3590	1
3591	1
3592	1
3593	1
3594	1
3595	1
3596	1
3597	1
3598	1
3599	1
3600	1
3601	1
3602	1
3603	1
3604	1
3605	1
3606	1
3607	1
3608	1
3609	1
3610	1
3611	1
3612	1
3613	1
3614	1
3615	1
3616	1
3617	1
3618	1
3619	1
3620	1
3621	1
3622	1
3623	1
3624	1
3625	1
3626	1
3627	1
3628	1
3629	1
3630	1
3631	1
3632	1
3633	1
3634	1
3635	1
3636	1
3637	1
3638	1
3639	1
3640	1
3641	1
3642	1
3643	1
3644	1
3645	1
3646	1
3647	1
3648	1
3649	1
3650	1
3651	1
3652	1
3653	1
3654	1
3655	1
3656	1
3657	1
3658	1
3659	1
3660	1
3661	1
3662	1
3663	1
3664	1
3665	1
3666	1
3667	1
3668	1
3669	1
3670	1
3671	1
3672	1
3673	1
3674	1
3675	1
3676	1
3677	1
3678	1
3679	1
3680	1
3681	1
3682	1
3683	1
3684	1
3685	1
3686	1
3687	1
3688	1
3689	1
3690	1
3691	1
3692	1
3693	1
3694	1
3695	1
3696	1
3697	1
3698	1
3699	1
3700	1
3701	1
3702	1
3703	1
3704	1
3705	1
3706	1
3707	1
3708	1
3709	1
3710	1
3711	1
3712	1
3713	1
3714	1
3715	1
3716	1
3717	1
3718	1
3719	1
3720	1
3721	1
3722	1
3723	1
3724	1
3725	1
3726	1
3727	1
3728	1
3729	1
3730	1
3731	1
3732	1
3733	1
3734	1
3735	1
3736	1
3737	1
3738	1
3739	1
3740	1
3741	1
3742	1
3743	1
3744	1
3745	1
3746	1
3747	1
3748	1
3749	1
3750	1
3751	1
3752	1
3753	1
3754	1
3755	1
3756	1
3757	1
3758	1
3759	1
3760	1
3761	1
3762	1
3763	1
3764	1
3765	1
3766	1
3767	1
3768	1
3769	1
3770	1
3771	1
3772	1
3773	1
3774	1
3775	1
3776	1
3777	1
3778	1
3779	1
3780	1
3781	1
3782	1
3783	1
3784	1
3785	1
3786	1
3787	1
3788	1
3789	1
3790	1
3791	1
3792	1
3793	1
3794	1
3795	1
3796	1
3797	1
3798	1
3799	1
3800	1
3801	1
3802	1
3803	1
3804	1
3805	1
3806	1
3807	1
3808	1
3809	1
3810	1
3811	1
3812	1
3813	1
3814	1
3815	1
3816	1
3817	1
3818	1
3819	1
3820	1
3821	1
3822	1
3823	1
3824	1
3825	1
3826	1
3827	1
3828	1
3829	1
3830	1
3831	1
3832	1
3833	1
3834	1
3835	1
3836	1
3837	1
3838	1
3839	1
3840	1
3841	1
3842	1
3843	1
3844	1
3845	1
3846	1
3847	1
3848	1
3849	1
3850	1
3851	1
3852	1
3853	1
3854	1
3855	1
3856	1
3857	1
3858	1
3859	1
3860	1
3861	1
3862	1
3863	1
3864	1
3865	1
3866	1
3867	1
3868	1
3869	1
3870	1
3871	1
3872	1
3873	1
3874	1
3875	1
3876	1
3877	1
3878	1
3879	1
3880	1
3881	1
3882	1
3883	1
3884	1
3885	1
3886	1
3887	1
3888	1
3889	1
3890	1
3891	1
3892	1
3893	1
3894	1
3895	1
3896	1
3897	1
3898	1
3899	1
3900	1
3901	1
3902	1
3903	1
3904	1
3905	1
3906	1
3907	1
3908	1
3909	1
3910	1
3911	1
3912	1
3913	1
3914	1
3915	1
3916	1
3917	1
3918	1
3919	1
3920	1
3921	1
3922	1
3923	1
3924	1
3925	1
3926	1
3927	1
3928	1
3929	1
3930	1
3931	1
3932	1
3933	1
3934	1
3935	1
3936	1
3937	1
3938	1
3939	1
3940	1
3941	1
3942	1
3943	1
3944	1
3945	1
3946	1
3947	1
3948	1
3949	1
3950	1
3951	1
3952	1
3953	1
3954	1
3955	1
3956	1
3957	1
3958	1
3959	1
3960	1
3961	1
3962	1
3963	1
3964	1
3965	1
3966	1
3967	1
3968	1
3969	1
3970	1
3971	1
3972	1
3973	1
3974	1
3975	1
3976	1
3977	1
3978	1
3979	1
3980	1
3981	1
3982	1
3983	1
3984	1
3985	1
3986	1
3987	1
3988	1
3989	1
3990	1
3991	1
3992	1
3993	1
3994	1
3995	1
3996	1
3997	1
3998	1
3999	1
4000	1
4001	1
4002	1
4003	1
4004	1
4005	1
4006	1
4007	1
4008	1
4009	1
4010	1
4011	1
4012	1
4013	1
4014	1
4015	1
4016	1
4017	1
4018	1
4019	1
4020	1
4021	1
4022	1
4023	1
4024	1
4025	1
4026	1
4027	1
4028	1
4029	1
4030	1
4031	1
4032	1
4033	1
4034	1
4035	1
4036	1
4037	1
4038	1
4039	1
4040	1
4041	1
4042	1
4043	1
4044	1
4045	1
4046	1
4047	1
4048	1
4049	1
4050	1
4051	1
4052	1
4053	1
4054	1
4055	1
4056	1
4057	1
4058	1
4059	1
4060	1
4061	1
4062	1
4063	1
4064	1
4065	1
4066	1
4067	1
4068	1
4069	1
4070	1
4071	1
4072	1
4073	1
4074	1
4075	1
4076	1
4077	1
4078	1
4079	1
4080	1
4081	1
4082	1
4083	1
4084	1
4085	1
4086	1
4087	1
4088	1
4089	1
4090	1
4091	1
4092	1
4093	1
4094	1
4095	1
4096	1
4097	1
4098	1
4099	1
4100	1
4101	1
4102	1
4103	1
4104	1
4105	1
4106	1
4107	1
4108	1
4109	1
4110	1
4111	1
4112	1
4113	1
4114	1
4115	1
4116	1
4117	1
4118	1
4119	1
4120	1
4121	1
4122	1
4123	1
4124	1
4125	1
4126	1
4127	1
4128	1
4129	1
4130	1
4131	1
4132	1
4133	1
4134	1
4135	1
4136	1
4137	1
4138	1
4139	1
4140	1
4141	1
4142	1
4143	1
4144	1
4145	1
4146	1
4147	1
4148	1
4149	1
4150	1
4151	1
4152	1
4153	1
4154	1
4155	1
4156	1
4157	1
4158	1
4159	1
4160	1
4161	1
4162	1
4163	1
4164	1
4165	1
4166	1
4167	1
4168	1
4169	1
4170	1
4171	1
4172	1
4173	1
4174	1
4175	1
4176	1
4177	1
4178	1
4179	1
4180	1
4181	1
4182	1
4183	1
4184	1
4185	1
4186	1
4187	1
4188	1
4189	1
4190	1
4191	1
4192	1
4193	1
4194	1
4195	1
4196	1
4197	1
4198	1
4199	1
4200	1
4201	1
4202	1
4203	1
4204	1
4205	1
4206	1
4207	1
4208	1
4209	1
4210	1
4211	1
4212	1
4213	1
4214	1
4215	1
4216	1
4217	1
4218	1
4219	1
4220	1
4221	1
4222	1
4223	1
4224	1
4225	1
4226	1
4227	1
4228	1
4229	1
4230	1
4231	1
4232	1
4233	1
4234	1
4235	1
4236	1
4237	1
4238	1
4239	1
4240	1
4241	1
4242	1
4243	1
4244	1
4245	1
4246	1
4247	1
4248	1
4249	1
4250	1
4251	1
4252	1
4253	1
4254	1
4255	1
4256	1
4257	1
4258	1
4259	1
4260	1
4261	1
4262	1
4263	1
4264	1
4265	1
4266	1
4267	1
4268	1
4269	1
4270	1
4271	1
4272	1
4273	1
4274	1
4275	1
4276	1
4277	1
4278	1
4279	1
4280	1
4281	1
4282	1
4283	1
4284	1
4285	1
4286	1
4287	1
4288	1
4289	1
4290	1
4291	1
4292	1
4293	1
4294	1
4295	1
4296	1
4297	1
4298	1
4299	1
4300	1
4301	1
4302	1
4303	1
4304	1
4305	1
4306	1
4307	1
4308	1
4309	1
4310	1
4311	1
4312	1
4313	1
4314	1
4315	1
4316	1
4317	1
4318	1
4319	1
4320	1
4321	1
4322	1
4323	1
4324	1
4325	1
4326	1
4327	1
4328	1
4329	1
4330	1
4331	1
4332	1
4333	1
4334	1
4335	1
4336	1
4337	1
4338	1
4339	1
4340	1
4341	1
4342	1
4343	1
4344	1
4345	1
4346	1
4347	1
4348	1
4349	1
4350	1
4351	1
4352	1
4353	1
4354	1
4355	1
4356	1
4357	1
4358	1
4359	1
4360	1
4361	1
4362	1
4363	1
4364	1
4365	1
4366	1
4367	1
4368	1
4369	1
4370	1
4371	1
4372	1
4373	1
4374	1
4375	1
4376	1
4377	1
4378	1
4379	1
4380	1
4381	1
4382	1
4383	1
4384	1
4385	1
4386	1
4387	1
4388	1
4389	1
4390	1
4391	1
4392	1
4393	1
4394	1
4395	1
4396	1
4397	1
4398	1
4399	1
4400	1
4401	1
4402	1
4403	1
4404	1
4405	1
4406	1
4407	1
4408	1
4409	1
4410	1
4411	1
4412	1
4413	1
4414	1
4415	1
4416	1
4417	1
4418	1
4419	1
4420	1
4421	1
4422	1
4423	1
4424	1
4425	1
4426	1
4427	1
4428	1
4429	1
4430	1
4431	1
4432	1
4433	1
4434	1
4435	1
4436	1
4437	1
4438	1
4439	1
4440	1
4441	1
4442	1
4443	1
4444	1
4445	1
4446	1
4447	1
4448	1
4449	1
4450	1
4451	1
4452	1
4453	1
4454	1
4455	1
4456	1
4457	1
4458	1
4459	1
4460	1
4461	1
4462	1
4463	1
4464	1
4465	1
4466	1
4467	1
4468	1
4469	1
4470	1
4471	1
4472	1
4473	1
4474	1
4475	1
4476	1
4477	1
4478	1
4479	1
4480	1
4481	1
4482	1
4483	1
4484	1
4485	1
4486	1
4487	1
4488	1
4489	1
4490	1
4491	1
4492	1
4493	1
4494	1
4495	1
4496	1
4497	1
4498	1
4499	1
4500	1
4501	1
4502	1
4503	1
4504	1
4505	1
4506	1
4507	1
4508	1
4509	1
4510	1
4511	1
4512	1
4513	1
4514	1
4515	1
4516	1
4517	1
4518	1
4519	1
4520	1
4521	1
4522	1
4523	1
4524	1
4525	1
4526	1
4527	1
4528	1
4529	1
4530	1
4531	1
4532	1
4533	1
4534	1
4535	1
4536	1
4537	1
4538	1
4539	1
4540	1
4541	1
4542	1
4543	1
4544	1
4545	1
4546	1
4547	1
4548	1
4549	1
4550	1
4551	1
4552	1
4553	1
4554	1
4555	1
4556	1
4557	1
4558	1
4559	1
4560	1
4561	1
4562	1
4563	1
4564	1
4565	1
4566	1
4567	1
4568	1
4569	1
4570	1
4571	1
4572	1
4573	1
4574	1
4575	1
4576	1
4577	1
4578	1
4579	1
4580	1
4581	1
4582	1
4583	1
4584	1
4585	1
4586	1
4587	1
4588	1
4589	1
4590	1
4591	1
4592	1
4593	1
4594	1
4595	1
4596	1
4597	1
4598	1
4599	1
4600	1
4601	1
4602	1
4603	1
4604	1
4605	1
4606	1
4607	1
4608	1
4609	1
4610	1
4611	1
4612	1
4613	1
4614	1
4615	1
4616	1
4617	1
4618	1
4619	1
4620	1
4621	1
4622	1
4623	1
4624	1
4625	1
4626	1
4627	1
4628	1
4629	1
4630	1
4631	1
4632	1
4633	1
4634	1
4635	1
4636	1
4637	1
4638	1
4639	1
4640	1
4641	1
4642	1
4643	1
4644	1
4645	1
4646	1
4647	1
4648	1
4649	1
4650	1
4651	1
4652	1
4653	1
4654	1
4655	1
4656	1
4657	1
4658	1
4659	1
4660	1
4661	1
4662	1
4663	1
4664	1
4665	1
4666	1
4667	1
4668	1
4669	1
4670	1
4671	1
4672	1
4673	1
4674	1
4675	1
4676	1
4677	1
4678	1
4679	1
4680	1
4681	1
4682	1
4683	1
4684	1
4685	1
4686	1
4687	1
4688	1
4689	1
4690	1
4691	1
4692	1
4693	1
4694	1
4695	1
4696	1
4697	1
4698	1
4699	1
4700	1
4701	1
4702	1
4703	1
4704	1
4705	1
4706	1
4707	1
4708	1
4709	1
4710	1
4711	1
4712	1
4713	1
4714	1
4715	1
4716	1
4717	1
4718	1
4719	1
4720	1
4721	1
4722	1
4723	1
4724	1
4725	1
4726	1
4727	1
4728	1
4729	1
4730	1
4731	1
4732	1
4733	1
4734	1
4735	1
4736	1
4737	1
4738	1
4739	1
4740	1
4741	1
4742	1
4743	1
4744	1
4745	1
4746	1
4747	1
4748	1
4749	1
4750	1
4751	1
4752	1
4753	1
4754	1
4755	1
4756	1
4757	1
4758	1
4759	1
4760	1
4761	1
4762	1
4763	1
4764	1
4765	1
4766	1
4767	1
4768	1
4769	1
4770	1
4771	1
4772	1
4773	1
4774	1
4775	1
4776	1
4777	1
4778	1
4779	1
4780	1
4781	1
4782	1
4783	1
4784	1
4785	1
4786	1
4787	1
4788	1
4789	1
4790	1
4791	1
4792	1
4793	1
4794	1
4795	1
4796	1
4797	1
4798	1
4799	1
4800	1
4801	1
4802	1
4803	1
4804	1
4805	1
4806	1
4807	1
4808	1
4809	1
4810	1
4811	1
4812	1
4813	1
4814	1
4815	1
4816	1
4817	1
4818	1
4819	1
4820	1
4821	1
4822	1
4823	1
4824	1
4825	1
4826	1
4827	1
4828	1
4829	1
4830	1
4831	1
4832	1
4833	1
4834	1
4835	1
4836	1
4837	1
4838	1
4839	1
4840	1
4841	1
4842	1
4843	1
4844	1
4845	1
4846	1
4847	1
4848	1
4849	1
4850	1
4851	1
4852	1
4853	1
4854	1
4855	1
4856	1
4857	1
4858	1
4859	1
4860	1
4861	1
4862	1
4863	1
4864	1
4865	1
4866	1
4867	1
4868	1
4869	1
4870	1
4871	1
4872	1
4873	1
4874	1
4875	1
4876	1
4877	1
4878	1
4879	1
4880	1
4881	1
4882	1
4883	1
4884	1
4885	1
4886	1
4887	1
4888	1
4889	1
4890	1
4891	1
4892	1
4893	1
4894	1
4895	1
4896	1
4897	1
4898	1
4899	1
4900	1
4901	1
4902	1
4903	1
4904	1
4905	1
4906	1
4907	1
4908	1
4909	1
4910	1
4911	1
4912	1
4913	1
4914	1
4915	1
4916	1
4917	1
4918	1
4919	1
4920	1
4921	1
4922	1
4923	1
4924	1
4925	1
4926	1
4927	1
4928	1
4929	1
4930	1
4931	1
4932	1
4933	1
4934	1
4935	1
4936	1
4937	1
4938	1
4939	1
4940	1
4941	1
4942	1
4943	1
4944	1
4945	1
4946	1
4947	1
4948	1
4949	1
4950	1
4951	1
4952	1
4953	1
4954	1
4955	1
4956	1
4957	1
4958	1
4959	1
4960	1
4961	1
4962	1
4963	1
4964	1
4965	1
4966	1
4967	1
4968	1
4969	1
4970	1
4971	1
4972	1
4973	1
4974	1
4975	1
4976	1
4977	1
4978	1
4979	1
4980	1
4981	1
4982	1
4983	1
4984	1
4985	1
4986	1
4987	1
4988	1
4989	1
4990	1
4991	1
4992	1
4993	1
4994	1
4995	1
4996	1
4997	1
4998	1
4999	1
