0	88890	
0	88868	
0	89139	
0	89097	
0	88704	
0	88999	
0	88779	
0	88709	
0	88614	
0	88946	
0	88847	
0	88747	
0	88792	
0	88831	
0	89078	
0	88941	
0	88580	
0	88707	
0	89237	
0	89251	
0	88777	
0	88550	
0	88940	
0	88589	
0	88911	
0	88669	
0	88571	
0	88445	
0	88836	
0	88500	
0	89132	
0	89166	
0	88523	
0	88734	
0	88372	
0	88925	
0	88990	
0	88842	
0	89171	
0	88317	
0	88795	
0	89185	
0	89286	
0	88939	
0	89048	
0	89285	
0	88863	
0	88742	
0	88572	
0	89533	
0	88544	
0	89025	
0	88956	
0	88728	
0	89425	
0	88669	
0	88914	
0	89348	
0	89252	
0	88723	
0	88909	
0	88074	
0	88594	
0	88267	
0	88950	
0	89008	
0	88995	
0	88890	
0	88752	
0	88496	
0	88845	
0	88548	
0	89380	
0	88976	
0	88534	
0	89067	
0	88631	
0	88913	
0	88857	
0	88066	
0	89109	
0	88873	
0	88365	
0	88885	
0	88728	
0	88603	
0	88800	
0	89068	
0	88653	
0	89136	
0	88907	
0	88909	
0	88758	
0	88688	
0	89195	
0	88509	
0	89189	
0	88413	
0	88887	
0	88683	
0	88979	
0	88402	
0	88880	
0	88664	
0	89045	
0	88842	
0	89173	
0	88960	
0	89178	
0	88603	
0	88429	
0	88538	
0	88817	
0	88791	
0	88032	
0	88924	
0	89170	
0	88881	
0	88382	
0	88410	
0	89010	
0	88921	
0	88891	
0	89062	
0	88798	
0	88897	
0	89039	
0	88646	
0	89057	
0	88501	
0	88432	
0	89170	
0	88732	
0	88747	
0	89356	
0	88817	
0	88978	
0	88995	
0	88537	
0	89074	
0	89109	
0	88490	
0	89044	
0	88573	
0	88631	
0	89284	
0	88922	
0	88994	
0	88900	
0	89456	
0	89413	
0	88882	
0	88885	
0	88975	
0	88740	
0	88752	
0	88713	
0	88891	
0	89422	
0	88745	
0	89194	
0	88472	
0	89244	
0	89082	
0	88848	
0	88957	
0	88946	
0	88549	
0	88943	
0	89002	
0	89181	
0	88742	
0	89021	
0	88824	
0	88585	
0	89397	
0	88851	
0	89246	
0	88646	
0	88795	
0	89003	
0	89476	
0	88633	
0	88746	
0	88655	
0	88608	
0	88726	
0	88580	
0	88418	
0	88582	
0	88639	
0	88651	
0	88933	
0	88562	
0	88783	
0	88635	
0	88949	
0	88731	
0	89060	
0	88776	
0	89421	
0	89610	
0	89306	
0	88488	
0	89124	
0	88605	
0	88591	
0	89000	
0	88464	
0	88743	
0	88630	
0	89260	
0	88747	
0	89561	
0	88613	
0	88567	
0	89356	
0	89219	
0	88776	
0	88937	
0	89330	
0	88880	
0	89163	
0	88510	
0	88944	
0	89198	
0	88996	
0	88898	
0	88874	
0	88793	
0	88617	
0	88636	
0	88861	
0	88836	
0	89100	
0	88699	
0	89164	
0	89542	
0	88772	
0	89161	
0	89042	
0	88991	
0	88812	
0	89126	
0	88564	
0	88577	
0	89002	
0	88500	
0	89393	
0	88753	
0	88627	
0	88985	
0	88688	
0	88963	
0	88257	
0	89033	
0	88966	
0	88951	
0	88643	
0	89356	
0	89054	
0	88845	
0	88343	
0	88990	
0	88966	
0	88843	
0	88793	
0	89042	
0	89017	
0	89370	
0	88562	
0	88171	
0	88740	
0	88778	
0	88815	
0	89010	
0	88641	
0	88948	
0	89300	
0	88646	
0	88458	
0	89143	
0	88737	
0	88809	
0	88513	
0	88655	
0	88568	
0	88623	
0	88888	
0	88815	
0	89073	
0	88841	
0	88789	
0	88290	
0	88171	
0	88323	
0	88517	
0	89202	
0	88536	
0	88808	
0	88878	
0	89198	
0	88970	
0	89064	
0	89007	
0	88884	
0	89260	
0	88688	
0	89150	
0	89164	
0	88885	
0	89272	
0	89072	
0	88978	
0	89134	
0	88762	
0	89096	
0	88581	
0	88714	
0	88397	
0	88817	
0	88888	
0	89093	
0	89105	
0	89127	
0	88706	
0	88651	
0	88892	
0	88699	
0	89088	
0	89438	
0	88553	
0	88904	
0	89336	
0	88981	
0	88855	
0	89374	
0	89142	
0	88999	
0	88878	
0	88606	
0	88810	
0	88974	
0	89187	
0	88940	
0	89156	
0	89318	
0	88982	
0	88868	
0	88984	
0	88749	
0	88343	
0	88708	
0	89099	
0	89120	
0	88503	
0	89194	
0	89037	
0	88845	
0	89351	
0	88303	
0	88916	
0	89259	
0	89045	
0	89272	
0	88750	
0	89044	
0	88650	
0	89130	
0	88877	
0	89427	
0	88637	
0	89515	
0	88621	
0	89649	
0	89143	
0	89133	
0	88806	
0	88971	
0	88780	
0	89581	
0	88970	
0	88950	
0	88842	
0	88865	
0	88582	
0	88611	
0	88915	
0	89165	
0	88900	
0	88488	
0	89077	
0	89322	
0	88943	
0	88826	
0	89618	
0	88408	
0	88672	
0	89241	
0	88785	
0	88771	
0	88591	
0	88588	
0	88683	
0	88874	
0	88297	
0	89034	
0	88498	
0	88865	
0	88501	
0	88842	
0	88837	
0	88733	
0	89333	
0	88826	
0	88517	
0	88825	
0	88821	
0	88863	
0	88938	
0	88989	
0	89012	
0	89188	
0	89073	
0	88950	
0	88936	
0	88734	
0	88550	
0	88912	
0	88977	
0	89062	
0	89163	
0	89206	
0	88564	
0	88770	
0	89364	
0	89107	
0	88915	
0	89188	
0	88684	
0	88931	
0	88927	
0	89349	
0	88983	
0	88600	
0	88642	
0	88556	
0	89112	
0	88925	
0	89177	
0	88697	
0	89143	
0	89102	
0	88597	
0	88597	
0	88658	
0	88879	
0	89561	
0	88991	
0	88813	
0	89077	
0	88727	
0	88554	
0	88672	
0	88663	
0	88558	
0	89382	
0	89187	
0	88712	
0	88770	
0	88945	
0	89127	
0	88493	
0	88664	
0	89321	
0	88861	
0	88538	
0	89112	
0	88978	
0	89462	
0	89213	
0	88987	
0	88780	
0	89205	
0	88907	
0	89347	
0	89336	
0	89028	
0	89062	
0	89079	
0	88776	
0	89162	
0	89326	
0	89162	
0	88689	
0	88809	
0	89294	
0	89209	
0	89175	
0	88774	
0	88729	
0	88503	
0	89222	
0	88877	
0	88372	
0	89141	
0	89100	
0	89562	
0	88990	
0	88670	
0	89379	
0	88913	
0	88700	
0	89193	
0	89358	
0	88867	
0	89434	
0	88669	
0	89061	
0	89200	
0	88760	
0	88786	
0	89178	
0	89404	
0	89185	
0	88724	
0	88952	
0	89091	
0	88754	
0	89429	
0	89208	
0	89106	
0	88513	
0	88808	
0	88768	
0	88173	
0	89009	
0	88535	
0	88846	
0	88600	
0	89275	
0	89211	
0	89013	
0	88966	
0	89207	
0	87894	
0	88749	
0	89522	
0	88577	
0	88607	
0	89194	
0	88542	
0	88923	
0	88405	
0	89216	
0	88955	
0	89021	
0	89198	
0	88932	
0	89297	
0	88783	
0	88800	
0	89525	
0	88913	
0	89021	
0	88421	
0	88759	
0	88784	
0	88867	
0	88934	
0	89067	
0	88851	
0	89001	
0	88716	
0	88590	
0	88700	
0	88932	
0	89177	
0	89107	
0	89019	
0	88944	
0	89092	
0	88810	
0	88896	
0	89009	
0	88991	
0	89010	
0	88721	
0	88454	
0	88587	
0	88881	
0	89019	
0	88196	
0	89091	
0	88683	
0	88871	
0	88690	
0	88819	
0	88612	
0	88996	
0	88994	
0	89207	
0	88883	
0	88584	
0	88769	
0	88499	
0	88709	
0	88898	
0	88647	
0	88853	
0	88940	
0	88170	
0	88685	
0	88339	
0	89461	
0	88730	
0	88950	
0	88583	
0	89381	
0	89138	
0	88267	
0	89026	
0	88810	
0	89071	
0	89013	
0	88817	
0	89241	
0	88815	
0	88737	
0	89073	
0	89100	
0	89450	
0	89067	
0	89369	
0	89160	
0	88885	
0	88942	
0	88771	
0	88999	
0	89153	
0	89428	
0	88921	
0	88845	
0	89067	
0	88858	
0	88806	
0	88970	
0	88832	
0	88699	
0	88429	
0	89011	
0	88699	
0	89143	
0	89185	
0	89093	
0	88947	
0	88868	
0	89007	
0	88856	
0	88797	
0	89073	
0	88782	
0	88617	
0	88346	
0	89123	
0	88759	
0	89019	
0	88614	
0	89300	
0	89032	
0	88840	
0	88744	
0	89058	
0	89124	
0	89078	
0	88364	
0	88330	
0	89121	
0	88636	
0	88899	
0	88826	
0	88633	
0	88525	
0	88439	
0	88791	
0	88781	
0	88883	
0	88214	
0	89238	
0	89526	
0	89252	
0	89036	
0	88977	
0	88654	
0	88738	
0	88474	
0	89050	
0	88911	
0	88746	
0	88837	
0	89208	
0	89010	
0	88848	
0	88916	
0	89004	
0	89218	
0	88924	
0	89075	
0	89003	
0	88858	
0	89570	
0	89411	
0	89111	
0	88412	
0	88505	
0	88977	
0	88696	
0	88804	
0	88770	
0	89060	
0	89021	
0	88198	
0	88567	
0	88890	
0	89037	
0	89309	
0	89239	
0	88583	
0	89388	
0	88888	
0	89046	
0	88463	
0	88547	
0	89085	
0	88840	
0	88570	
0	88243	
0	89171	
0	89230	
0	89144	
0	89036	
0	88804	
0	88795	
0	88851	
0	89114	
0	89078	
0	89140	
0	88806	
0	89185	
0	88983	
0	88796	
0	89334	
0	88487	
0	88849	
0	89044	
0	88945	
0	89097	
0	89046	
0	88876	
0	89168	
0	87870	
0	88847	
0	89416	
0	89192	
0	88716	
0	88908	
0	88413	
0	88896	
0	89273	
0	88788	
0	89112	
0	89181	
0	88905	
0	89484	
0	89253	
0	88950	
0	89011	
0	88701	
0	88109	
0	89353	
0	88767	
0	89332	
0	88718	
0	88768	
0	88785	
0	88509	
0	88966	
0	88566	
0	89263	
0	88813	
0	88880	
0	88256	
0	89161	
0	88711	
0	89267	
0	88640	
0	88894	
0	88791	
0	89801	
0	89167	
0	89245	
0	88784	
0	89157	
0	88955	
0	88817	
0	89150	
0	89097	
0	89343	
0	88849	
0	88434	
0	89241	
0	89258	
0	88998	
0	88997	
0	89068	
0	88809	
0	88841	
0	88523	
0	88927	
0	88404	
0	89182	
0	89205	
0	89082	
0	89175	
0	88519	
0	88894	
0	88840	
0	88385	
0	89090	
0	88533	
0	89250	
0	89142	
0	88506	
0	88965	
0	89839	
0	88832	
0	88352	
0	88826	
0	88736	
0	88675	
0	88798	
0	89048	
0	88570	
0	89159	
0	89424	
0	89066	
0	88216	
0	88801	
0	89009	
0	88840	
0	88235	
0	88950	
0	88925	
0	89478	
0	88884	
0	89158	
0	88925	
0	88574	
0	89065	
0	89061	
0	88307	
0	88560	
0	89005	
0	88731	
0	88832	
0	88709	
0	89179	
0	88786	
0	88424	
0	89104	
0	88715	
0	89117	
0	89042	
0	88708	
0	88974	
0	89773	
0	88708	
0	89029	
0	89048	
0	89031	
0	89445	
0	88456	
0	88597	
0	88957	
0	88659	
0	88736	
0	88908	
0	89010	
0	89036	
0	89067	
0	88888	
0	88827	
0	88700	
0	88882	
0	89236	
0	88910	
0	89137	
0	88203	
0	89253	
0	89084	
0	88797	
0	88764	
0	88929	
0	88843	
0	88661	
0	88941	
0	89318	
0	89186	
0	89265	
0	88971	
0	88945	
0	89114	
0	88982	
0	88996	
0	89184	
0	88732	
0	88915	
0	89455	
0	88577	
0	89083	
0	88344	
0	88907	
0	89266	
0	88619	
0	88888	
0	88155	
0	89460	
0	88821	
0	88694	
0	88491	
0	88532	
0	88715	
0	88771	
0	89351	
0	89180	
0	88589	
0	89229	
0	89019	
0	88974	
0	88889	
0	89098	
0	89085	
0	88361	
0	88663	
0	88906	
0	88638	
0	88822	
0	88758	
0	89039	
0	89105	
0	88423	
0	89291	
0	89441	
0	89157	
0	88670	
0	89122	
0	88846	
0	88690	
0	88662	
0	89275	
0	89040	
0	89272	
0	88815	
0	88844	
0	88713	
0	88885	
0	89571	
0	89031	
0	89145	
0	89012	
0	89198	
0	88918	
0	88709	
0	89443	
0	88982	
0	88899	
0	89349	
0	88490	
0	88619	
0	88726	
0	88496	
0	89204	
0	88706	
0	89332	
0	89272	
0	88861	
0	89183	
0	88446	
0	88950	
0	89045	
0	88887	
0	89401	
0	88752	
0	89228	
0	88648	
0	89121	
0	89367	
0	88945	
0	88783	
0	89210	
0	88632	
0	89023	
0	88739	
0	89017	
0	88802	
0	88984	
0	88887	
0	88530	
0	89201	
0	89042	
0	89055	
0	88136	
0	88981	
0	89203	
0	89201	
0	89075	
0	88959	
0	88614	
0	88604	
0	88994	
0	89074	
0	88680	
0	88895	
0	88730	
0	88759	
0	89475	
0	88598	
0	88636	
0	89104	
0	89253	
0	88275	
0	89070	
0	88845	
0	88509	
0	89000	
0	88903	
0	88781	
0	89093	
0	88964	
0	88454	
0	88901	
0	88492	
0	88835	
0	88588	
0	89178	
0	88783	
0	88956	
0	88746	
0	88754	
0	88795	
0	88885	
0	89709	
0	89004	
0	88938	
0	89022	
0	88872	
0	88910	
0	89199	
0	88779	
0	89534	
0	88735	
0	88340	
0	89249	
0	88742	
0	88796	
0	88752	
0	88653	
0	89011	
0	88830	
0	88834	
0	89010	
0	88905	
0	89065	
0	88596	
0	88774	
0	88534	
0	89018	
0	88790	
0	88143	
0	88979	
0	89178	
0	88602	
0	88874	
0	89144	
0	89222	
0	88558	
0	89077	
0	88981	
0	88842	
0	89104	
0	89216	
0	88685	
0	88943	
0	89008	
0	89106	
0	89037	
0	88695	
0	88989	
0	88957	
0	88952	
0	89129	
0	88920	
0	88724	
0	89161	
0	88759	
0	88877	
0	88681	
0	89068	
0	88681	
0	88762	
0	88764	
0	88718	
0	88914	
0	89507	
0	88842	
0	89247	
0	89225	
0	89082	
0	89264	
0	88740	
0	89033	
0	88314	
0	88921	
0	88337	
0	88375	
0	89349	
0	89207	
0	88918	
0	89097	
0	88886	
0	88626	
0	88300	
0	89060	
0	89206	
0	89180	
0	88656	
0	88637	
0	89106	
0	88571	
0	89332	
0	88717	
0	88266	
0	88957	
0	88490	
0	88586	
0	88780	
0	88816	
0	88741	
0	89046	
0	88781	
0	89075	
0	89178	
0	88809	
0	88859	
0	89190	
0	89069	
0	88810	
0	88717	
0	89080	
0	89008	
0	89416	
0	88806	
0	88861	
0	88959	
0	88715	
0	88642	
0	88994	
0	88825	
0	89150	
0	89382	
0	88986	
0	88892	
0	88885	
0	88915	
0	88672	
0	88730	
0	88679	
0	88586	
0	89013	
0	89619	
0	88976	
0	88774	
0	88802	
0	89226	
0	89080	
0	89263	
0	88481	
0	88786	
0	88273	
0	88557	
0	88538	
0	89405	
0	88965	
0	88945	
0	89008	
0	88792	
0	89134	
0	88776	
0	89216	
0	88591	
0	88834	
0	88857	
0	88981	
0	89029	
0	89261	
0	88263	
0	88573	
0	89170	
0	88843	
0	89127	
0	88435	
0	89175	
0	88876	
0	88663	
0	88945	
0	88918	
0	88475	
0	88806	
0	89266	
0	88612	
0	88653	
0	89138	
0	88812	
0	88710	
0	88902	
0	88988	
0	88868	
0	88707	
0	88804	
0	88936	
0	88907	
0	88757	
0	88795	
0	89004	
0	89105	
0	88642	
0	88959	
0	88872	
0	89005	
0	88670	
0	89073	
0	88869	
0	89351	
0	88858	
0	88551	
0	88776	
0	88621	
0	88396	
0	88471	
0	88952	
0	89063	
0	89246	
0	88913	
0	89014	
0	89242	
0	89260	
0	88906	
0	89307	
0	88392	
0	88856	
0	88556	
0	88646	
0	89090	
0	88669	
0	88837	
0	88574	
0	89478	
0	88707	
0	88732	
0	88921	
0	89146	
0	89202	
0	88931	
0	88997	
0	89109	
0	89302	
0	88716	
0	88853	
0	88732	
0	88822	
0	88718	
0	88603	
0	88557	
0	88899	
0	88780	
0	88662	
0	88634	
0	88388	
0	89058	
0	89489	
0	88728	
0	88664	
0	88692	
0	89393	
0	88760	
0	89090	
0	89074	
0	88788	
0	89093	
0	88757	
0	88784	
0	88565	
0	88644	
0	88864	
0	88972	
0	89526	
0	88987	
0	89010	
0	89165	
0	88800	
0	89025	
0	88749	
0	88472	
0	89280	
0	88669	
0	88513	
0	88928	
0	89074	
0	89233	
0	89462	
0	88842	
0	88889	
0	88883	
0	88652	
0	89563	
0	88957	
0	88540	
0	88522	
0	89117	
0	89154	
0	88582	
0	89115	
0	88657	
0	89002	
0	89184	
0	88733	
0	88636	
0	88918	
0	89125	
0	88735	
0	88426	
0	88468	
0	89333	
0	88852	
0	89045	
0	89185	
0	88808	
0	89010	
0	89420	
0	88648	
0	89278	
0	88847	
0	89064	
0	89095	
0	89152	
0	89125	
0	88564	
0	89138	
0	89144	
0	88712	
0	89118	
0	89253	
0	89039	
0	89123	
0	89046	
0	88802	
0	88676	
0	88601	
0	88717	
0	88990	
0	88546	
0	88155	
0	88861	
0	88759	
0	88585	
0	88761	
0	88462	
0	88689	
0	88941	
0	88467	
0	89083	
0	88429	
0	88484	
0	88639	
0	89255	
0	89465	
0	89580	
0	88958	
0	88903	
0	89004	
0	88638	
0	89389	
0	88598	
0	88685	
0	88695	
0	88368	
0	88833	
0	88551	
0	89088	
0	88825	
0	89048	
0	88782	
0	88612	
0	88793	
0	89238	
0	88586	
0	88644	
0	88605	
0	88792	
0	89160	
0	88775	
0	88855	
0	88295	
0	88644	
0	89028	
0	88750	
0	89276	
0	89069	
0	88839	
0	88807	
0	88665	
0	88976	
0	88755	
0	88430	
0	89352	
0	89153	
0	89270	
0	88778	
0	89029	
0	88482	
0	88697	
0	89375	
0	88490	
0	89418	
0	89410	
0	89069	
0	88848	
0	88758	
0	88979	
0	88928	
0	89423	
0	88288	
0	89034	
0	88900	
0	88961	
0	88837	
0	88648	
0	88837	
0	89297	
0	89404	
0	88906	
0	89214	
0	88624	
0	89237	
0	88264	
0	89309	
0	88935	
0	88895	
0	88635	
0	88622	
0	88829	
0	88941	
0	89170	
0	88819	
0	88660	
0	88748	
0	88942	
0	88542	
0	89085	
0	88785	
0	88785	
0	88901	
0	88862	
0	88955	
0	89058	
0	88670	
0	88940	
0	88664	
0	88835	
0	88875	
0	89057	
0	88614	
0	88836	
0	89259	
0	89004	
0	88808	
0	88742	
0	88616	
0	88767	
0	88818	
0	88844	
0	88767	
0	89180	
0	88508	
0	88647	
0	89074	
0	89311	
0	88870	
0	88820	
0	88905	
0	89450	
0	89073	
0	89461	
0	89204	
0	88352	
0	88962	
0	89185	
0	89279	
0	89062	
0	89309	
0	88691	
0	88932	
0	88601	
0	88612	
0	89284	
0	89601	
0	88832	
0	89063	
0	88843	
0	89070	
0	88581	
0	88589	
0	89499	
0	88784	
0	88651	
0	89092	
0	88418	
0	88881	
0	89042	
0	88564	
0	88935	
0	88756	
0	88670	
0	89270	
0	88644	
0	88663	
0	88466	
0	88881	
0	89449	
0	88578	
0	88792	
0	88871	
0	89109	
0	88830	
0	89550	
0	89345	
0	88664	
0	89376	
0	88946	
0	88745	
0	88412	
0	89064	
0	89465	
0	89057	
0	88858	
0	88922	
0	88936	
0	88710	
0	89026	
0	88924	
0	88716	
0	88629	
0	88117	
0	88244	
0	88711	
0	88116	
0	88823	
0	89222	
0	89195	
0	88721	
0	88757	
0	89023	
0	89222	
0	88536	
0	88967	
0	89451	
0	88650	
0	89277	
0	88532	
0	88734	
0	88832	
0	88757	
0	89107	
0	88533	
0	89593	
0	89148	
0	89172	
0	89524	
0	89205	
0	88483	
0	88550	
0	88983	
0	88819	
0	88955	
0	88947	
0	88853	
0	88324	
0	88824	
0	89029	
0	89117	
0	88747	
0	88946	
0	89522	
0	88882	
0	88722	
0	89087	
0	88899	
0	89138	
0	89074	
0	89190	
0	88912	
0	88636	
0	88591	
0	88847	
0	88515	
0	88881	
0	88651	
0	89092	
0	88914	
0	89051	
0	89031	
0	89004	
0	89130	
0	88823	
0	88811	
0	89154	
0	89220	
0	88571	
0	89317	
0	88967	
0	88595	
0	88826	
0	88363	
0	89421	
0	88099	
0	88278	
0	88881	
0	88701	
0	88883	
0	88770	
0	89018	
0	88780	
0	88796	
0	89036	
0	89338	
0	88463	
0	88823	
0	89279	
0	88654	
0	88644	
0	89266	
0	89228	
0	89344	
0	88925	
0	88592	
0	89636	
0	88659	
0	88406	
0	88323	
0	88586	
0	88201	
0	88555	
0	89089	
0	89032	
0	88779	
0	88669	
0	88506	
0	88439	
0	89122	
0	89275	
0	89287	
0	88520	
0	88946	
0	88477	
0	88964	
0	89124	
0	88706	
0	89137	
0	88685	
0	89358	
0	88904	
0	89526	
0	88888	
0	88930	
0	89184	
0	88713	
0	88998	
0	89002	
0	88596	
0	89293	
0	88649	
0	88975	
0	88503	
0	88920	
0	88933	
0	88854	
0	89208	
0	88604	
0	89224	
0	88847	
0	89163	
0	88753	
0	89000	
0	89373	
0	88823	
0	89298	
0	88433	
0	88782	
0	88837	
0	88751	
0	88603	
0	89042	
0	88931	
0	88350	
0	88818	
0	88700	
0	88936	
0	89123	
0	89521	
0	89115	
0	89162	
0	88810	
0	88803	
0	89103	
0	89112	
0	88936	
0	88879	
0	89189	
0	89342	
0	89222	
0	88593	
0	88526	
0	88799	
0	88789	
0	89054	
0	88970	
0	89111	
0	88810	
0	89560	
0	89064	
0	89112	
0	88670	
0	88756	
0	88723	
0	89051	
0	88799	
0	88952	
0	89017	
0	89171	
0	88574	
0	89037	
0	88988	
0	89102	
0	89036	
0	89217	
0	88840	
0	88805	
0	88394	
0	89186	
0	88885	
0	88536	
0	88862	
0	88712	
0	88793	
0	88817	
0	88872	
0	88678	
0	88445	
0	88852	
0	88582	
0	89379	
0	89592	
0	88488	
0	88910	
0	88962	
0	89358	
0	88626	
0	88336	
0	88653	
0	88507	
0	89004	
0	88793	
0	88896	
0	88685	
0	88992	
0	88640	
0	89239	
0	88255	
0	88891	
0	88627	
0	88713	
0	88855	
0	89180	
0	87947	
0	89034	
0	89086	
0	89180	
0	88464	
0	88692	
0	88757	
0	88922	
0	88884	
0	88799	
0	88749	
0	88979	
0	88900	
0	88641	
0	89190	
0	89051	
0	89295	
0	89136	
0	88999	
0	89115	
0	88699	
0	89466	
0	88519	
0	88633	
0	88836	
0	88726	
0	88910	
0	88978	
0	88862	
0	88785	
0	88495	
0	89089	
0	88960	
0	88771	
0	89335	
0	88793	
0	88839	
0	89205	
0	89407	
0	88817	
0	88503	
0	88748	
0	88850	
0	88627	
0	89381	
0	88477	
0	88857	
0	89212	
0	89318	
0	89667	
0	89079	
0	88975	
0	89092	
0	88722	
0	89337	
0	89264	
0	88907	
0	89095	
0	89088	
0	88835	
0	88213	
0	89146	
0	88636	
0	89170	
0	88901	
0	88858	
0	89229	
0	88484	
0	89050	
0	89035	
0	89409	
0	88800	
0	88697	
0	88969	
0	88623	
0	89118	
0	88903	
0	88900	
0	88736	
0	88539	
0	89456	
0	88721	
0	89090	
0	88563	
0	88800	
0	88466	
0	88868	
0	88708	
0	88881	
0	89095	
0	88973	
0	89492	
0	89222	
0	89404	
0	88436	
0	88748	
0	89120	
0	88697	
0	89123	
0	88439	
0	88939	
0	88949	
0	88965	
0	89121	
0	89184	
0	88435	
0	88973	
0	88853	
0	88876	
0	89019	
0	88788	
0	89335	
0	88650	
0	88502	
0	88924	
0	88611	
0	88745	
0	89022	
0	88945	
0	88891	
0	89840	
0	88702	
0	88579	
0	88886	
0	88677	
0	89143	
0	89215	
0	89460	
0	89338	
0	89198	
0	88603	
0	89235	
0	88794	
0	88770	
0	89121	
0	88832	
0	89056	
0	88963	
0	89188	
0	88858	
0	89292	
0	89040	
0	89080	
0	88790	
0	89129	
0	88814	
0	89433	
0	88702	
0	89437	
0	88751	
0	88581	
0	88830	
0	89421	
0	88652	
0	89053	
0	88456	
0	89094	
0	89068	
0	88826	
0	89401	
0	88619	
0	89295	
0	89048	
0	88791	
0	88502	
0	88772	
0	88766	
0	88869	
0	88483	
0	88615	
0	89279	
0	89321	
0	88556	
0	89062	
0	88323	
0	88995	
0	88730	
0	88989	
0	88695	
0	88936	
0	88712	
0	88924	
0	88691	
0	88553	
0	89091	
0	88860	
0	88468	
0	88468	
0	88837	
0	88954	
0	88809	
0	89050	
0	88778	
0	89197	
0	89274	
0	88887	
0	89181	
0	88957	
0	88936	
0	89067	
0	89212	
0	88680	
0	88887	
0	88588	
0	89038	
0	88796	
0	88640	
0	88950	
0	88999	
0	88957	
0	89153	
0	89144	
0	89299	
0	88608	
0	88412	
0	88667	
0	89721	
0	88875	
0	89341	
0	88638	
0	88869	
0	88828	
0	88990	
0	88982	
0	88831	
0	89406	
0	88952	
0	88484	
0	88982	
0	89414	
0	88607	
0	89014	
0	88997	
0	88799	
0	88833	
0	88732	
0	88814	
0	88896	
0	89019	
0	88816	
0	89225	
0	89104	
0	88702	
0	88512	
0	88790	
0	89027	
0	89107	
0	88836	
0	88573	
0	88833	
0	89001	
0	88487	
0	89072	
0	88763	
0	88688	
0	89082	
0	88994	
0	88942	
0	89225	
0	88529	
0	88899	
0	89115	
0	89068	
0	88264	
0	88828	
0	88494	
0	89142	
0	89092	
0	89075	
0	88688	
0	88738	
0	88990	
0	89560	
0	88953	
0	89190	
0	88936	
0	88398	
0	88590	
0	88595	
0	88783	
0	88469	
0	89143	
0	88776	
0	89030	
0	88491	
0	88884	
0	89042	
0	88678	
0	88871	
0	88886	
0	89113	
0	89159	
0	88903	
0	89051	
0	88618	
0	88636	
0	88962	
0	88790	
0	88960	
0	88303	
0	89075	
0	88678	
0	89137	
0	89222	
0	89558	
0	89061	
0	89007	
0	88957	
0	88910	
0	89009	
0	88639	
0	89295	
0	88833	
0	88816	
0	88096	
0	88929	
0	88923	
0	89175	
0	88899	
0	88867	
0	89317	
0	88646	
0	88514	
0	89083	
0	88696	
0	89158	
0	88479	
0	89204	
0	88721	
0	89118	
0	88774	
0	88912	
0	89028	
0	88841	
0	88695	
0	88943	
0	88542	
0	88858	
0	88826	
0	88943	
0	89214	
0	88765	
0	88912	
0	88319	
0	88945	
0	88158	
0	88849	
0	88619	
0	89172	
0	88475	
0	88885	
0	88542	
0	89136	
0	89409	
0	89024	
0	89089	
0	89162	
0	88827	
0	88753	
0	88899	
0	89037	
0	89203	
0	89399	
0	89069	
0	88330	
0	88817	
0	88986	
0	89046	
0	88866	
0	88564	
0	89089	
0	88955	
0	88781	
0	89158	
0	88849	
0	88595	
0	88976	
0	88944	
0	88797	
0	88335	
0	88506	
0	88751	
0	89055	
0	88952	
0	88858	
0	88643	
0	88386	
0	88577	
0	88904	
0	88714	
0	89330	
0	88583	
0	88909	
0	89042	
0	88873	
0	89391	
0	89264	
0	89048	
0	89073	
0	89564	
0	89165	
0	89152	
0	89342	
0	88826	
0	88353	
0	89214	
0	88894	
0	88766	
0	88975	
0	88601	
0	88710	
0	88718	
0	88832	
0	89338	
0	89107	
0	88946	
0	89116	
0	89577	
0	88304	
0	88728	
0	88997	
0	89110	
0	88592	
0	89060	
0	88487	
0	89150	
0	89036	
0	88479	
0	89006	
0	88650	
0	89286	
0	88776	
0	89120	
0	88886	
0	88865	
0	89182	
0	88974	
0	88982	
0	88758	
0	89452	
0	89006	
0	88471	
0	88372	
0	89023	
0	88903	
0	88678	
0	88102	
0	88885	
0	89052	
0	89256	
0	89290	
0	89338	
0	89025	
0	88833	
0	89010	
0	88929	
0	88699	
0	88782	
0	88666	
0	88870	
0	88928	
0	89122	
0	89318	
0	88871	
0	89098	
0	88974	
0	89068	
0	88830	
0	88512	
0	88927	
0	88895	
0	88989	
0	88751	
0	88618	
0	89198	
0	88308	
0	88656	
0	88909	
0	88687	
0	88414	
0	88913	
0	88844	
0	89022	
0	88847	
0	88822	
0	89290	
0	88733	
0	88394	
0	89712	
0	89388	
0	88370	
0	88665	
0	89192	
0	88884	
0	88379	
0	88773	
0	88412	
0	88745	
0	88952	
0	88667	
0	88568	
0	88836	
0	88154	
0	89304	
0	88902	
0	88651	
0	89554	
0	88837	
0	88975	
0	88955	
0	89144	
0	88990	
0	88263	
0	88780	
0	89060	
0	88928	
0	88296	
0	88928	
0	88557	
0	89197	
0	89139	
0	89086	
0	88698	
0	89739	
0	88388	
0	88889	
0	88936	
0	88574	
0	89105	
0	88918	
0	88543	
0	88914	
0	89133	
0	89020	
0	88743	
0	89109	
0	88900	
0	88994	
0	89303	
0	88848	
0	89018	
0	88859	
0	88253	
0	88984	
0	88734	
0	89132	
0	88987	
0	88985	
0	89079	
0	89121	
0	88893	
0	88843	
0	88858	
0	88964	
0	88955	
0	88846	
0	88578	
0	88563	
0	89161	
0	88519	
0	88591	
0	88970	
0	88869	
0	89111	
0	89133	
0	88649	
0	88924	
0	88827	
0	88695	
0	89227	
0	88966	
0	88884	
0	88737	
0	88907	
0	88939	
0	88898	
0	88817	
0	89505	
0	88715	
0	88972	
0	89115	
0	89218	
0	89308	
0	88830	
0	89027	
0	88752	
0	89437	
0	89087	
0	88507	
0	89044	
0	88738	
0	88752	
0	88697	
0	88867	
0	88598	
0	89105	
0	88789	
0	88956	
0	88959	
0	89141	
0	88940	
0	88818	
0	89623	
0	88937	
0	89005	
0	88710	
0	88960	
0	88906	
0	88998	
0	88873	
0	88484	
0	89314	
0	88754	
0	88986	
0	88519	
0	89110	
0	88916	
0	89299	
0	89371	
0	89192	
0	88238	
0	88438	
0	88880	
0	87893	
0	89081	
0	88854	
0	89357	
0	88756	
0	88629	
0	88611	
0	89285	
0	88333	
0	89100	
0	88565	
0	88830	
0	89146	
0	89140	
0	88418	
0	88674	
0	88687	
0	88985	
0	88412	
0	89195	
0	88850	
0	88743	
0	88864	
0	88756	
0	88738	
0	89072	
0	88529	
0	89114	
0	88790	
0	88832	
0	88829	
0	88560	
0	88901	
0	89077	
0	88848	
0	88891	
0	88754	
0	89012	
0	88969	
0	89094	
0	89097	
0	89073	
0	88534	
0	89054	
0	89544	
0	88896	
0	89101	
0	89360	
0	88809	
0	89225	
0	88425	
0	88645	
0	89354	
0	89488	
0	88779	
0	88848	
0	88447	
0	89098	
0	88976	
0	88752	
0	88861	
0	88652	
0	88943	
0	88960	
0	89055	
0	88676	
0	89012	
0	89096	
0	88807	
0	89270	
0	89264	
0	88795	
0	89207	
0	88554	
0	88468	
0	88757	
0	88320	
0	89054	
0	88708	
0	89126	
0	88788	
0	89020	
0	89172	
0	89273	
0	89731	
0	88892	
0	88687	
0	89026	
0	89170	
0	88776	
0	88860	
0	88802	
0	89224	
0	89060	
0	88832	
0	88945	
0	88805	
0	88433	
0	88494	
0	88775	
0	88898	
0	88909	
0	88861	
0	89210	
0	88910	
0	88516	
0	89213	
0	89273	
0	88441	
0	88823	
0	88988	
0	88923	
0	88826	
0	88801	
0	88931	
0	88713	
0	88998	
0	88578	
0	88834	
0	88980	
0	89210	
0	88837	
0	89010	
0	88670	
0	88969	
0	88546	
0	88444	
0	88856	
0	89046	
0	89153	
0	89044	
0	88652	
0	89089	
0	88337	
0	88922	
0	89242	
0	89278	
0	88809	
0	89066	
0	88748	
0	88622	
0	88980	
0	89146	
0	89220	
0	88691	
0	88468	
0	89463	
0	88796	
0	88782	
0	88666	
0	88920	
0	89261	
0	89014	
0	89176	
0	88438	
0	88797	
0	89023	
0	88729	
0	89145	
0	88818	
0	88448	
0	88800	
0	89059	
0	88848	
0	89229	
0	89076	
0	88927	
0	88974	
0	88447	
0	88796	
0	88576	
0	89008	
0	88863	
0	88814	
0	88791	
0	88830	
0	89097	
0	88594	
0	88950	
0	89006	
0	89200	
0	88507	
0	88882	
0	88665	
0	89321	
0	88937	
0	88832	
0	88698	
0	89269	
0	89204	
0	88732	
0	89060	
0	89451	
0	88939	
0	89595	
0	88894	
0	88630	
0	88899	
0	88614	
0	89062	
0	89349	
0	89064	
0	89141	
0	88723	
0	89260	
0	88418	
0	88683	
0	88927	
0	88989	
0	88322	
0	89324	
0	89251	
0	88521	
0	88982	
0	88857	
0	88952	
0	89428	
0	89003	
0	88465	
0	89490	
0	89439	
0	88660	
0	89140	
0	88463	
0	88647	
0	88329	
0	88426	
0	89159	
0	88485	
0	88665	
0	88919	
0	89075	
0	89070	
0	88569	
0	89000	
0	88537	
0	89263	
0	88900	
0	88805	
0	89067	
0	88651	
0	88786	
0	88795	
0	89154	
0	88748	
0	88977	
0	88851	
0	88946	
0	88957	
0	89059	
0	88680	
0	88840	
0	89506	
0	89105	
0	89372	
0	88962	
0	88676	
0	88568	
0	88779	
0	88621	
0	88942	
0	89123	
0	88965	
0	89367	
0	89031	
0	88808	
0	89107	
0	89033	
0	89048	
0	88778	
0	88815	
0	89127	
0	88846	
0	89138	
0	88969	
0	88781	
0	88825	
0	88821	
0	88654	
0	88836	
0	88858	
0	89363	
0	89062	
0	88764	
0	88505	
0	89565	
0	88916	
0	89031	
0	88768	
0	89375	
0	88841	
0	89230	
0	89026	
0	88816	
0	88418	
0	88773	
0	88961	
0	88401	
0	88430	
0	88669	
0	89037	
0	88516	
0	88760	
0	89163	
0	89077	
0	88082	
0	88639	
0	88945	
0	88810	
0	88910	
0	88313	
0	88802	
0	88926	
0	88621	
0	88837	
0	88970	
0	88622	
0	89352	
0	89039	
0	89103	
0	88542	
0	88930	
0	88824	
0	89175	
0	89024	
0	88870	
0	88997	
0	89100	
0	88830	
0	89025	
0	88569	
0	88695	
0	89127	
0	89108	
0	88974	
0	89261	
0	88972	
0	88907	
0	88586	
0	88845	
0	89239	
0	88844	
0	88926	
0	88961	
0	89164	
0	89074	
0	88989	
0	88581	
0	88466	
0	88623	
0	88954	
0	88957	
0	88301	
0	89247	
0	89148	
0	89024	
0	89108	
0	88993	
0	88693	
0	89360	
0	88818	
0	88786	
0	88866	
0	88625	
0	89080	
0	89057	
0	88637	
0	88645	
0	88471	
0	88695	
0	88978	
0	88524	
0	89042	
0	88855	
0	88922	
0	89415	
0	89321	
0	88653	
0	89039	
0	88342	
0	89056	
0	88616	
0	88666	
0	88390	
0	88975	
0	88718	
0	88972	
0	89133	
0	89047	
0	88582	
0	88732	
0	88547	
0	89038	
0	89111	
0	88686	
0	89263	
0	88984	
0	89299	
0	88749	
0	88911	
0	88666	
0	88392	
0	88547	
0	88879	
0	88942	
0	88899	
0	88915	
0	88680	
0	89322	
0	88727	
0	89066	
0	88716	
0	89323	
0	88739	
0	88975	
0	88764	
0	88399	
0	89267	
0	88742	
0	88683	
0	88274	
0	88639	
0	89185	
0	89151	
0	88559	
0	89118	
0	89272	
0	88811	
0	89159	
0	88949	
0	88989	
0	89027	
0	89345	
0	88649	
0	89102	
0	88661	
0	89434	
0	89195	
0	88682	
0	89144	
0	89050	
0	88955	
0	89048	
0	89559	
0	88919	
0	89162	
0	89139	
0	88553	
0	88797	
0	88534	
0	89048	
0	89742	
0	88477	
0	89092	
0	88499	
0	89028	
0	88893	
0	89123	
0	88517	
0	89302	
0	88536	
0	88006	
0	88633	
0	88546	
0	89100	
0	89035	
0	88871	
0	88981	
0	89385	
0	89168	
0	88661	
0	88787	
0	89060	
0	88772	
0	88830	
0	88896	
0	88856	
0	89257	
0	89165	
0	89120	
0	89029	
0	89215	
0	89307	
0	88890	
0	88740	
0	88682	
0	88828	
0	89049	
0	89118	
0	88611	
0	88542	
0	88645	
0	88454	
0	88753	
0	89343	
0	88952	
0	89013	
0	89212	
0	88924	
0	88718	
0	88201	
0	88884	
0	89015	
0	88948	
0	88998	
0	88865	
0	88586	
0	88513	
0	88976	
0	88879	
0	89383	
0	88814	
0	88554	
0	88621	
0	89018	
0	88855	
0	89104	
0	88465	
0	88761	
0	88686	
0	88962	
0	88829	
0	89224	
0	88827	
0	89138	
0	88685	
0	88357	
0	88930	
0	89388	
0	88424	
0	89136	
0	89524	
0	89025	
0	89171	
0	88774	
0	88721	
0	88889	
0	88774	
0	88524	
0	88878	
0	88676	
0	88927	
0	88634	
0	88896	
0	88157	
0	88959	
0	88515	
0	88819	
0	89027	
0	88778	
0	88463	
0	88615	
0	89071	
0	89711	
0	88871	
0	88617	
0	88998	
0	88618	
0	89125	
0	88605	
0	89365	
0	88948	
0	88913	
0	89213	
0	88718	
0	89020	
0	89170	
0	88558	
0	89225	
0	88651	
0	88230	
0	88918	
0	88769	
0	88715	
0	87941	
0	88823	
0	88955	
0	89290	
0	88796	
0	88424	
0	89533	
0	88705	
0	89109	
0	88798	
0	88992	
0	89345	
0	88941	
0	88362	
0	88960	
0	88912	
0	88936	
0	88696	
0	89246	
0	88831	
0	88919	
0	88813	
0	89071	
0	89091	
0	88482	
0	89105	
0	88919	
0	88967	
0	88871	
0	89022	
0	88649	
0	89280	
0	89418	
0	88931	
0	89225	
0	88749	
0	88870	
0	89000	
0	88558	
0	89344	
0	88839	
0	88860	
0	89325	
0	88480	
0	88614	
0	89062	
0	88953	
0	88897	
0	88710	
0	88574	
0	89112	
0	88766	
0	88924	
0	88885	
0	88632	
0	88656	
0	88628	
0	88653	
0	88592	
0	88958	
0	88677	
0	88429	
0	88862	
0	89087	
0	89059	
0	88668	
0	89039	
0	88956	
0	89124	
0	89253	
0	89078	
0	88520	
0	89073	
0	89198	
0	88263	
0	88669	
0	89045	
0	89086	
0	88759	
0	88842	
0	88887	
0	88733	
0	88500	
0	89019	
0	88493	
0	89157	
0	89381	
0	88759	
0	88772	
0	88788	
0	88719	
0	88756	
0	88957	
0	88822	
0	88468	
0	88778	
0	88804	
0	88985	
0	88875	
0	89072	
0	88778	
0	88800	
0	89314	
0	88496	
0	88883	
0	88854	
0	88963	
0	88656	
0	88689	
0	88898	
0	88981	
0	89443	
0	88867	
0	88706	
0	88811	
0	88943	
0	88924	
0	88793	
0	89033	
0	89116	
0	88387	
0	88353	
0	88494	
0	88757	
0	88759	
0	88921	
0	88988	
0	88897	
0	89419	
0	89133	
0	88972	
0	89258	
0	89158	
0	88845	
0	89054	
0	89030	
0	88616	
0	88827	
0	88815	
0	89150	
0	88653	
0	88340	
0	89023	
0	88525	
0	88962	
0	89174	
0	89283	
0	88536	
0	88450	
0	89195	
0	89321	
0	88961	
0	88756	
0	88785	
0	89251	
0	88842	
0	89308	
0	89200	
0	88667	
0	88717	
0	88731	
0	88596	
0	88655	
0	88447	
0	88900	
0	89304	
0	89094	
0	88835	
0	89053	
0	88781	
0	88499	
0	88831	
0	88750	
0	88457	
0	89130	
0	89155	
0	88616	
0	89079	
0	89220	
0	88515	
0	89341	
0	88908	
0	88675	
0	89013	
0	88849	
0	88374	
0	88534	
0	88837	
0	89107	
0	88880	
0	88914	
0	89019	
0	89091	
0	88760	
0	89093	
0	89082	
0	89112	
0	88987	
0	88404	
0	88629	
0	89051	
0	89034	
0	88479	
0	89088	
0	89245	
0	89121	
0	88463	
0	89036	
0	88874	
0	89018	
0	88839	
0	88526	
0	89146	
0	89185	
0	89296	
0	89643	
0	88875	
0	88733	
0	88773	
0	88674	
0	88522	
0	89391	
0	89077	
0	88677	
0	88813	
0	89050	
0	88521	
0	88882	
0	88926	
0	88788	
0	88693	
0	89097	
0	88966	
0	88822	
0	89362	
0	88710	
0	89361	
0	89269	
0	89218	
0	88629	
0	88919	
0	88725	
0	88696	
0	88769	
0	88762	
0	88876	
0	88765	
0	89221	
0	88790	
0	89232	
0	88978	
0	89006	
0	89072	
0	88592	
0	88626	
0	89219	
0	89029	
0	89064	
0	88700	
0	88754	
0	88722	
0	88805	
0	89445	
0	88485	
0	89454	
0	88834	
0	89284	
0	89112	
0	88385	
0	89054	
0	88850	
0	88400	
0	88606	
0	88969	
0	88709	
0	89035	
0	88517	
0	88899	
0	88244	
0	89177	
0	88881	
0	89130	
0	88854	
0	88564	
0	89077	
0	88657	
0	89331	
0	88891	
0	88824	
0	88990	
0	89354	
0	88547	
0	89095	
0	88648	
0	88838	
0	89499	
0	89090	
0	88413	
0	88440	
0	88957	
0	88700	
0	89123	
0	88846	
0	88651	
0	88504	
0	88809	
0	88883	
0	89029	
0	88991	
0	88492	
0	88729	
0	88360	
0	89325	
0	89295	
0	89064	
0	89288	
0	88982	
0	88684	
0	88710	
0	88647	
0	89194	
0	88963	
0	89088	
0	88618	
0	88663	
0	88783	
0	88593	
0	88566	
0	88967	
0	88659	
0	88859	
0	88941	
0	88226	
0	88549	
0	88702	
0	88424	
0	89035	
0	88615	
0	88997	
0	89103	
0	88549	
0	88939	
0	88958	
0	88799	
0	88580	
0	89015	
0	88595	
0	88526	
0	89214	
0	88829	
0	88643	
0	88674	
0	88755	
0	88437	
0	88914	
0	88839	
0	88672	
0	88749	
0	89141	
0	89436	
0	88716	
0	89341	
0	88652	
0	88747	
0	89090	
0	89155	
0	88463	
0	89516	
0	89201	
0	88429	
0	88796	
0	88996	
0	88853	
0	88996	
0	88670	
0	88587	
0	88824	
0	88959	
0	88553	
0	88558	
0	89143	
0	88608	
0	88800	
0	88863	
0	89403	
0	88901	
0	88628	
0	88460	
0	88610	
0	89189	
0	88828	
0	89033	
0	88938	
0	88668	
0	88572	
0	88699	
0	89016	
0	88760	
0	88975	
0	88868	
0	89002	
0	89346	
0	88960	
0	89148	
0	89412	
0	88292	
0	88825	
0	89063	
0	88796	
0	88886	
0	88781	
0	89130	
0	88709	
0	88694	
0	88804	
0	88888	
0	88862	
0	88911	
0	89386	
0	88458	
0	88861	
0	88951	
0	88828	
0	88427	
0	88379	
0	88713	
0	88733	
0	88617	
0	88695	
0	88716	
0	88407	
0	88784	
0	88496	
0	88770	
0	89165	
0	88504	
0	89176	
0	88747	
0	88935	
0	88759	
0	88793	
0	88904	
0	89043	
0	89003	
0	89051	
0	88938	
0	89163	
0	88914	
0	88693	
0	89191	
0	88801	
0	88872	
0	89021	
0	89040	
0	88738	
0	89096	
0	88874	
0	88838	
0	88953	
0	88808	
0	88791	
0	88862	
0	88914	
0	89266	
0	89073	
0	89064	
0	88804	
0	89225	
0	88867	
0	88778	
0	88443	
0	88588	
0	88456	
0	88759	
0	88926	
0	88640	
0	88753	
0	88644	
0	88489	
0	88305	
0	88604	
0	88916	
0	89061	
0	88854	
0	88915	
0	88731	
0	89132	
0	88653	
0	88571	
0	88839	
0	89039	
0	88333	
0	88538	
0	89034	
0	89088	
0	89079	
0	88485	
0	88955	
0	88716	
0	88677	
0	89378	
0	88943	
0	88938	
0	88741	
0	89499	
0	88688	
0	88538	
0	88533	
0	88584	
0	88846	
0	88747	
0	88622	
0	88411	
0	88893	
0	89120	
0	89269	
0	88894	
0	88733	
0	89134	
0	88434	
0	89083	
0	88922	
0	89521	
0	88810	
0	88457	
0	88739	
0	88797	
0	88470	
0	88933	
0	88590	
0	89092	
0	88859	
0	88790	
0	88897	
0	89183	
0	88818	
0	89063	
0	88928	
0	88761	
0	89119	
0	88395	
0	88724	
0	88835	
0	89194	
0	89028	
0	88522	
0	88584	
0	88730	
0	88710	
0	89120	
0	89352	
0	88974	
0	88758	
0	88792	
0	88865	
0	88676	
0	88791	
0	88758	
0	88937	
0	88786	
0	88897	
0	88917	
0	88967	
0	88609	
0	89163	
0	89020	
0	88884	
0	89017	
0	88843	
0	89031	
0	89101	
0	88591	
0	89376	
0	89259	
0	88772	
0	89030	
0	89270	
0	88651	
0	88939	
0	89055	
0	88875	
0	89156	
0	89047	
0	89055	
0	89236	
0	88401	
0	88575	
0	88575	
0	89179	
0	88803	
0	88712	
0	89016	
0	88571	
0	89250	
0	89087	
0	89234	
0	88655	
0	88816	
0	88983	
0	88867	
0	88788	
0	89149	
0	88629	
0	88568	
0	88716	
0	88925	
0	89167	
0	88653	
0	89103	
0	88499	
0	89115	
0	88880	
0	88798	
0	88740	
0	88711	
0	88880	
0	89217	
0	88815	
0	89482	
0	88667	
0	88895	
0	88379	
0	88896	
0	89211	
0	88816	
0	89018	
0	88526	
0	89403	
0	88839	
0	89355	
0	88883	
0	88601	
0	89025	
0	88879	
0	88766	
0	88899	
0	88897	
0	89028	
0	89371	
0	88829	
0	88967	
0	89356	
0	88650	
0	88995	
0	88491	
0	89081	
0	88982	
0	89264	
0	88603	
0	88892	
0	88892	
0	89257	
0	89376	
0	89013	
0	88843	
0	88752	
0	89047	
0	88644	
0	88648	
0	88671	
0	88758	
0	88742	
0	88837	
0	88727	
0	88854	
0	88498	
0	88993	
0	88818	
0	88844	
0	88895	
0	88597	
0	88380	
0	88686	
0	88213	
0	88867	
0	88869	
0	88883	
0	88751	
0	89102	
0	88692	
0	88862	
0	88346	
0	88763	
0	88730	
0	88644	
0	89028	
0	88898	
0	89043	
0	89363	
0	89182	
0	89333	
0	88707	
0	89015	
0	89133	
0	88876	
0	88774	
0	89332	
0	89136	
0	88899	
0	88931	
0	88855	
0	88406	
0	88430	
0	89017	
0	88804	
0	88801	
0	89221	
0	89129	
0	89180	
0	89038	
0	89231	
0	88789	
0	89443	
0	89103	
0	89229	
0	89054	
0	89204	
0	88981	
0	89263	
0	89325	
0	89105	
0	88575	
0	88932	
0	88887	
0	88753	
0	88542	
0	89467	
0	89038	
0	88666	
0	88862	
0	88773	
0	89084	
0	88582	
0	89076	
0	88991	
0	89304	
0	88834	
0	88918	
0	88869	
0	89058	
0	89288	
0	89334	
0	88968	
0	88753	
0	89080	
0	88795	
0	88894	
0	88718	
0	89482	
0	88750	
0	88995	
0	88942	
0	88759	
0	88632	
0	88596	
0	88968	
0	88637	
0	88915	
0	89168	
0	88990	
0	88794	
0	89325	
0	88603	
0	88965	
0	88466	
0	88956	
0	88868	
0	88621	
0	88898	
0	89375	
0	88856	
0	88870	
0	89309	
0	88706	
0	88841	
0	88813	
0	88835	
0	89191	
0	89109	
0	89207	
0	88940	
0	88835	
0	88886	
0	88666	
0	89223	
0	89014	
0	88853	
0	89155	
0	89241	
0	88881	
0	89264	
0	88514	
0	88892	
0	89517	
0	88657	
0	89004	
0	88753	
0	88325	
0	88984	
0	88701	
0	89138	
0	89405	
0	88921	
0	88711	
0	88373	
0	88784	
0	88461	
0	89047	
0	88564	
0	88700	
0	88676	
0	89148	
0	89084	
0	89014	
0	88518	
0	88753	
0	89077	
0	89271	
0	88692	
0	89091	
0	88931	
0	88838	
0	89238	
0	88820	
0	88648	
0	88651	
0	88464	
0	89114	
0	88581	
0	89258	
0	89155	
0	88736	
0	88994	
0	88776	
0	88816	
0	88609	
0	88706	
0	89408	
0	89164	
0	88553	
0	88884	
0	89085	
0	88608	
0	89054	
0	88515	
0	88827	
0	88689	
0	88798	
0	88932	
0	88814	
0	88697	
0	88727	
0	88743	
0	88624	
0	89262	
0	89012	
0	88831	
0	89036	
0	88876	
0	88584	
0	89092	
0	88668	
0	88567	
0	88639	
0	89189	
0	88778	
0	88934	
0	88595	
0	88889	
0	88729	
0	88541	
0	89212	
0	88849	
0	88983	
0	89021	
0	88877	
0	88949	
0	88834	
0	88848	
0	88840	
0	88987	
0	89164	
0	88717	
0	88737	
0	88962	
0	89121	
0	88853	
0	88936	
0	88943	
0	88495	
0	88980	
0	89116	
0	88924	
0	88510	
0	88932	
0	89055	
0	88961	
0	89022	
0	87993	
0	89197	
0	88628	
0	89186	
0	88939	
0	88978	
0	88939	
0	88918	
0	89162	
0	88793	
0	89005	
0	89317	
0	88831	
0	89419	
0	88503	
0	88750	
0	88705	
0	88250	
0	89044	
0	89385	
0	89113	
0	88786	
0	88654	
0	89521	
0	89026	
0	88920	
0	88954	
0	88805	
0	88857	
0	88403	
0	88926	
0	89085	
0	88885	
0	89035	
0	88714	
0	89019	
0	88922	
0	89193	
0	89070	
0	88582	
0	89004	
0	89000	
0	88957	
0	88665	
0	89267	
0	89058	
0	88846	
0	89274	
0	88783	
0	89134	
0	89068	
0	89146	
0	88966	
0	89288	
0	88472	
0	88805	
0	88759	
0	88451	
0	88949	
0	88734	
0	88801	
0	89132	
0	88815	
0	88953	
0	88487	
0	89439	
0	89091	
0	88752	
0	88958	
0	88555	
0	88740	
0	89123	
0	89091	
0	89039	
0	88619	
0	89238	
0	89103	
0	88700	
0	89150	
0	88755	
0	88925	
0	89403	
0	89032	
0	89118	
0	88908	
0	88660	
0	89195	
0	89114	
0	89152	
0	88766	
0	88550	
0	88820	
0	88975	
0	89090	
0	88595	
0	89134	
0	88732	
0	88965	
0	89246	
0	88938	
0	89025	
0	89114	
0	88587	
0	89054	
0	89132	
0	88711	
0	89002	
0	88731	
0	88926	
0	88499	
0	89203	
0	89085	
0	88737	
0	88726	
0	89139	
0	89237	
0	88774	
0	89083	
0	89002	
0	89177	
0	88676	
0	89038	
0	88780	
0	88721	
0	88421	
0	89074	
0	89476	
0	88949	
0	89123	
0	88687	
0	89028	
0	89430	
0	89097	
0	88473	
0	88996	
0	88593	
0	89026	
0	88558	
0	89133	
0	88927	
0	89139	
0	89384	
0	89139	
0	88881	
0	88741	
0	89276	
0	88631	
0	88894	
0	89071	
0	88618	
0	88705	
0	89163	
0	88769	
0	88950	
0	89022	
0	88865	
0	88844	
0	88406	
0	89022	
0	88836	
0	88423	
0	88879	
0	89239	
0	88915	
0	88459	
0	89224	
0	88613	
0	88752	
0	88719	
0	88624	
0	89322	
0	89130	
0	89134	
0	89111	
0	88862	
0	89231	
0	88620	
0	89205	
0	88941	
0	88762	
0	88976	
0	88960	
0	89371	
0	89063	
0	88871	
0	88383	
0	88905	
0	88594	
0	88652	
0	88971	
0	88858	
0	88666	
0	88820	
0	88552	
0	89049	
0	89094	
0	89331	
0	88615	
0	88729	
0	88929	
0	89231	
0	89146	
0	89313	
0	89330	
0	88545	
0	88303	
0	89075	
0	88454	
0	88616	
0	89057	
0	89020	
0	89088	
0	88758	
0	88961	
0	88346	
0	88422	
0	88752	
0	89321	
0	88571	
0	89435	
0	88775	
0	88915	
0	88747	
0	88904	
0	88794	
0	89198	
0	88714	
0	89109	
0	89234	
0	89101	
0	89316	
0	88813	
0	89175	
0	88880	
0	88311	
0	88824	
0	88952	
0	88989	
0	88660	
0	88991	
0	88857	
0	89393	
0	88966	
0	88740	
0	89083	
0	88936	
0	89505	
0	89158	
0	88905	
0	89089	
0	88839	
0	89001	
0	88615	
0	88849	
0	88967	
0	88541	
0	88639	
0	88927	
0	88182	
0	89676	
0	88631	
0	88953	
0	89037	
0	89581	
0	88833	
0	88738	
0	88936	
0	88712	
0	88871	
0	88865	
0	89031	
0	89202	
0	88767	
0	88427	
0	88936	
0	88596	
0	88855	
0	89109	
0	89050	
0	89164	
0	89113	
0	89077	
0	89200	
0	88901	
0	88815	
0	88434	
0	88657	
0	88968	
0	88783	
0	89328	
0	88423	
0	88533	
0	88645	
0	89154	
0	88944	
0	88680	
0	88750	
0	88656	
0	88814	
0	88764	
0	88841	
0	88813	
0	88881	
0	88344	
0	89035	
0	89000	
0	89078	
0	88676	
0	89121	
0	88931	
0	88693	
0	88958	
0	88866	
0	88822	
0	88862	
0	88797	
0	89202	
0	88651	
0	88730	
0	88765	
0	89172	
0	88533	
0	88671	
0	88493	
0	89067	
0	88854	
0	88954	
0	89375	
0	88935	
0	88607	
0	88940	
0	89261	
0	89170	
0	89080	
0	88541	
0	89223	
0	88894	
0	88916	
0	88648	
0	88950	
0	88945	
0	88931	
0	88869	
0	88593	
0	88882	
0	88968	
0	88883	
0	88940	
0	88463	
0	88781	
0	88690	
0	89529	
0	88999	
0	88931	
0	88932	
0	88411	
0	89750	
0	88549	
0	89270	
0	89495	
0	88937	
0	88728	
0	88720	
0	88788	
0	88589	
0	89144	
0	88965	
0	89170	
0	89043	
0	88832	
0	88856	
0	89017	
0	88927	
0	88946	
0	88690	
0	89587	
0	89240	
0	88408	
0	89063	
0	88592	
0	89169	
0	88740	
0	88731	
0	89188	
0	88547	
0	89019	
0	88795	
0	88662	
0	88979	
0	88637	
0	88859	
0	89080	
0	88923	
0	89237	
0	88925	
0	88656	
0	88735	
0	88827	
0	88972	
0	88963	
0	88247	
0	88770	
0	89197	
0	89286	
0	88927	
0	88409	
0	89203	
0	88633	
0	88715	
0	89119	
0	89303	
0	88549	
0	89239	
0	88553	
0	88944	
0	88809	
0	89158	
0	88613	
0	88439	
0	89161	
0	88726	
0	89122	
0	88729	
0	89134	
0	88858	
0	89140	
0	88938	
0	88896	
0	89346	
0	89028	
0	89012	
0	88404	
0	88626	
0	88963	
0	89149	
0	88401	
0	88258	
0	89100	
0	89230	
0	88536	
0	88911	
0	89090	
0	89345	
0	89020	
0	89276	
0	88932	
0	88563	
0	88814	
0	88877	
0	88830	
0	88705	
0	88962	
0	88658	
0	89277	
0	89092	
0	88819	
0	88396	
0	89034	
0	89285	
0	89341	
0	88587	
0	88727	
0	88591	
0	89023	
0	88796	
0	88829	
0	89010	
0	88706	
0	88556	
0	88890	
0	89446	
0	88958	
0	89175	
0	88741	
0	88906	
0	88850	
0	88651	
0	88417	
0	88787	
0	88811	
0	88461	
0	88764	
0	89292	
0	88773	
0	89193	
0	88619	
0	88450	
0	88661	
0	89353	
0	88650	
0	88646	
0	89107	
0	88984	
0	88557	
0	89027	
0	88361	
0	88519	
0	88924	
0	89068	
0	88781	
0	89297	
0	88784	
0	89194	
0	89584	
0	88754	
0	88905	
0	89227	
0	89120	
0	88985	
0	88887	
0	88758	
0	89029	
0	89166	
0	88785	
0	89220	
0	88925	
0	88379	
0	88772	
0	88790	
0	88847	
0	88712	
0	89253	
0	88953	
0	88869	
0	88487	
0	88925	
0	89336	
0	89012	
0	89111	
0	89150	
0	89209	
0	89070	
0	88756	
0	88368	
0	88260	
0	89039	
0	88857	
0	88948	
0	88890	
0	88723	
0	89070	
0	89052	
0	89017	
0	88955	
0	89181	
0	89283	
0	88994	
0	88772	
0	88428	
0	88685	
0	88649	
0	89458	
0	88680	
0	88798	
0	89022	
0	89108	
0	89455	
0	88447	
0	89661	
0	88964	
0	89141	
0	88709	
0	88973	
0	88871	
0	89057	
0	88860	
0	88951	
0	89121	
0	88780	
0	88831	
0	88532	
0	88917	
0	88762	
0	89009	
0	88754	
0	88951	
0	88887	
0	88734	
0	88978	
0	89406	
0	89111	
0	88656	
0	89131	
0	89035	
0	88752	
0	88876	
0	89492	
0	88881	
0	89353	
0	88822	
0	89172	
0	88994	
0	88984	
0	89034	
0	88434	
0	88993	
0	88812	
0	89293	
0	88597	
0	88925	
0	89148	
0	89455	
0	89095	
0	88515	
0	89175	
0	88717	
0	88700	
0	89007	
0	89120	
0	88732	
0	88927	
0	88755	
0	88969	
0	88625	
0	88862	
0	89244	
0	88558	
0	89085	
0	88835	
0	88680	
0	88773	
0	88904	
0	88847	
0	88877	
0	88803	
0	89376	
0	88458	
0	88892	
0	89138	
0	89429	
0	88764	
0	88924	
0	88642	
0	88762	
0	89043	
0	88974	
0	88719	
0	88765	
0	89145	
0	89503	
0	89253	
0	88739	
0	89237	
0	89338	
0	88928	
0	89049	
0	89030	
0	88597	
0	89001	
0	88524	
0	89017	
0	88438	
0	88685	
0	88436	
0	88888	
0	89253	
0	89137	
0	88657	
0	88701	
0	88962	
0	88648	
0	89098	
0	88839	
0	89359	
0	88716	
0	88970	
0	89208	
0	88401	
0	88971	
0	88649	
0	88863	
0	89101	
0	89101	
0	88923	
0	88613	
0	89171	
0	88845	
0	89030	
0	88899	
0	89313	
0	89027	
0	89219	
0	88810	
0	88849	
0	89102	
0	89084	
0	88629	
0	88713	
0	89333	
0	89230	
0	89146	
0	88809	
0	89374	
0	88850	
0	88829	
0	89123	
0	88667	
0	88306	
0	88806	
0	89377	
0	88758	
0	89114	
0	88908	
0	88805	
0	88699	
0	89294	
0	88564	
0	88964	
0	88931	
0	89033	
0	88871	
0	89036	
0	88351	
0	88704	
0	88539	
0	88830	
0	89091	
0	88789	
0	89016	
0	88823	
0	88373	
0	89363	
0	88784	
0	88880	
0	89508	
0	88319	
0	89339	
0	88936	
0	89359	
0	88915	
0	89318	
0	88818	
0	88745	
0	88434	
0	89298	
0	88647	
0	88629	
0	88765	
0	89145	
0	88611	
0	88497	
0	89053	
0	88480	
0	88891	
0	88712	
0	88691	
0	88940	
0	89548	
0	89124	
0	88343	
0	89026	
0	88504	
0	88823	
0	89010	
0	88954	
0	88836	
0	88849	
0	88734	
0	89182	
0	89459	
0	88657	
0	88764	
0	88585	
0	89562	
0	88743	
0	88860	
0	88877	
0	88488	
0	89292	
0	89169	
0	88776	
0	88683	
0	88609	
0	89102	
0	88700	
0	88726	
0	88984	
0	88817	
0	89052	
0	88773	
0	88874	
0	87905	
0	89182	
0	88678	
0	89507	
0	89243	
0	88752	
0	89138	
0	89139	
0	89379	
0	88911	
0	88673	
0	89110	
0	88846	
0	89125	
0	89277	
0	88877	
0	89049	
0	88496	
0	89393	
0	88570	
0	89123	
0	89129	
0	89101	
0	89005	
0	88855	
0	88871	
0	88546	
0	88699	
0	88865	
0	88758	
0	88935	
0	88844	
0	88732	
0	88903	
0	89310	
0	88695	
0	88339	
0	88638	
0	88577	
0	88580	
0	88771	
0	89452	
0	88888	
0	88688	
0	88935	
0	88561	
0	88719	
0	88743	
0	89137	
0	88708	
0	88676	
0	89206	
0	88400	
0	89117	
0	88950	
0	88870	
0	88632	
0	89267	
0	89095	
0	89338	
0	89183	
0	88723	
0	88679	
0	88409	
0	88170	
0	88808	
0	89354	
0	88476	
0	89393	
0	88682	
0	89171	
0	88738	
0	88736	
0	89023	
0	88304	
0	88349	
0	89004	
0	88879	
0	89287	
0	89338	
0	88681	
0	88385	
0	88814	
0	88763	
0	89081	
0	88893	
0	88772	
0	88810	
0	88747	
0	88829	
0	88327	
0	89259	
0	89059	
0	89127	
0	88969	
0	89104	
0	89083	
0	89046	
0	89096	
0	88589	
0	88446	
0	89126	
0	88782	
0	88306	
0	89207	
0	89249	
0	88822	
0	89400	
0	88898	
0	89090	
0	88811	
0	88998	
0	89165	
0	88754	
0	88765	
0	88558	
0	89340	
0	89175	
0	88768	
0	88353	
0	88932	
0	88800	
0	89025	
0	88833	
0	89217	
0	89148	
0	88714	
0	88621	
0	89014	
0	88850	
0	89455	
0	89237	
0	88628	
0	88783	
0	89275	
0	89051	
0	88936	
0	89455	
0	88600	
0	89506	
0	88982	
0	89077	
0	88817	
0	88488	
0	88567	
0	88876	
0	89201	
0	88904	
0	89323	
0	89140	
0	88898	
0	89361	
0	88636	
0	89031	
0	88996	
0	88923	
0	88519	
0	88613	
0	89134	
0	89337	
0	88873	
0	88838	
0	89128	
0	89001	
0	88644	
0	88827	
0	88726	
0	89252	
0	88679	
0	88718	
0	88963	
0	89405	
0	88870	
0	89552	
0	89045	
0	88800	
0	88588	
0	88791	
0	88864	
0	89077	
0	88911	
0	88884	
0	88675	
0	88942	
0	88750	
0	88551	
0	88850	
0	88717	
0	88986	
0	89126	
0	88500	
0	88965	
0	88935	
0	89515	
0	88411	
0	89062	
0	88699	
0	89119	
0	88993	
0	88649	
0	88996	
0	89351	
0	88689	
0	89250	
0	89215	
0	88377	
0	88455	
0	89043	
0	88574	
0	89010	
0	88783	
0	88693	
0	89026	
0	88754	
0	89264	
0	88796	
0	88679	
0	88365	
0	88733	
0	88915	
0	88956	
0	88947	
0	89338	
0	89028	
0	88575	
0	89097	
0	88703	
0	88986	
0	89372	
0	89114	
0	88413	
0	88797	
0	89257	
0	88499	
0	89287	
0	89548	
0	88447	
0	89125	
0	88751	
0	89353	
0	89202	
0	88454	
0	88314	
0	88848	
0	89635	
0	88615	
0	88520	
0	89011	
0	89221	
0	88909	
0	88285	
0	88864	
0	88992	
0	89441	
0	89039	
0	88774	
0	89075	
0	88927	
0	88694	
0	89354	
0	88766	
0	89352	
0	88413	
0	88980	
0	88914	
0	88826	
0	88545	
0	88772	
0	88377	
0	89099	
0	88873	
0	88651	
0	89265	
0	88854	
0	89371	
0	89209	
0	88231	
0	89128	
0	88956	
0	88633	
0	88811	
0	89108	
0	88600	
0	88838	
0	88991	
0	88802	
0	88546	
0	88069	
0	88522	
0	89117	
0	88962	
0	89314	
0	89011	
0	89126	
0	88860	
0	88804	
0	88740	
0	89104	
0	88969	
0	88719	
0	88585	
0	89080	
0	88614	
0	89034	
0	88529	
0	88427	
0	88907	
0	88686	
0	89183	
0	89131	
0	88834	
0	88708	
0	89412	
0	89352	
0	89784	
0	88970	
0	88865	
0	88364	
0	88484	
0	88727	
0	88520	
0	88779	
0	88868	
0	89288	
0	88678	
0	88675	
0	89593	
0	88674	
0	88659	
0	88975	
0	88492	
0	88881	
0	88741	
0	88618	
0	88885	
0	88733	
0	88680	
0	88698	
0	88759	
0	88913	
0	88432	
0	88631	
0	89019	
0	88498	
0	88829	
0	89031	
0	88927	
0	89127	
0	88483	
0	89013	
0	89448	
0	88642	
0	88816	
0	88744	
0	89446	
0	88743	
0	89087	
0	88928	
0	88696	
0	89062	
0	89547	
0	88549	
0	89093	
0	89101	
0	88778	
0	88617	
0	88831	
0	89454	
0	88741	
0	88749	
0	88363	
0	89024	
0	88591	
0	88641	
0	89076	
0	88752	
0	88849	
0	88374	
0	88789	
0	89219	
0	88776	
0	89034	
0	88469	
0	89176	
0	89015	
0	89205	
0	89133	
0	88838	
0	89023	
0	89243	
0	89056	
0	88982	
0	88565	
0	89107	
0	88787	
0	88433	
0	89279	
0	89172	
0	89310	
0	88924	
0	88503	
0	88512	
0	88730	
0	88965	
0	88912	
0	88651	
0	88899	
0	88631	
0	88881	
0	89166	
0	89090	
0	88862	
0	89261	
0	88903	
0	89149	
0	89069	
0	88797	
0	89277	
0	89008	
0	88864	
0	89051	
0	88804	
0	88898	
0	89740	
0	88060	
0	88926	
0	89253	
0	88870	
0	88942	
0	89308	
0	89146	
0	89065	
0	88430	
0	89030	
0	88915	
0	88586	
0	88712	
0	89080	
0	88787	
0	89174	
0	89212	
0	88880	
0	88965	
0	89521	
0	89033	
0	89237	
0	89105	
0	89141	
0	88688	
0	88845	
0	89310	
0	89234	
0	88991	
0	88514	
0	89394	
0	89360	
0	89222	
0	89302	
0	88994	
0	89189	
0	88378	
0	88854	
0	88549	
0	88697	
0	89099	
0	88765	
0	88704	
0	88985	
0	89358	
0	88327	
0	88385	
0	88750	
0	88811	
0	88976	
0	89132	
0	88444	
0	88477	
0	88706	
0	89414	
0	88705	
0	89108	
0	88803	
0	88674	
0	89278	
0	88213	
0	88677	
0	89003	
0	88779	
0	88978	
0	89031	
0	89066	
0	88764	
0	88643	
0	88638	
0	88863	
0	88835	
0	88476	
0	89202	
0	89076	
0	89176	
0	89108	
0	88691	
0	88611	
0	89176	
0	88944	
0	89134	
0	89244	
0	88953	
0	89020	
0	88622	
0	88869	
0	89094	
0	89357	
0	88660	
0	88724	
0	89189	
0	88778	
0	88426	
0	88565	
0	88436	
0	89218	
0	89248	
0	88939	
0	89347	
0	89385	
0	88403	
0	88371	
0	88882	
0	89415	
0	88545	
0	88700	
0	89270	
0	88694	
0	88635	
0	88734	
0	89166	
0	88973	
0	88615	
0	89207	
0	89101	
0	88535	
0	88763	
0	89189	
0	88520	
0	88408	
0	88711	
0	89198	
0	88243	
0	88950	
0	88737	
0	88761	
0	89097	
0	88599	
0	88980	
0	89061	
0	89060	
0	89253	
0	89206	
0	88462	
0	88969	
0	88886	
0	89055	
0	89063	
0	88819	
0	88674	
0	88911	
0	88840	
0	88592	
0	89048	
0	88833	
0	88972	
0	89208	
0	88578	
0	89304	
0	89075	
0	88811	
0	88513	
0	88445	
0	88903	
0	88385	
0	89067	
0	88466	
0	88848	
0	88904	
0	88650	
0	88233	
0	89112	
0	89142	
0	88949	
0	88814	
0	89101	
0	88419	
0	89435	
0	88893	
0	88524	
0	88974	
0	89009	
0	88577	
0	88831	
0	89022	
0	88949	
0	88534	
0	89347	
0	88848	
0	88507	
0	88540	
0	89081	
0	88801	
0	89126	
0	89024	
0	88833	
0	88613	
0	88575	
0	89099	
0	88567	
0	89063	
0	89106	
0	89288	
0	88617	
0	88997	
0	88576	
0	89387	
0	89287	
0	89106	
0	89047	
0	88680	
0	88875	
0	88464	
0	89078	
0	88501	
0	88511	
0	88669	
0	88848	
0	88760	
0	88529	
0	88742	
0	88343	
0	88147	
0	89120	
0	88529	
0	88647	
0	89008	
0	88819	
0	88769	
0	88645	
0	89265	
0	88942	
0	89042	
0	88825	
0	88898	
0	88545	
0	88826	
0	88772	
0	88826	
0	88851	
0	88932	
0	88562	
0	88905	
0	88816	
0	88826	
0	89286	
0	89010	
0	88931	
0	88601	
0	88454	
0	88179	
0	88853	
0	87978	
0	89041	
0	88897	
0	88929	
0	89302	
0	88872	
0	89050	
0	88731	
0	88825	
0	89139	
0	88689	
0	88631	
0	89020	
0	88363	
0	88978	
0	88729	
0	88786	
0	88782	
0	88119	
0	89260	
0	88656	
0	88433	
0	88747	
0	89397	
0	89047	
0	88794	
0	89114	
0	88956	
0	89006	
0	89121	
0	88848	
0	89026	
0	88793	
0	88885	
0	88452	
0	88936	
0	88995	
0	88477	
0	89270	
0	88769	
0	89185	
0	88932	
0	89237	
0	89180	
0	88707	
0	89184	
0	89345	
0	88621	
0	88755	
0	89035	
0	89000	
0	88622	
0	88581	
0	89011	
0	89036	
0	89176	
0	88928	
0	88741	
0	89418	
0	89031	
0	88851	
0	88934	
0	89102	
0	88982	
0	88960	
0	89882	
0	89084	
0	88893	
0	89350	
0	88706	
0	88936	
0	89067	
0	89081	
0	88704	
0	89067	
0	88858	
0	88884	
0	89066	
0	89354	
0	88428	
0	88844	
0	89158	
0	88490	
0	88713	
0	88620	
0	88774	
0	88750	
0	88851	
0	89458	
0	88950	
0	89196	
0	89218	
0	88845	
0	88308	
0	89130	
0	89346	
0	88781	
0	88570	
0	88935	
0	89095	
0	89010	
0	89199	
0	89175	
0	89227	
0	89194	
0	88849	
0	88847	
0	88766	
0	88808	
0	88913	
0	88959	
0	88549	
0	88983	
0	89081	
0	88758	
0	88724	
0	88864	
0	89160	
0	88792	
0	88508	
0	88917	
0	89153	
0	89097	
0	88754	
0	88770	
0	89447	
0	88755	
0	88854	
0	88971	
0	88947	
0	88716	
0	88865	
0	89216	
0	88782	
0	89152	
0	88901	
0	88923	
0	89139	
0	89401	
0	88746	
0	88550	
0	89064	
0	88890	
0	89273	
0	88688	
0	88717	
0	88919	
0	88691	
0	88836	
0	89080	
0	88807	
0	89016	
0	89079	
0	88775	
0	89362	
0	89202	
0	88642	
0	89414	
0	89079	
0	89219	
0	88812	
0	88520	
0	88594	
0	88676	
0	89163	
0	88867	
0	88688	
0	89001	
0	89164	
0	88488	
0	88991	
0	88898	
0	88872	
0	88856	
0	89052	
0	88938	
0	88972	
0	88940	
0	89304	
0	89077	
0	88622	
0	89213	
0	89189	
0	88941	
0	88728	
0	88451	
0	88908	
0	88783	
0	88787	
0	88744	
0	89164	
0	88572	
0	89150	
0	88873	
0	89144	
0	89027	
0	88631	
0	88816	
0	88953	
0	88644	
0	88834	
0	89173	
0	88664	
0	89127	
0	88648	
0	89531	
0	88814	
0	89106	
0	88530	
0	88767	
0	88541	
0	88947	
0	89215	
0	89355	
0	88871	
0	89040	
0	88588	
0	89209	
0	88747	
0	88379	
0	89052	
0	88736	
0	88886	
0	88945	
0	88697	
0	89003	
0	88920	
0	88896	
0	89126	
0	89098	
0	88637	
0	89074	
0	88544	
0	88531	
0	89116	
0	88921	
0	88930	
0	88966	
0	88643	
0	88810	
0	89402	
0	88739	
0	88932	
0	89027	
0	89225	
0	89960	
0	88744	
0	88779	
0	88709	
0	89103	
0	89014	
0	88680	
0	88618	
0	89120	
0	88962	
0	88770	
0	89151	
0	88649	
0	88270	
0	88746	
0	89238	
0	89019	
0	88533	
0	87978	
0	88827	
0	89056	
0	88935	
0	88477	
0	89070	
0	88683	
0	88816	
0	88922	
0	88741	
0	88568	
0	88944	
0	88723	
0	89124	
0	88881	
0	89065	
0	89066	
0	88487	
0	88789	
0	88475	
0	88604	
0	89087	
0	88945	
0	89162	
0	88525	
0	89213	
0	89032	
0	88274	
0	89274	
0	88820	
0	88949	
0	88839	
0	88690	
0	88832	
0	88805	
0	88831	
0	88208	
0	88986	
0	88853	
0	89102	
0	89038	
0	88565	
0	88930	
0	88994	
0	88957	
0	88970	
0	88820	
0	88988	
0	88904	
0	88859	
0	88896	
0	88635	
0	89222	
0	89369	
0	89135	
0	88681	
0	89558	
0	88696	
0	88855	
0	89409	
0	88657	
0	88885	
0	89064	
0	88454	
0	89025	
0	89096	
0	88746	
0	88610	
0	89039	
0	88054	
0	88691	
0	88799	
0	89096	
0	88999	
0	88449	
0	88701	
0	89007	
0	88557	
0	88407	
0	88882	
0	88895	
0	88552	
0	88826	
0	88636	
0	88691	
0	88515	
0	88814	
0	88824	
0	88815	
0	88942	
0	88489	
0	89133	
0	88948	
0	89344	
0	89217	
0	89411	
0	88797	
0	88913	
0	88937	
0	89103	
0	89472	
0	88689	
0	88853	
0	88358	
0	88777	
0	89199	
0	88551	
0	89274	
0	88970	
0	88884	
0	88361	
0	88215	
0	88998	
0	88947	
0	88667	
0	89449	
0	88895	
0	89040	
0	89167	
0	89207	
0	88967	
0	89215	
0	88536	
0	88834	
0	88957	
0	88480	
0	88962	
0	88655	
0	88869	
0	88922	
0	89103	
0	88737	
0	89245	
0	89434	
0	88855	
0	88747	
0	88533	
0	88463	
0	88886	
0	88632	
0	89284	
0	88732	
0	88867	
0	88998	
0	89087	
0	88473	
0	88712	
0	88733	
0	88741	
0	88938	
0	89109	
0	88707	
0	88586	
0	88295	
0	88897	
0	88493	
0	89228	
0	88960	
0	88848	
0	88836	
0	89265	
0	89153	
0	88823	
0	89036	
0	88622	
0	88761	
0	88702	
0	88635	
0	89053	
0	88325	
0	88927	
0	89215	
0	88717	
0	88714	
0	87669	
0	88803	
0	89257	
0	89344	
0	89343	
0	88518	
0	89103	
0	88848	
0	88912	
0	88759	
0	88783	
0	89162	
0	89059	
0	89149	
0	87848	
0	89034	
0	88649	
0	88355	
0	89095	
0	88409	
0	88597	
0	89268	
0	88967	
0	89002	
0	88931	
0	88195	
0	89589	
0	89142	
0	88652	
0	89173	
0	88832	
0	89272	
0	88792	
0	88845	
0	88547	
0	89474	
0	88882	
0	89216	
0	89175	
0	88938	
0	89083	
0	89303	
0	89089	
0	89153	
0	88714	
0	89242	
0	88647	
0	89431	
0	88658	
0	89180	
0	88954	
0	89027	
0	89242	
0	88814	
0	88635	
0	88960	
0	88804	
0	89079	
0	89166	
0	88901	
0	88928	
0	88769	
0	88552	
0	89128	
0	89150	
0	88836	
0	88894	
0	88519	
0	89049	
0	88541	
0	88720	
0	88707	
0	88419	
0	88561	
0	89130	
0	88314	
0	88519	
0	88956	
0	89514	
0	88859	
0	88888	
0	89643	
0	89179	
0	89159	
0	88910	
0	88738	
0	88607	
0	88629	
0	88650	
0	88420	
0	88488	
0	88465	
0	88639	
0	88940	
0	89232	
0	88742	
0	88853	
0	89132	
0	89358	
0	89090	
0	88734	
0	88751	
0	88773	
0	88910	
0	88241	
0	89228	
0	88780	
0	89033	
0	89542	
0	88860	
0	88886	
0	89582	
0	88603	
0	88955	
0	89204	
0	88515	
0	89152	
0	88993	
0	88557	
0	88955	
0	89306	
0	89143	
0	89146	
0	88871	
0	88939	
0	88838	
0	89044	
0	88916	
0	89108	
0	89000	
0	88819	
0	88878	
0	88999	
0	89316	
0	89387	
0	88392	
0	88966	
0	88694	
0	88583	
0	88961	
0	89101	
0	89336	
0	88626	
0	88633	
0	88488	
0	89296	
0	88863	
0	89235	
0	88481	
0	89217	
0	88933	
0	88496	
0	89265	
0	88890	
0	89201	
0	89241	
0	88738	
0	89478	
0	89100	
0	89062	
0	88274	
0	89397	
0	89099	
0	89137	
0	88984	
0	88734	
0	89117	
0	88317	
0	88835	
0	89413	
0	88925	
0	88550	
0	89784	
0	88571	
0	88829	
0	89002	
0	88760	
0	89135	
0	88849	
0	89029	
0	89152	
0	88411	
0	88815	
0	89159	
0	88623	
0	89018	
0	88780	
0	89318	
0	88917	
0	89146	
0	89303	
0	89013	
0	88349	
0	88709	
0	88867	
0	89198	
0	88547	
0	89091	
0	88810	
0	88666	
0	89150	
0	88634	
0	88889	
0	88834	
0	88655	
0	88708	
0	89061	
0	88524	
0	88721	
0	88886	
0	89490	
0	89051	
0	88814	
0	88868	
0	88766	
0	89276	
0	88997	
0	89208	
0	88795	
0	89336	
0	89149	
0	89213	
0	88956	
0	88424	
0	89194	
0	88536	
0	88860	
0	89002	
0	88617	
0	89139	
0	88875	
0	88768	
0	88539	
0	89387	
0	88818	
0	88668	
0	89233	
0	88398	
0	88636	
0	88893	
0	88848	
0	88822	
0	88972	
0	88696	
0	88628	
0	89191	
0	88483	
0	89038	
0	88770	
0	88776	
0	88865	
0	88356	
0	88690	
0	88507	
0	89132	
0	88921	
0	89472	
0	88478	
0	89095	
0	88790	
0	89151	
0	88677	
0	88551	
0	89019	
0	88738	
0	89449	
0	89478	
0	88813	
0	89284	
0	89226	
0	88734	
0	88664	
0	88955	
0	89416	
0	89342	
0	88914	
0	88931	
0	88532	
0	88992	
0	89154	
0	89152	
0	88654	
0	89196	
0	89023	
0	89247	
0	89376	
0	88429	
0	88999	
0	88817	
0	89307	
0	88727	
0	88987	
0	88602	
0	88267	
0	89438	
0	88724	
0	89170	
0	88938	
0	88773	
0	88557	
0	88481	
0	88592	
0	88324	
0	88799	
0	88863	
0	89191	
0	88713	
0	88608	
0	89009	
0	88811	
0	88934	
0	88941	
0	88810	
0	88618	
0	89287	
0	89292	
0	88523	
0	88449	
0	89173	
0	89061	
0	89327	
0	89171	
0	88915	
0	88809	
0	88914	
0	89237	
0	88969	
0	88947	
0	88828	
0	88798	
0	89027	
0	88715	
0	89163	
0	88947	
0	88786	
0	89017	
0	88264	
0	89369	
0	88995	
0	89105	
0	89072	
0	88733	
0	88892	
0	89142	
0	88776	
0	89337	
0	89212	
0	89268	
0	88763	
0	88700	
0	88511	
0	88894	
0	89061	
0	88919	
0	88861	
0	88689	
0	88953	
0	88990	
0	88727	
0	88986	
0	88819	
0	88541	
0	88934	
0	88737	
0	89490	
0	89168	
0	88978	
0	89175	
0	88976	
0	88592	
0	88678	
0	89515	
0	89148	
0	88811	
0	88779	
0	89022	
0	88637	
0	89024	
0	88983	
0	89104	
0	88543	
0	89226	
0	88796	
0	89137	
0	89314	
0	88885	
0	88767	
0	88423	
0	88786	
0	88523	
0	88833	
0	89030	
0	88885	
0	89126	
0	88843	
0	88268	
0	89026	
0	88506	
0	88907	
0	88841	
0	88639	
0	88830	
0	89376	
0	88828	
0	88555	
0	89309	
0	89079	
0	88679	
0	89074	
0	88665	
0	88985	
0	88582	
0	88827	
0	88913	
0	88598	
0	88800	
0	88895	
0	89008	
0	88705	
0	88708	
0	89153	
0	88783	
0	88480	
0	88931	
0	88863	
0	88850	
0	89044	
0	89305	
0	89261	
0	88943	
0	89686	
0	89209	
0	88947	
0	88436	
0	88996	
0	88955	
0	88906	
0	89254	
0	88476	
0	89279	
0	88959	
0	88555	
0	89069	
0	89467	
0	88493	
0	88989	
0	88964	
0	88615	
0	89232	
0	89141	
0	88921	
0	88520	
0	88646	
0	89275	
0	89076	
0	88805	
0	88611	
0	88971	
0	88879	
0	89066	
0	88948	
0	88880	
0	88705	
0	88908	
0	89047	
0	88954	
0	89115	
0	88758	
0	88876	
0	89102	
0	89250	
0	88757	
0	88622	
0	89075	
0	89854	
0	88653	
0	89365	
0	88613	
0	88996	
0	88802	
0	88888	
0	88783	
0	89441	
0	88700	
0	88608	
0	88569	
0	88934	
0	89069	
0	89001	
0	88913	
0	89026	
0	89224	
0	89329	
0	89030	
0	88452	
0	88325	
0	89064	
0	89220	
0	88540	
0	89264	
0	89286	
0	89419	
0	89378	
0	88736	
0	88861	
0	88595	
0	88656	
0	88591	
0	88666	
0	88579	
0	89553	
0	88812	
0	88877	
0	89160	
0	88962	
0	89137	
0	88815	
0	89112	
0	88778	
0	89194	
0	88923	
0	88672	
0	88889	
0	89492	
0	89240	
0	88604	
0	89053	
0	88587	
0	88697	
0	88930	
0	88984	
0	88853	
0	88996	
0	88641	
0	88988	
0	88262	
0	88740	
0	88917	
0	88730	
0	88487	
0	88772	
0	88909	
0	89086	
0	89151	
0	88393	
0	88517	
0	88879	
0	89516	
0	88884	
0	88762	
0	89322	
0	88853	
0	88466	
0	88788	
0	88857	
0	88185	
0	88309	
0	88873	
0	89180	
0	89027	
0	89319	
0	88762	
0	88959	
0	88550	
0	89036	
0	88747	
0	88826	
0	88418	
0	88935	
0	88730	
0	89178	
0	88947	
0	88907	
0	88823	
0	88745	
0	89394	
0	88765	
0	89275	
0	89036	
0	88907	
0	88638	
0	88938	
0	88557	
0	88222	
0	88915	
0	88689	
0	89098	
0	88749	
0	88811	
0	88792	
0	88892	
0	89365	
0	88772	
0	89141	
0	88848	
0	89047	
0	89048	
0	88315	
0	88743	
0	89003	
0	88555	
0	88621	
0	88905	
0	89282	
0	88467	
0	88890	
0	89205	
0	89036	
0	88503	
0	88737	
0	88723	
0	88661	
0	88977	
0	88766	
0	89152	
0	89163	
0	89271	
0	89338	
0	88828	
0	89139	
0	89039	
0	88433	
0	89607	
0	89525	
0	88893	
0	88411	
0	88744	
0	88658	
0	88765	
0	88764	
0	89254	
0	89441	
0	88927	
0	88800	
0	89078	
0	89313	
0	89061	
0	89117	
0	89138	
0	88766	
0	88904	
0	88716	
0	88179	
0	88872	
0	89101	
0	88986	
0	88828	
0	88758	
0	88828	
0	88952	
0	88798	
0	88868	
0	88449	
0	88898	
0	89081	
0	89540	
0	88670	
0	88679	
0	89105	
0	88965	
0	88915	
0	89379	
0	88898	
0	88466	
0	88985	
0	89159	
0	89312	
0	89169	
0	88735	
0	89169	
0	88694	
0	89357	
0	89290	
0	89200	
0	88753	
0	89264	
0	88565	
0	88830	
0	89425	
0	89044	
0	88898	
0	89067	
0	88726	
0	89362	
0	88790	
0	88505	
0	88717	
0	89212	
0	89710	
0	88666	
0	88465	
0	88580	
0	88700	
0	89031	
0	88913	
0	88717	
0	88963	
0	89564	
0	88550	
0	89110	
0	88559	
0	88914	
0	88851	
0	88619	
0	88761	
0	88761	
0	88199	
0	88602	
0	89052	
0	89004	
0	88692	
0	88779	
0	88628	
0	88623	
0	88849	
0	88655	
0	88628	
0	89041	
0	89176	
0	88848	
0	89156	
0	88660	
0	89483	
0	88827	
0	88817	
0	88787	
0	88341	
0	89065	
0	88689	
0	88947	
0	88648	
0	88726	
0	89527	
0	89317	
0	88938	
0	89248	
0	89160	
0	89023	
0	88945	
0	89050	
0	88889	
0	88684	
0	89313	
0	88621	
0	88789	
0	88984	
0	89047	
0	89364	
0	88676	
0	89530	
0	88683	
0	88831	
0	89427	
0	89031	
0	88705	
0	89028	
0	88728	
0	89004	
0	88487	
0	89330	
0	89229	
0	88747	
0	88513	
0	89023	
0	89139	
0	88665	
0	89087	
0	88578	
0	88820	
0	89281	
0	88779	
0	88996	
0	89056	
0	88639	
0	89045	
0	88690	
0	89196	
0	89103	
0	89081	
0	88501	
0	89043	
0	88881	
0	88650	
0	89307	
0	88803	
0	89597	
0	88528	
0	88580	
0	88483	
0	89008	
0	88594	
0	89316	
0	88980	
0	88369	
0	88515	
0	88902	
0	89093	
0	89126	
0	89040	
0	88717	
0	88893	
0	88610	
0	88957	
0	89243	
0	88906	
0	89116	
0	89021	
0	89089	
0	89076	
0	88445	
0	89142	
0	88404	
0	89253	
0	89415	
0	88665	
0	88959	
0	89352	
0	88797	
0	88482	
0	89253	
0	89395	
0	88959	
0	89055	
0	88971	
0	88409	
0	88763	
0	89234	
0	88760	
0	88846	
0	88729	
0	88120	
0	88887	
0	88935	
0	89093	
0	89022	
0	88814	
0	89437	
0	88736	
0	89069	
0	89135	
0	88899	
0	88986	
0	89288	
0	88681	
0	88858	
0	88557	
0	88587	
0	88532	
0	88816	
0	89311	
0	88802	
0	88896	
0	89121	
0	89113	
0	89171	
0	88981	
0	88655	
0	89098	
0	88605	
0	88736	
0	89270	
0	89016	
0	88568	
0	89020	
0	88800	
0	88886	
0	88596	
0	89060	
0	88888	
0	89025	
0	88940	
0	88772	
0	88927	
0	88929	
0	88741	
0	88746	
0	88993	
0	89277	
0	89052	
0	89247	
0	89127	
0	88875	
0	88824	
0	89137	
0	89441	
0	88450	
0	88874	
0	88763	
0	88460	
0	88565	
0	88770	
0	88774	
0	88483	
0	89095	
0	88816	
0	88967	
0	88602	
0	88757	
0	89255	
0	88915	
0	88624	
0	89257	
0	88967	
0	89078	
0	88673	
0	89289	
0	88901	
0	88987	
0	89464	
0	88108	
0	88720	
0	88561	
0	89101	
0	88901	
0	88805	
0	88759	
0	88952	
0	88785	
0	88707	
0	88407	
0	88655	
0	89157	
0	88901	
0	89104	
0	88611	
0	88750	
0	89000	
0	89218	
0	88415	
0	88512	
0	88457	
0	88572	
0	89441	
0	88543	
0	89377	
0	89209	
0	88561	
0	88651	
0	89040	
0	88486	
0	88262	
0	88944	
0	88302	
0	88641	
0	89041	
0	88745	
0	89143	
0	88792	
0	88260	
0	88797	
0	88859	
0	89196	
0	88640	
0	89260	
0	88528	
0	88747	
0	88906	
0	88748	
0	89307	
0	88628	
0	88889	
0	88946	
0	89394	
0	89242	
0	88898	
0	88959	
0	88928	
0	88839	
0	88729	
0	89169	
0	89273	
0	88339	
0	88403	
0	89318	
0	89037	
0	88856	
0	88960	
0	88978	
0	88800	
0	89148	
0	89121	
0	89184	
0	88822	
0	88650	
0	89207	
0	88721	
0	88864	
0	88409	
0	89414	
0	89122	
0	88785	
0	88809	
0	88870	
0	88767	
0	89135	
0	88929	
0	88560	
0	89152	
0	88541	
0	89148	
0	88650	
0	88808	
0	88846	
0	89228	
0	89684	
0	88545	
0	89289	
0	88743	
0	89295	
0	88780	
0	88845	
0	89191	
0	88669	
0	89116	
0	88763	
0	88839	
0	88555	
0	88853	
0	89012	
0	88606	
0	89015	
0	88629	
0	89018	
0	88892	
0	89100	
0	88995	
0	88565	
0	88900	
0	89011	
0	88450	
0	88804	
0	89044	
0	89283	
0	89104	
0	88997	
0	88811	
0	89153	
0	88926	
0	88707	
0	88753	
0	89171	
0	88587	
0	88774	
0	89212	
0	89119	
0	88995	
0	88776	
0	88902	
0	88272	
0	88613	
0	88982	
0	89037	
0	88289	
0	88625	
0	88909	
0	89071	
0	89027	
0	89229	
0	89030	
0	89366	
0	88431	
0	88337	
0	88502	
0	89062	
0	88991	
0	89219	
0	88595	
0	89375	
0	89117	
0	89151	
0	89247	
0	89180	
0	88531	
0	88840	
0	89176	
0	88973	
0	88748	
0	89177	
0	88920	
0	89048	
0	88867	
0	88716	
0	89031	
0	89053	
0	89416	
0	89052	
0	89276	
0	88677	
0	88964	
0	88824	
0	88720	
0	88701	
0	89243	
0	88539	
0	89178	
0	89147	
0	88958	
0	88558	
0	88707	
0	88971	
0	88599	
0	89140	
0	88539	
0	89213	
0	88778	
0	89107	
0	88776	
0	88689	
0	89053	
0	89007	
0	89082	
0	89134	
0	89034	
0	88333	
0	88974	
0	88861	
0	89299	
0	89015	
0	88795	
0	88705	
0	88596	
0	89141	
0	88436	
0	88751	
0	88846	
0	89276	
0	88996	
0	89355	
0	88959	
0	88768	
0	88775	
0	88424	
0	88638	
0	89131	
0	89038	
0	89072	
0	89055	
0	88464	
0	89070	
0	88709	
0	88711	
0	89281	
0	88638	
0	88824	
0	89239	
0	89113	
0	88630	
0	88644	
0	89252	
0	88886	
0	89068	
0	88845	
0	89246	
0	89476	
0	89103	
0	88906	
0	89126	
0	89030	
0	88611	
0	89040	
0	88732	
0	88716	
0	89109	
0	88928	
0	88865	
0	88779	
0	88716	
0	89062	
0	88581	
0	88498	
0	89109	
0	88738	
0	88412	
0	88973	
0	89087	
0	88850	
0	88392	
0	88980	
0	89432	
0	88863	
0	88645	
0	88184	
0	89144	
0	88894	
0	88803	
0	88935	
0	88821	
0	88864	
0	88752	
0	88781	
0	89056	
0	88835	
0	88704	
0	88941	
0	89503	
0	89297	
0	89336	
0	89225	
0	89093	
0	88698	
0	89257	
0	89081	
0	88759	
0	89112	
0	88364	
0	88898	
0	88667	
0	88743	
0	88741	
0	88982	
0	89028	
0	89045	
0	88921	
0	88928	
0	88833	
0	89048	
0	88973	
0	88843	
0	88497	
0	88574	
0	88854	
0	88694	
0	89318	
0	88665	
0	88496	
0	89086	
0	89118	
0	88677	
0	88810	
0	89254	
0	88713	
0	89173	
0	88789	
0	88666	
0	88924	
0	88880	
0	89074	
0	89196	
0	89057	
0	89198	
0	88977	
0	89034	
0	88679	
0	88609	
0	89373	
0	88581	
0	88945	
0	88855	
0	89116	
0	88865	
0	88471	
0	88966	
0	88826	
0	88883	
0	88682	
0	88970	
0	89065	
0	88844	
0	88641	
0	88919	
0	88584	
0	88957	
0	88460	
0	88815	
0	88460	
0	88357	
0	88444	
0	88914	
0	89503	
0	89099	
0	88579	
0	89043	
0	88999	
0	88890	
0	89358	
0	89100	
0	89011	
0	89107	
0	88625	
0	88841	
0	88980	
0	89021	
0	88634	
0	88666	
0	89042	
0	88800	
0	88750	
0	88786	
0	88801	
0	89141	
0	88928	
0	88635	
0	88673	
0	88700	
0	88789	
0	88811	
0	88948	
0	88635	
0	88570	
0	88287	
0	88965	
0	88797	
0	89063	
0	89328	
0	88458	
0	88809	
0	89343	
0	88761	
0	89026	
0	88426	
0	89387	
0	88831	
0	89009	
0	88931	
0	88711	
0	88939	
0	89088	
0	88652	
0	89126	
0	89220	
0	88508	
0	89279	
0	88945	
0	88994	
0	88952	
0	89143	
0	88517	
0	89076	
0	89239	
0	88216	
0	88572	
0	88602	
0	88256	
0	88973	
0	89578	
0	89373	
0	88639	
0	88613	
0	88889	
0	89119	
0	89260	
0	88984	
0	88741	
0	88849	
0	88327	
0	89334	
0	88972	
0	89018	
0	89039	
0	88868	
0	88568	
0	88878	
0	88367	
0	89293	
0	88892	
0	88984	
0	88798	
0	89212	
0	88727	
0	89030	
0	88318	
0	89589	
0	89389	
0	88771	
0	88593	
0	88651	
0	89034	
0	88922	
0	88636	
0	88224	
0	88571	
0	88894	
0	88478	
0	88515	
0	88578	
0	89272	
0	89003	
0	88845	
0	88722	
0	89151	
0	88541	
0	89009	
0	89132	
0	89017	
0	88958	
0	89177	
0	88857	
0	89250	
0	88977	
0	89092	
0	89313	
0	88876	
0	89061	
0	89287	
0	89102	
0	89082	
0	88970	
0	88681	
0	88746	
0	89333	
0	88969	
0	88965	
0	88404	
0	88802	
0	88956	
0	88879	
0	89145	
0	89085	
0	88971	
0	89158	
0	88907	
0	89086	
0	88589	
0	88421	
0	88800	
0	88843	
0	89041	
0	89025	
0	88906	
0	88737	
0	89024	
0	88970	
0	88616	
0	88847	
0	89135	
0	88822	
0	88721	
0	88814	
0	88596	
0	88680	
0	88784	
0	88602	
0	88473	
0	88955	
0	88808	
0	88950	
0	88745	
0	89207	
0	88712	
0	88726	
0	89104	
0	89065	
0	88591	
0	88526	
0	89505	
0	89084	
0	88648	
0	88982	
0	89594	
0	88835	
0	88810	
0	88208	
0	88637	
0	89196	
0	88676	
0	89069	
0	88402	
0	88518	
0	89009	
0	89001	
0	88743	
0	88810	
0	89492	
0	89213	
0	88810	
0	89279	
0	88767	
0	88609	
0	88734	
0	89109	
0	89096	
0	89381	
0	88756	
0	88655	
0	88628	
0	89265	
0	88565	
0	88866	
0	88817	
0	89472	
0	88909	
0	88683	
0	89132	
0	89075	
0	88951	
0	89513	
0	89167	
0	88894	
0	89010	
0	88559	
0	89211	
0	89323	
0	88816	
0	88800	
0	89001	
0	89135	
0	89066	
0	88649	
0	89066	
0	88789	
0	88816	
0	88903	
0	88443	
0	89351	
0	88898	
0	89176	
0	88488	
0	88666	
0	88514	
0	89042	
0	89003	
0	88640	
0	88714	
0	89271	
0	89138	
0	88662	
0	89426	
0	88946	
0	88681	
0	88849	
0	88641	
0	89198	
0	89030	
0	89102	
0	89448	
0	88989	
0	89068	
0	88923	
0	88833	
0	88643	
0	88691	
0	88520	
0	88803	
0	88849	
0	88844	
0	89099	
0	88422	
0	89251	
0	89508	
0	89124	
0	89245	
0	89004	
0	88643	
0	88730	
0	88465	
0	88827	
0	88392	
0	88923	
0	89316	
0	88802	
0	88701	
0	88949	
0	88638	
0	88525	
0	89123	
0	88450	
0	88357	
0	89048	
0	88730	
0	89443	
0	88830	
0	88979	
0	88633	
0	89027	
0	89135	
0	89223	
0	89229	
0	88701	
0	89267	
0	88642	
0	88871	
0	88780	
0	89246	
0	88842	
0	88894	
0	88752	
0	88761	
0	89309	
0	88668	
0	88403	
0	88956	
0	88869	
0	88519	
0	89334	
0	89434	
0	88617	
0	88722	
0	89160	
0	88525	
0	88995	
0	88855	
0	89227	
0	88607	
0	88705	
0	88889	
0	89331	
0	88943	
0	88841	
0	88872	
0	89062	
0	88791	
0	89145	
0	88966	
0	88590	
0	88814	
0	88869	
0	88489	
0	89061	
0	88730	
0	88856	
0	89370	
0	88745	
0	89096	
0	89132	
0	89405	
0	88945	
0	89236	
0	88869	
0	88544	
0	89104	
0	89094	
0	88702	
0	88729	
0	88793	
0	89240	
0	88963	
0	88839	
0	88782	
0	88465	
0	88846	
0	89063	
0	89323	
0	88591	
0	88805	
0	88652	
0	88813	
0	88578	
0	88756	
0	88863	
0	88975	
0	88767	
0	88401	
0	89346	
0	89470	
0	89071	
0	89186	
0	88901	
0	89336	
0	89232	
0	89006	
0	89194	
0	89130	
0	89013	
0	88987	
0	88883	
0	88970	
0	88756	
0	88612	
0	89229	
0	88647	
0	88939	
0	88779	
0	89269	
0	88677	
0	88656	
0	89255	
0	89063	
0	88750	
0	89200	
0	89103	
0	88783	
0	88905	
0	88632	
0	88621	
0	88676	
0	88532	
0	88725	
0	89132	
0	88798	
0	88895	
0	89161	
0	88756	
0	89305	
0	89166	
0	88959	
0	89041	
0	89455	
0	89140	
0	88752	
0	88529	
0	88839	
0	89446	
0	88784	
0	89237	
0	89139	
0	89242	
0	88513	
0	88841	
0	88564	
0	89333	
0	89196	
0	88708	
0	88866	
0	89097	
0	88395	
0	88921	
0	88042	
0	89186	
0	88770	
0	89078	
0	88920	
0	88713	
0	88779	
0	89073	
0	89224	
0	89071	
0	88906	
0	89028	
0	88893	
0	88891	
0	88504	
0	89147	
0	88844	
0	88848	
0	88987	
0	88725	
0	89248	
0	88710	
0	88415	
0	88873	
0	88934	
0	88830	
0	88974	
0	89059	
0	89083	
0	89317	
0	89427	
0	88719	
0	89099	
0	88832	
0	88378	
0	89217	
0	88554	
0	88773	
0	88974	
0	88233	
0	89641	
0	88542	
0	89365	
0	88912	
0	89319	
0	89186	
0	89026	
0	88739	
0	88807	
0	88453	
0	89180	
0	89032	
0	88890	
0	88463	
0	88864	
0	89012	
0	88804	
0	89085	
0	88714	
0	89144	
0	88709	
0	89005	
0	88689	
0	88708	
0	89026	
0	89374	
0	88947	
0	89029	
0	88445	
0	89436	
0	88891	
0	88760	
0	89350	
0	88726	
0	89326	
0	88978	
0	88935	
0	89091	
0	88752	
0	88976	
0	88952	
0	88680	
0	89019	
0	89072	
0	88633	
0	88419	
0	88792	
0	88988	
0	88682	
0	89215	
0	89125	
0	89016	
0	88648	
0	88886	
0	89005	
0	88414	
0	88288	
0	88878	
0	88682	
0	88931	
0	89196	
0	89071	
0	88887	
0	88765	
0	88712	
0	88515	
0	89511	
0	88868	
0	89100	
0	89308	
0	89000	
0	89316	
0	88682	
0	88654	
0	88579	
0	88668	
0	89215	
0	88730	
0	88871	
0	88726	
0	89323	
0	88776	
0	88204	
0	88709	
0	89087	
0	88922	
0	88756	
0	88732	
0	88897	
0	88369	
0	89073	
0	88530	
0	88652	
0	89077	
0	88981	
0	88748	
0	88685	
0	89330	
0	88737	
0	89065	
0	88383	
0	88622	
0	88349	
0	89200	
0	88344	
0	88683	
0	88891	
0	88731	
0	88699	
0	88230	
0	89109	
0	89117	
0	89172	
0	89271	
0	88833	
0	88791	
0	89078	
0	88904	
0	88960	
0	88608	
0	88890	
0	88789	
0	89122	
0	88821	
0	89238	
0	89432	
0	88997	
0	88620	
0	88577	
0	89379	
0	89115	
0	89216	
0	88608	
0	89135	
0	88865	
0	88796	
0	89101	
0	88505	
0	88772	
0	88795	
0	88807	
0	89278	
0	88964	
0	89186	
0	89426	
0	88543	
0	88890	
0	88537	
0	88968	
0	89127	
0	88767	
0	88664	
0	89387	
0	88962	
0	88425	
0	88798	
0	88698	
0	89319	
0	88555	
0	88553	
0	88738	
0	88675	
0	88790	
0	89283	
0	89284	
0	88633	
0	88804	
0	89401	
0	88901	
0	88969	
0	88265	
0	88555	
0	89229	
0	88658	
0	89035	
0	89012	
0	88911	
0	88452	
0	89195	
0	89255	
0	88942	
0	89046	
0	89197	
0	88460	
0	88340	
0	89145	
0	88879	
0	88784	
0	88825	
0	88907	
0	88358	
0	88664	
0	89239	
0	88994	
0	88549	
0	88733	
0	89613	
0	89247	
0	89042	
0	89129	
0	89084	
0	88892	
0	88734	
0	89192	
0	88328	
0	89047	
0	88673	
0	89065	
0	88553	
0	88758	
0	88960	
0	89375	
0	88663	
0	88926	
0	89074	
0	88875	
0	88502	
0	89022	
0	88766	
0	88599	
0	89063	
0	88735	
0	88712	
0	88753	
0	89044	
0	88925	
0	89079	
0	88392	
0	88951	
0	89164	
0	88973	
0	88383	
0	88885	
0	88800	
0	88901	
0	88674	
0	89171	
0	88328	
0	88711	
0	88388	
0	88900	
0	88850	
0	88505	
0	88947	
0	88903	
0	89089	
0	88778	
0	88204	
0	89286	
0	88970	
0	88554	
0	88623	
0	87973	
0	88905	
0	88771	
0	89294	
0	88503	
0	88633	
0	88668	
0	88707	
0	89010	
0	88955	
0	88109	
0	88937	
0	88996	
0	88782	
0	88564	
0	88932	
0	88765	
0	88597	
0	89280	
0	88838	
0	88967	
0	88915	
0	88676	
0	88909	
0	88442	
0	89251	
0	89221	
0	88694	
0	89013	
0	89025	
0	88893	
0	89193	
0	88812	
0	88865	
0	88922	
0	88387	
0	89092	
0	88784	
0	88812	
0	89113	
0	88772	
0	89153	
0	88933	
0	89040	
0	88853	
0	88974	
0	89212	
0	89118	
0	89032	
0	88742	
0	88500	
0	88851	
0	88434	
0	88914	
0	88766	
0	89050	
0	88791	
0	89134	
0	88900	
0	88802	
0	88505	
0	88958	
0	89281	
0	88686	
0	89605	
0	88938	
0	89092	
0	89213	
0	89349	
0	88420	
0	89375	
0	88923	
0	89242	
0	88711	
0	89036	
0	88670	
0	88574	
0	88819	
0	88850	
0	89167	
0	88667	
0	88739	
0	89269	
0	89358	
0	88821	
0	89015	
0	89268	
0	88660	
0	88811	
0	88774	
0	88428	
0	88804	
0	88812	
0	88503	
0	88763	
0	89189	
0	89291	
0	88780	
0	89025	
0	89057	
0	88710	
0	88642	
0	89128	
0	88814	
0	88697	
0	89115	
0	88595	
0	89004	
0	88469	
0	88741	
0	89214	
0	89053	
0	88919	
0	89070	
0	88842	
0	88534	
0	88988	
0	88634	
0	88662	
0	89116	
0	88748	
0	89097	
0	89096	
0	89293	
0	88649	
0	88407	
0	89050	
0	88870	
0	89012	
0	89019	
0	88788	
0	89240	
0	88679	
0	88911	
0	88843	
0	88765	
0	88426	
0	88760	
0	88599	
0	89030	
0	88727	
0	88826	
0	88845	
0	89179	
0	89492	
0	88573	
0	89061	
0	89291	
0	88749	
0	89448	
0	88939	
0	88930	
0	88555	
0	89082	
0	88965	
0	88805	
0	88876	
0	89176	
0	88841	
0	89171	
0	89100	
0	89368	
0	88773	
0	88578	
0	88470	
0	89006	
0	88311	
0	88804	
0	89039	
0	89124	
0	88500	
0	89046	
0	88834	
0	88884	
0	88926	
0	89394	
0	89022	
0	89074	
0	88572	
0	88833	
0	88740	
0	88719	
0	89318	
0	88778	
0	89789	
0	88975	
0	89257	
0	88630	
0	89052	
0	89072	
0	89138	
0	88842	
0	88805	
0	89029	
0	88653	
0	88629	
0	88772	
0	89177	
0	88286	
0	88555	
0	89179	
0	89380	
0	88747	
0	88810	
0	88653	
0	88802	
0	89106	
0	89596	
0	89060	
0	89089	
0	88971	
0	88956	
0	88837	
0	88484	
0	89119	
0	88817	
0	89196	
0	89013	
0	89012	
0	88408	
0	88555	
0	89131	
0	89282	
0	88366	
0	88892	
0	88688	
0	88948	
0	88905	
0	88734	
0	88849	
0	88598	
0	89218	
0	88522	
0	88927	
0	88703	
0	89089	
0	88552	
0	88680	
0	89038	
0	88702	
0	88584	
0	89398	
0	88871	
0	89137	
0	88916	
0	89111	
0	88844	
0	88716	
0	89078	
0	88666	
0	89244	
0	89538	
0	89534	
0	88927	
0	88961	
0	89288	
0	89117	
0	88658	
0	89757	
0	89667	
0	89009	
0	88870	
0	89031	
0	88776	
0	88557	
0	89023	
0	88996	
0	89016	
0	88648	
0	89314	
0	88818	
0	89192	
0	88924	
0	88681	
0	89158	
0	88342	
0	89206	
0	88665	
0	88963	
0	88415	
0	88862	
0	88763	
0	89537	
0	88643	
0	88919	
0	88810	
0	88962	
0	88859	
0	88990	
0	88302	
0	88508	
0	88899	
0	88641	
0	88711	
0	88783	
0	88571	
0	89481	
0	89189	
0	88563	
0	89473	
0	88639	
0	89007	
0	88587	
0	88246	
0	89711	
0	89295	
0	89488	
0	88801	
0	88947	
0	89412	
0	88590	
0	88772	
0	89074	
0	89278	
0	88851	
0	88739	
0	88980	
0	89112	
0	88819	
0	89359	
0	88706	
0	88969	
0	88957	
0	88901	
0	89149	
0	88943	
0	88833	
0	88744	
0	89107	
0	88420	
0	89183	
0	88835	
0	89044	
0	88641	
0	89154	
0	88530	
0	88873	
0	88957	
0	88747	
0	88948	
0	88622	
0	88554	
0	89033	
0	88670	
0	89526	
0	88722	
0	88960	
0	89298	
0	88915	
0	88889	
0	88653	
0	88790	
0	88698	
0	88741	
0	89486	
0	88746	
0	89158	
0	89083	
0	89048	
0	88724	
0	88931	
0	88233	
0	88813	
0	88961	
0	88934	
0	88444	
0	88731	
0	88709	
0	89415	
0	88546	
0	88425	
0	89026	
0	89221	
0	89197	
0	88679	
0	88510	
0	88520	
0	88642	
0	88991	
0	88960	
0	88696	
0	89320	
0	88859	
0	88597	
0	88782	
0	89100	
0	88696	
0	89279	
0	88591	
0	88565	
0	89091	
0	88683	
0	89068	
0	89046	
0	89176	
0	88783	
0	88632	
0	88651	
0	88632	
0	88829	
0	88591	
0	88650	
0	89105	
0	88887	
0	88796	
0	88592	
0	88979	
0	89065	
0	88803	
0	88979	
0	88612	
0	89090	
0	88896	
0	88832	
0	88987	
0	89179	
0	88381	
0	88790	
0	88625	
0	88902	
0	88595	
0	88850	
0	89262	
0	89246	
0	88530	
0	88956	
0	88867	
0	88988	
0	89270	
0	89176	
0	88780	
0	89104	
0	89041	
0	88600	
0	88803	
0	88907	
0	89347	
0	88789	
0	88939	
0	88974	
0	88592	
0	88405	
0	88742	
0	88904	
0	88994	
0	89157	
0	88942	
0	89031	
0	89453	
0	88690	
0	88664	
0	88828	
0	89063	
0	89296	
0	89266	
0	89010	
0	89141	
0	89144	
0	89176	
0	88836	
0	88432	
0	88554	
0	89135	
0	89080	
0	88556	
0	88979	
0	88477	
0	88643	
0	88809	
0	88696	
0	89331	
0	89360	
0	88953	
0	88845	
0	89347	
0	89184	
0	89293	
0	89178	
0	89029	
0	88863	
0	88780	
0	88800	
0	89153	
0	88956	
0	89049	
0	89207	
0	89178	
0	88767	
0	88980	
0	88497	
0	89039	
0	88815	
0	89020	
0	89054	
0	89064	
0	88969	
0	89159	
0	89188	
0	88775	
0	88968	
0	89323	
0	88910	
0	88368	
0	88518	
0	88301	
0	88612	
0	89116	
0	89010	
0	89144	
0	89748	
0	89467	
0	89364	
0	88549	
0	88940	
0	88718	
0	88781	
0	89058	
0	89181	
0	88487	
0	88850	
0	88709	
0	88769	
0	88653	
0	89073	
0	88703	
0	88845	
0	88953	
0	88935	
0	88962	
0	89135	
0	88911	
0	88895	
0	89220	
0	88799	
0	88992	
0	88582	
0	88722	
0	89516	
0	89030	
0	88935	
0	89148	
0	89009	
0	88747	
0	88837	
0	89222	
0	88807	
0	88968	
0	88933	
0	88516	
0	89181	
0	88886	
0	89111	
0	89232	
0	89173	
0	88925	
0	88455	
0	88467	
0	88796	
0	88823	
0	88999	
0	88661	
0	89154	
0	88770	
0	88365	
0	88463	
0	88863	
0	89100	
0	88823	
0	88658	
0	88853	
0	88333	
0	88948	
0	89075	
0	89285	
0	88865	
0	88969	
0	88757	
0	89159	
0	88915	
0	88794	
0	88749	
0	89044	
0	88744	
0	88789	
0	89253	
0	88862	
0	88575	
0	88806	
0	89179	
0	88816	
0	88923	
0	88772	
0	88847	
0	89137	
0	88977	
0	89234	
0	88481	
0	88725	
0	88738	
0	88811	
0	88574	
0	88390	
0	88963	
0	88735	
0	88963	
0	88984	
0	88834	
0	88420	
0	89025	
0	88826	
0	89006	
0	88831	
0	89103	
0	88896	
0	88604	
0	88694	
0	89017	
0	88582	
0	88608	
0	89022	
0	88577	
0	88793	
0	89031	
0	88766	
0	88766	
0	88615	
0	88754	
0	89016	
0	89655	
0	88954	
0	88849	
0	88736	
0	88922	
0	89527	
0	88960	
0	88745	
0	88613	
0	89047	
0	88979	
0	89011	
0	88985	
0	88707	
0	89309	
0	88985	
0	88802	
0	88891	
0	88819	
0	89000	
0	88767	
0	89125	
0	88981	
0	89077	
0	89108	
0	89129	
0	88129	
0	89207	
0	89184	
0	88580	
0	89051	
0	88812	
0	89075	
0	89296	
0	88708	
0	88382	
0	88607	
0	89328	
0	89446	
0	88576	
0	89358	
0	88814	
0	88957	
0	88824	
0	89001	
0	89126	
0	89562	
0	88781	
0	88986	
0	88664	
0	89582	
0	89068	
0	89345	
0	88579	
0	88848	
0	89043	
0	88656	
0	89174	
0	88578	
0	89009	
0	88812	
0	88788	
0	89052	
0	88839	
0	89140	
0	89131	
0	88832	
0	89240	
0	89155	
0	89109	
0	89264	
0	88938	
0	88984	
0	88903	
0	88833	
0	88675	
0	89192	
0	89259	
0	88581	
0	89301	
0	89377	
0	89434	
0	88634	
0	88932	
0	89314	
0	89006	
0	88733	
0	88860	
0	88906	
0	89099	
0	88837	
0	89170	
0	88483	
0	89050	
0	88858	
0	89144	
0	89224	
0	88950	
0	89252	
0	89224	
0	88490	
0	88685	
0	88944	
0	88683	
0	88944	
0	88627	
0	88631	
0	88898	
0	88962	
0	89126	
0	89196	
0	88953	
0	89321	
0	89059	
0	89042	
0	88539	
0	88627	
0	89082	
0	89081	
0	88579	
0	88900	
0	88565	
0	89023	
0	89112	
0	88884	
0	88970	
0	88650	
0	88857	
0	89194	
0	89112	
0	88681	
0	88335	
0	89123	
0	89514	
0	88484	
0	89457	
0	89048	
0	88481	
0	88524	
0	88830	
0	89093	
0	89328	
0	88629	
0	88716	
0	88821	
0	89350	
0	88823	
0	88834	
0	88693	
0	89023	
0	89025	
0	89105	
0	88522	
0	89173	
0	88635	
0	89071	
0	88794	
0	88886	
0	89114	
0	88709	
0	89102	
0	88963	
0	88617	
0	88826	
0	89658	
0	88743	
0	88984	
0	89173	
0	89149	
0	89308	
0	88721	
0	88745	
0	88649	
0	89206	
0	89026	
0	89031	
0	89176	
0	89011	
0	88868	
0	88933	
0	89210	
0	89028	
0	89041	
0	89097	
0	89139	
0	89135	
0	88860	
0	89103	
0	89039	
0	88510	
0	89069	
0	88693	
0	88559	
0	89363	
0	89010	
0	89038	
0	88817	
0	88608	
0	88881	
0	89215	
0	88473	
0	89364	
0	88476	
0	88772	
0	88940	
0	89450	
0	88726	
0	89018	
0	89148	
0	89582	
0	88901	
0	89122	
0	88509	
0	88068	
0	88767	
0	88932	
0	88653	
0	89014	
0	88931	
0	89747	
0	88238	
0	88949	
0	88902	
0	88681	
0	88814	
0	89353	
0	89003	
0	88696	
0	89205	
0	88321	
0	89020	
0	88763	
0	89082	
0	88326	
0	89237	
0	88719	
0	89474	
0	88517	
0	88865	
0	88763	
0	88977	
0	89541	
0	88926	
0	88725	
0	89071	
0	88814	
0	88663	
0	88900	
0	89190	
0	89729	
0	88789	
0	88629	
0	88629	
0	88555	
0	88878	
0	89185	
0	88396	
0	89369	
0	88616	
0	89113	
0	88476	
0	88349	
0	88517	
0	89469	
0	88912	
0	88640	
0	88586	
0	88725	
0	88430	
0	89217	
0	88891	
0	89076	
0	88992	
0	89037	
0	89188	
0	88990	
0	88224	
0	89273	
0	88809	
0	88703	
0	89179	
0	89055	
0	89556	
0	89224	
0	88664	
0	88470	
0	88841	
0	88746	
0	88787	
0	88881	
0	89308	
0	88474	
0	88894	
0	88449	
0	88985	
0	88992	
0	89266	
0	88532	
0	88720	
0	89197	
0	88588	
0	88757	
0	89123	
0	88743	
0	88608	
0	88587	
0	88747	
0	88587	
0	88807	
0	88877	
0	89609	
0	89678	
0	88984	
0	88593	
0	88711	
0	89139	
0	89172	
0	88880	
0	88988	
0	89200	
0	88794	
0	89183	
0	88813	
0	88559	
0	88669	
0	88823	
0	88903	
0	88764	
0	89165	
0	88849	
0	88894	
0	89166	
0	88813	
0	88950	
0	88716	
0	88783	
0	88820	
0	88371	
0	88862	
0	88612	
0	88369	
0	88681	
0	88508	
0	88882	
0	88720	
0	88318	
0	88563	
0	88981	
0	89112	
0	88859	
0	88203	
0	88844	
0	89591	
0	89175	
0	88531	
0	88874	
0	88994	
0	88702	
0	88981	
0	88942	
0	88766	
0	89191	
0	88820	
0	89057	
0	88539	
0	88853	
0	88950	
0	88646	
0	88962	
0	88816	
0	89128	
0	89201	
0	88901	
0	88728	
0	88907	
0	89040	
0	88754	
0	88987	
0	88919	
0	88725	
0	89290	
0	88887	
0	88993	
0	88870	
0	88911	
0	89184	
0	88474	
0	88825	
0	88356	
0	88945	
0	88905	
0	89155	
0	89076	
0	89210	
0	89074	
0	89383	
0	88583	
0	89061	
0	88657	
0	89196	
0	89092	
0	88378	
0	88972	
0	89335	
0	88843	
0	88881	
0	89188	
0	88985	
0	88648	
0	89000	
0	88593	
0	88786	
0	89410	
0	88648	
0	88918	
0	88496	
0	88808	
0	88735	
0	89230	
0	88817	
0	88989	
0	88631	
0	88659	
0	88840	
0	88845	
0	88630	
0	89186	
0	88896	
0	88571	
0	88781	
0	88922	
0	89010	
0	89215	
0	88846	
0	89022	
0	88993	
0	88521	
0	88918	
0	88712	
0	88932	
0	89233	
0	88686	
0	89293	
0	88777	
0	89227	
0	88680	
0	88868	
0	89232	
0	88687	
0	88757	
0	88851	
0	89078	
0	89151	
0	88907	
0	89279	
0	89125	
0	89013	
0	88726	
0	88952	
0	89643	
0	89367	
0	89227	
0	88715	
0	89215	
0	88426	
0	89002	
0	88941	
0	89038	
0	88809	
0	88626	
0	89510	
0	88818	
0	88499	
0	88670	
0	88343	
0	88713	
0	88785	
0	88605	
0	88760	
0	89056	
0	88771	
0	89131	
0	88774	
0	88930	
0	88584	
0	89082	
0	88596	
0	89187	
0	89034	
0	88767	
0	88518	
0	89062	
0	89259	
0	88839	
0	88478	
0	88750	
0	89101	
0	89115	
0	88615	
0	88990	
0	88976	
0	89357	
0	88885	
0	88749	
0	88781	
0	88667	
0	88901	
0	88971	
0	89042	
0	88954	
0	89212	
0	89261	
0	89092	
0	88797	
0	89266	
0	88728	
0	88897	
0	89315	
0	89349	
0	88919	
0	88876	
0	88771	
0	88408	
0	89231	
0	89550	
0	88899	
0	88825	
0	88912	
0	89210	
0	88988	
0	89109	
0	88505	
0	88781	
0	89337	
0	88565	
0	88928	
0	89409	
0	88443	
0	88932	
0	89193	
0	88823	
0	88454	
0	88894	
0	88772	
0	89251	
0	89054	
0	88936	
0	89608	
0	89488	
0	88906	
0	89110	
0	88751	
0	88485	
0	88837	
0	89008	
0	88911	
0	88924	
0	89153	
0	88983	
0	88883	
0	88505	
0	88517	
0	88843	
0	89009	
0	88806	
0	89271	
0	88890	
0	88935	
0	88368	
0	88985	
0	89050	
0	89055	
0	88894	
0	88269	
0	88761	
0	88548	
0	88890	
0	89242	
0	88827	
0	88755	
0	89048	
0	89106	
0	88731	
0	88736	
0	88715	
0	88809	
0	88879	
0	88611	
0	88447	
0	88922	
0	88662	
0	89021	
0	88405	
0	88846	
0	88666	
0	88915	
0	89190	
0	88880	
0	88675	
0	88611	
0	89088	
0	88637	
0	88721	
0	88559	
0	89474	
0	88827	
0	88608	
0	88721	
0	89148	
0	88594	
0	88902	
0	88927	
0	88525	
0	88765	
0	88760	
0	88713	
0	88891	
0	88766	
0	89075	
0	88435	
0	88524	
0	88706	
0	89170	
0	89009	
0	88604	
0	89301	
0	89230	
0	88737	
0	89324	
0	89457	
0	89281	
0	88528	
0	88934	
0	89047	
0	88523	
0	89023	
0	88812	
0	88767	
0	89237	
0	89168	
0	88814	
0	88835	
0	89002	
0	88794	
0	88826	
0	89059	
0	88954	
0	88708	
0	89037	
0	89289	
0	89146	
0	89011	
0	88804	
0	88651	
0	88442	
0	89040	
0	88986	
0	88895	
0	89231	
0	88392	
0	88803	
0	89104	
0	89275	
0	89468	
0	88490	
0	88998	
0	88538	
0	89084	
0	88887	
0	88795	
0	88992	
0	88834	
0	88268	
0	89244	
0	89126	
0	88925	
0	89032	
0	89052	
0	88871	
0	89488	
0	88977	
0	89370	
0	88654	
0	88738	
0	89116	
0	89050	
0	89231	
0	88919	
0	89166	
0	88970	
0	89358	
0	88953	
0	89264	
0	89275	
0	89168	
0	88401	
0	88954	
0	88966	
0	88857	
0	89585	
0	88850	
0	89185	
0	89137	
0	88772	
0	88960	
0	89025	
0	88853	
0	88847	
0	89157	
0	88935	
0	89335	
0	88748	
0	89060	
0	89050	
0	89100	
0	89068	
0	88765	
0	89094	
0	89351	
0	88723	
0	89024	
0	89344	
0	88755	
0	88383	
0	88633	
0	89148	
0	88609	
0	88695	
0	88706	
0	88800	
0	88529	
0	89079	
0	89056	
0	89275	
0	88946	
0	89063	
0	88947	
0	89158	
0	88518	
0	88825	
0	88687	
0	88745	
0	89460	
0	88682	
0	87866	
0	88783	
0	88908	
0	88568	
0	88992	
0	88971	
0	89038	
0	88670	
0	88963	
0	88661	
0	88763	
0	88937	
0	88989	
0	89061	
0	89168	
0	88811	
0	88562	
0	89642	
0	89158	
0	89295	
0	89253	
0	88959	
0	89134	
0	89557	
0	88956	
0	88406	
0	89074	
0	88634	
0	89005	
0	88726	
0	89010	
0	88876	
0	88561	
0	89000	
0	89098	
0	88648	
0	88737	
0	88897	
0	88807	
0	88792	
0	88983	
0	88759	
0	88993	
0	88655	
0	89064	
0	88879	
0	88330	
0	89061	
0	89241	
0	88901	
0	89328	
0	88782	
0	89159	
0	89084	
0	88945	
0	89407	
0	88824	
0	88523	
0	88659	
0	88864	
0	88423	
0	89035	
0	88794	
0	88781	
0	88718	
0	89719	
0	88299	
0	88662	
0	89096	
0	88890	
0	88966	
0	88735	
0	88986	
0	88769	
0	88439	
0	88818	
0	88744	
0	88503	
0	89477	
0	89035	
0	88845	
0	89224	
0	88827	
0	89147	
0	88732	
0	88702	
0	89053	
0	89175	
0	88671	
0	89090	
0	89140	
0	88974	
0	88525	
0	89252	
0	88742	
0	88985	
0	89119	
0	89602	
0	88821	
0	89013	
0	89257	
0	88790	
0	88541	
0	88863	
0	88723	
0	89119	
0	89026	
0	89060	
0	89104	
0	88397	
0	88560	
0	88835	
0	89018	
0	89186	
0	88851	
0	88968	
0	89126	
0	88290	
0	88754	
0	89076	
0	89119	
0	88870	
0	88588	
0	89226	
0	88705	
0	89082	
0	88930	
0	88486	
0	88527	
0	88797	
0	88930	
0	89025	
0	88680	
0	88875	
0	88653	
0	88867	
0	89302	
0	88601	
0	88789	
0	88976	
0	88936	
0	88623	
0	88946	
0	89242	
0	88922	
0	89400	
0	88925	
0	88798	
0	88780	
0	88736	
0	89408	
0	88767	
0	88768	
0	89544	
0	88767	
0	88607	
0	88918	
0	89260	
0	88735	
0	88822	
0	89183	
0	88615	
0	89130	
0	88771	
0	88438	
0	89059	
0	89058	
0	88916	
0	88917	
0	88484	
0	88471	
0	88918	
0	88813	
0	88288	
0	89284	
0	88726	
0	88488	
0	89238	
0	89072	
0	88528	
0	89079	
0	89255	
0	88915	
0	89202	
0	88578	
0	88802	
0	88842	
0	88573	
0	88673	
0	88628	
0	88637	
0	88863	
0	88195	
0	88885	
0	88666	
0	88897	
0	88745	
0	89296	
0	88804	
0	89087	
0	89037	
0	88510	
0	89263	
0	88923	
0	89275	
0	89234	
0	88590	
0	88754	
0	89561	
0	89017	
0	88557	
0	88417	
0	89152	
0	88971	
0	89001	
0	88750	
0	89176	
0	89029	
0	88842	
0	89258	
0	89145	
0	88191	
0	88957	
0	88316	
0	88871	
0	89030	
0	88833	
0	88860	
0	88861	
0	89078	
0	89162	
0	88955	
0	88585	
0	88945	
0	88620	
0	89299	
0	89013	
0	88822	
0	89391	
0	89019	
0	88831	
0	88951	
0	89179	
0	88899	
0	88790	
0	88692	
0	88884	
0	89346	
0	89137	
0	89057	
0	89128	
0	88608	
0	89147	
0	89181	
0	89108	
0	88811	
0	88908	
0	88608	
0	88908	
0	89264	
0	88700	
0	89073	
0	88970	
0	88541	
0	89318	
0	89203	
0	88855	
0	88799	
0	88709	
0	88895	
0	89146	
0	88832	
0	88995	
0	89021	
0	88979	
0	88867	
0	89660	
0	88289	
0	88951	
0	89200	
0	88322	
0	88418	
0	88486	
0	88694	
0	89360	
0	88943	
0	88642	
0	89039	
0	89000	
0	88883	
0	89010	
0	88790	
0	88939	
0	89168	
0	88452	
0	88640	
0	88746	
0	88649	
0	89027	
0	88819	
0	89064	
0	89177	
0	88725	
0	88832	
0	88956	
0	88768	
0	88985	
0	88895	
0	89146	
0	88382	
0	88851	
0	89045	
0	88864	
0	88837	
0	89319	
0	89139	
0	88993	
0	88623	
0	88930	
0	88406	
0	89155	
0	88873	
0	88965	
0	88746	
0	88538	
0	89331	
0	88935	
0	89009	
0	88523	
0	88791	
0	89281	
0	89002	
0	88775	
0	88932	
0	88810	
0	88751	
0	88507	
0	88989	
0	88922	
0	88944	
0	88914	
0	89280	
0	88858	
0	88645	
0	89216	
0	89366	
0	88591	
0	89245	
0	88708	
0	89224	
0	88818	
0	88945	
0	89098	
0	88697	
0	88900	
0	88783	
0	88987	
0	88411	
0	89078	
0	89091	
0	88914	
0	88678	
0	88724	
0	89037	
0	88389	
0	89203	
0	88855	
0	89174	
0	88807	
0	88950	
0	88809	
0	89181	
0	88872	
0	88432	
0	88826	
0	88932	
0	88919	
0	88910	
0	88843	
0	88315	
0	88674	
0	89009	
0	88506	
0	89038	
0	89431	
0	89173	
0	89109	
0	88863	
0	89471	
0	88792	
0	88558	
0	89226	
0	89042	
0	88957	
0	89126	
0	88753	
0	88694	
0	88795	
0	88689	
0	88677	
0	88581	
0	88805	
0	89003	
0	89048	
0	88918	
0	89198	
0	88466	
0	89331	
0	89003	
0	89032	
0	89261	
0	88493	
0	89208	
0	88883	
0	88456	
0	88844	
0	89082	
0	88719	
0	89031	
0	88682	
0	88888	
0	89190	
0	88850	
0	88490	
0	88654	
0	89211	
0	88740	
0	88804	
0	88485	
0	88559	
0	88831	
0	88556	
0	88728	
0	88876	
0	89019	
0	88920	
0	88924	
0	88578	
0	89113	
0	88544	
0	88545	
0	88998	
0	89095	
0	88443	
0	88929	
0	88299	
0	89391	
0	88792	
0	88764	
0	88811	
0	88645	
0	89195	
0	89283	
0	88823	
0	88775	
0	88972	
0	88697	
0	89040	
0	88857	
0	88740	
0	88713	
0	88731	
0	88554	
0	89044	
0	88474	
0	88859	
0	89074	
0	88324	
0	88958	
0	89099	
0	89081	
0	89290	
0	89089	
0	88699	
0	88970	
0	88669	
0	88737	
0	88791	
0	88909	
0	88928	
0	88843	
0	88664	
0	89212	
0	89254	
0	89131	
0	89103	
0	88903	
0	88630	
0	89079	
0	88535	
0	88897	
0	88664	
0	89093	
0	88586	
0	88459	
0	88449	
0	89604	
0	88734	
0	88608	
0	89205	
0	89215	
0	88908	
0	88960	
0	88468	
0	88419	
0	89102	
0	88663	
0	89066	
0	89236	
0	88728	
0	88786	
0	89182	
0	88943	
0	88338	
0	88911	
0	88730	
0	88802	
0	88698	
0	89238	
0	88882	
0	88938	
0	89113	
0	88837	
0	88776	
0	88854	
0	88641	
0	89139	
0	88764	
0	88724	
0	89133	
0	89217	
0	89058	
0	88637	
0	89246	
0	89212	
0	89161	
0	89244	
0	88843	
0	89063	
0	88492	
0	88997	
0	88909	
0	89098	
0	89058	
0	89125	
0	89113	
0	88710	
0	88849	
0	89289	
0	89045	
0	88609	
0	88719	
0	88787	
0	88494	
0	88106	
0	88516	
0	88813	
0	88490	
0	89018	
0	88835	
0	88724	
0	88882	
0	88723	
0	89034	
0	88971	
0	88808	
0	88909	
0	88795	
0	88748	
0	88832	
0	89176	
0	89041	
0	88611	
0	89125	
0	88972	
0	88759	
0	88327	
0	88838	
0	88575	
0	88721	
0	88683	
0	89053	
0	88584	
0	88789	
0	89333	
0	88789	
0	88501	
0	88854	
0	88437	
0	88782	
0	88479	
0	88756	
0	89332	
0	89085	
0	89226	
0	89140	
0	89026	
0	88696	
0	88888	
0	88945	
0	88873	
0	88887	
0	88213	
0	88837	
0	88781	
0	88997	
0	89017	
0	89576	
0	89326	
0	88844	
0	88890	
0	89126	
0	89005	
0	89125	
0	88813	
0	89251	
0	88295	
0	88604	
0	88726	
0	89267	
0	88930	
0	88940	
0	88670	
0	88763	
0	88487	
0	89179	
0	89375	
0	88623	
0	89149	
0	88606	
0	88755	
0	89133	
0	88698	
0	88670	
0	89097	
0	89139	
0	88451	
0	88511	
0	88796	
0	88902	
0	89248	
0	88766	
0	88277	
0	88542	
0	88732	
0	88773	
0	89016	
0	89161	
0	89173	
0	88741	
0	88434	
0	88661	
0	89290	
0	88337	
0	88235	
0	89168	
0	89265	
0	89221	
0	89005	
0	88633	
0	88604	
0	89567	
0	88521	
0	88687	
0	88604	
0	89057	
0	88670	
0	89228	
0	88917	
0	88727	
0	89004	
0	89217	
0	89602	
0	88862	
0	88672	
0	88823	
0	89088	
0	88632	
0	88287	
0	88680	
0	88665	
0	89180	
0	88951	
0	88995	
0	88529	
0	88916	
0	89091	
0	89442	
0	89091	
0	88312	
0	88521	
0	89036	
0	88275	
0	89071	
0	88937	
0	88459	
0	89307	
0	88747	
0	88695	
0	88851	
0	89133	
0	89116	
0	89100	
0	89249	
0	88786	
0	89453	
0	88363	
0	88428	
0	88845	
0	88805	
0	88722	
0	88562	
0	88910	
0	89313	
0	88676	
0	88700	
0	88610	
0	89209	
0	88779	
0	88941	
0	89415	
0	88786	
0	88889	
0	88494	
0	89324	
0	88824	
0	88950	
0	88773	
0	88883	
0	88290	
0	89293	
0	89637	
0	88303	
0	88586	
0	88546	
0	89131	
0	88754	
0	89117	
0	88872	
0	88898	
0	89215	
0	88957	
0	89202	
0	89240	
0	88229	
0	88798	
0	88954	
0	88610	
0	88609	
0	88858	
0	89423	
0	88732	
0	89124	
0	89081	
0	89347	
0	88988	
0	89106	
0	88899	
0	88697	
0	88878	
0	89075	
0	88822	
0	88502	
0	88626	
0	88990	
0	88714	
0	89035	
0	88791	
0	88827	
0	88989	
0	88956	
0	88690	
0	88762	
0	89012	
0	88785	
0	88771	
0	89045	
0	89051	
0	89058	
0	88960	
0	88807	
0	88858	
0	88882	
0	88735	
0	88461	
0	89119	
0	88840	
0	89005	
0	88789	
0	88448	
0	88530	
0	88776	
0	88463	
0	88174	
0	88602	
0	89263	
0	89092	
0	88823	
0	88499	
0	88541	
0	89180	
0	88991	
0	88697	
0	88906	
0	89097	
0	88935	
0	89052	
0	89159	
0	88535	
0	88933	
0	89057	
0	89400	
0	88334	
0	88136	
0	89041	
0	89210	
0	88295	
0	89066	
0	89357	
0	88804	
0	88952	
0	88952	
0	89096	
0	88932	
0	88554	
0	88781	
0	89106	
0	88829	
0	88712	
0	88876	
0	88626	
0	88923	
0	89126	
0	89052	
0	88376	
0	89124	
0	88854	
0	88970	
0	88814	
0	89071	
0	88991	
0	88905	
0	89116	
0	88870	
0	89071	
0	88555	
0	89124	
0	88774	
0	88934	
0	88982	
0	88591	
0	88499	
0	88431	
0	89170	
0	89568	
0	88964	
0	88473	
