0 0.000000
-1 -3.635460
-2 -3.063415
-3 -6.735727
-4 -5.080524
-5 -8.755280
-6 -5.200222
-7 -8.897018
-8 -8.301055
-9 -11.979016
-10 -10.370126
-11 -14.047586
-12 -11.160715
-13 -14.852732
-14 -14.201832
-15 -17.895053
-16 -16.340545
-17 -20.004876
-18 -17.509647
-19 -21.196871
-20 -20.538001
-21 -24.224310
-22 -22.718062
-23 -26.395038
-24 -24.178404
-25 -27.866703
-26 -27.166971
-27 -30.889247
-28 -29.411760
-29 -33.141173
-30 -31.053585
-31 -34.772267
-32 -34.046408
-33 -37.783040
-34 -36.375928
-35 -40.095494
-36 -38.176559
-37 -41.886337
-38 -41.172051
-39 -44.903511
-40 -43.501535
-41 -47.212502
-42 -45.434635
-43 -49.158461
-44 -48.428917
-45 -52.169382
-46 -50.807542
-47 -54.520398
-48 -52.841949
-49 -56.587799
-50 -55.863733
-51 -59.604633
-52 -58.268588
-53 -62.003275
-54 -60.384683
-55 -64.143101
-56 -63.429880
-57 -67.179204
-58 -65.860485
-59 -69.627534
-60 -68.104478
-61 -71.847974
-62 -71.128394
-63 -74.856731
-64 -73.602481
-65 -77.340526
-66 -75.862712
-67 -79.618118
-68 -78.887010
-69 -82.638222
-70 -81.409676
-71 -85.154113
-72 -83.780997
-73 -87.525568
-74 -86.788504
-75 -90.532160
-76 -89.326775
-77 -93.073344
-78 -91.740879
-79 -95.524490
-80 -94.779665
-81 -98.564662
-82 -97.392679
-83 -101.156497
-84 -99.842837
-85 -103.621092
-86 -102.860099
-87 -106.658815
-88 -105.496743
-89 -109.304692
-90 -108.050346
-91 -111.846082
-92 -111.090794
-93 -114.881949
-94 -113.753327
-95 -117.517788
-96 -116.315896
-97 -120.085527
-98 -119.344951
-99 -123.135552
-100 -122.030215
-101 -125.817604
-102 -124.663717
-103 -128.451357
-104 -127.690523
-105 -131.458104
-106 -130.382408
-107 -134.164921
-108 -133.041927
-109 -136.826473
-110 -136.084907
-111 -139.878020
-112 -138.821024
-113 -142.610806
-114 -141.516332
-115 -145.303905
-116 -144.595297
-117 -148.373912
-118 -147.329377
-119 -151.143336
-120 -150.067231
-121 -153.893899
-122 -153.156431
-123 -156.948884
-124 -155.925030
-125 -159.756878
-126 -158.678608
-127 -162.495956
-128 -161.761898
-129 -165.567383
-130 -164.562251
-131 -168.389010
-132 -167.372965
-133 -171.192567
-134 -170.449278
-135 -174.251225
-136 -173.260034
-137 -177.080469
-138 -176.063180
-139 -179.898379
-140 -179.157087
-141 -182.985087
-142 -182.017095
-143 -185.838627
-144 -184.849881
-145 -188.684354
-146 -187.964190
-147 -191.840546
-148 -190.865539
-149 -194.698252
-150 -193.758410
-151 -197.587981
-152 -196.866794
-153 -200.722761
-154 -199.759826
-155 -203.627795
-156 -202.699667
-157 -206.547405
-158 -205.803842
-159 -209.677718
-160 -208.730170
-161 -212.610099
-162 -211.671797
-163 -215.552530
-164 -214.777331
-165 -218.645850
-166 -217.720516
-167 -221.588476
-168 -220.695450
-169 -224.532624
-170 -223.805731
-171 -227.662326
-172 -226.742794
-173 -230.634811
-174 -229.760709
-175 -233.613816
-176 -232.861266
-177 -236.735059
-178 -235.802363
-179 -239.727864
-180 -238.844517
-181 -242.738957
-182 -242.008454
-183 -245.865933
-184 -245.007659
-185 -248.858730
-186 -248.031965
-187 -251.896821
-188 -251.186374
-189 -255.048185
-190 -254.172478
-191 -258.057066
-192 -257.180162
-193 -261.090393
-194 -260.350556
-195 -264.224681
-196 -263.377123
-197 -267.239204
-198 -266.389639
-199 -270.314979
-200 -269.566745
-201 -273.445791
-202 -272.582784
-203 -276.471954
-204 -275.637683
-205 -279.555403
-206 -278.782248
-207 -282.628919
-208 -281.834116
-209 -285.689268
-210 -284.863987
-211 -288.736746
-212 -288.001322
-213 -291.848759
-214 -291.023157
-215 -294.903862
-216 -294.109310
-217 -297.987881
-218 -297.169819
-219 -301.073346
-220 -300.258770
-221 -304.135522
-222 -303.316468
-223 -307.200850
-224 -306.399989
-225 -310.297288
-226 -309.457841
-227 -313.349416
-228 -312.492989
-229 -316.423584
-230 -315.582974
-231 -319.506733
-232 -318.677353
-233 -322.568511
-234 -321.752000
-235 -325.633305
-236 -324.832145
-237 -328.727010
-238 -327.869228
-239 -331.776171
-240 -330.951040
-241 -334.822491
-242 -333.997999
-243 -337.882089
-244 -337.032255
-245 -340.937440
-246 -340.102329
-247 -344.015664
-248 -343.167569
-249 -347.063079
-250 -346.227309
-251 -350.100117
-252 -349.299538
-253 -353.174781
-254 -352.353555
-255 -356.237776
-256 -355.394829
-257 -359.308784
-258 -358.513705
-259 -362.386975
-260 -361.587641
-261 -365.472056
-262 -364.640987
-263 -368.494983
-264 -367.692371
-265 -371.588302
-266 -370.787122
-267 -374.629330
-268 -373.838578
-269 -377.689944
-270 -376.895846
-271 -380.755757
-272 -379.943007
-273 -383.780599
-274 -382.983881
-275 -386.847590
-276 -386.051202
-277 -389.892372
-278 -389.083007
-279 -392.972201
-280 -392.168663
-281 -396.025332
-282 -395.255504
-283 -399.063480
-284 -398.315705
-285 -402.130404
-286 -401.382613
-287 -405.179874
-288 -404.458380
-289 -408.287089
-290 -407.527667
-291 -411.332070
-292 -410.614366
-293 -414.366992
-294 -413.686414
-295 -417.405629
-296 -416.751139
-297 -420.437336
-298 -419.806816
-299 -423.491269
-300 -422.884999
-301 -426.499126
-302 -425.947220
-303 -429.540864
-304 -429.004005
-305 -432.584053
-306 -432.103007
-307 -435.614382
-308 -435.184420
-309 -438.653233
-310 -438.255487
-311 -441.679344
-312 -441.317996
-313 -444.710792
-314 -444.384364
-315 -447.716238
-316 -447.485626
-317 -450.720654
-318 -450.582495
-319 -453.758396
-320 -453.646969
-321 -456.822462
-322 -456.721774
-323 -459.837949
-324 -459.801556
-325 -462.870841
-326 -462.885384
-327 -465.876284
-328 -465.954250
-329 -468.879220
-330 -469.055026
-331 -471.879109
-332 -472.088885
-333 -474.898225
-334 -475.188417
-335 -477.912019
-336 -478.265886
-337 -480.895445
-338 -481.313534
-339 -483.869334
-340 -484.410642
-341 -486.859942
-342 -487.461456
-343 -489.899513
-344 -490.527786
-345 -492.891424
-346 -493.597452
-347 -495.908606
-348 -496.701978
-349 -498.941861
-350 -499.739212
-351 -501.943208
-352 -502.774632
-353 -504.969726
-354 -505.816254
-355 -507.955100
-356 -508.920416
-357 -510.919984
-358 -511.925047
-359 -513.956131
-360 -514.966009
-361 -516.944041
-362 -518.025962
-363 -520.005088
-364 -521.073392
-365 -522.965929
-366 -524.100397
-367 -526.006622
-368 -527.144787
-369 -528.980319
-370 -530.193224
-371 -531.977334
-372 -533.163817
-373 -534.983887
-374 -536.231241
-375 -538.000095
-376 -539.254953
-377 -540.952874
-378 -542.233328
-379 -543.945375
-380 -545.299382
-381 -546.969687
-382 -548.294544
-383 -549.918550
-384 -551.295934
-385 -552.916791
-386 -554.304438
-387 -555.934293
-388 -557.371027
-389 -558.903350
-390 -560.353715
-391 -561.898176
-392 -563.361968
-393 -564.856724
-394 -566.357421
-395 -567.836528
-396 -569.366046
-397 -570.886261
-398 -572.377164
-399 -573.921647
-400 -575.391091
-401 -576.919911
-402 -578.404197
-403 -579.925253
-404 -581.422131
-405 -582.964009
-406 -584.461596
-407 -586.009031
-408 -587.467017
-409 -588.966529
-410 -590.473165
-411 -592.063657
-412 -593.508871
-413 -595.013353
-414 -596.536808
-415 -598.021965
-416 -599.556610
-417 -601.074578
-418 -602.528819
-419 -604.099623
-420 -605.597535
-421 -607.146315
-422 -608.621713
-423 -610.166525
-424 -611.639981
-425 -613.174410
-426 -614.657696
-427 -616.211764
-428 -617.686454
-429 -619.193988
-430 -620.684519
-431 -622.181098
-432 -623.719250
-433 -625.224092
-434 -626.705669
-435 -628.246867
-436 -629.775290
-437 -631.273344
-438 -632.781763
-439 -634.283917
-440 -635.767442
-441 -637.320565
-442 -638.781045
-443 -640.371313
-444 -641.836939
-445 -643.403819
-446 -644.870502
-447 -646.429503
-448 -647.912244
-449 -649.465340
-450 -650.967718
-451 -652.547214
-452 -654.014236
-453 -655.557750
-454 -657.053788
-455 -658.585130
-456 -660.110622
-457 -661.637066
-458 -663.150141
-459 -664.656005
-460 -666.206754
-461 -667.697382
-462 -669.287459
-463 -670.754521
-464 -672.293251
-465 -673.819887
-466 -675.361964
-467 -676.845240
-468 -678.416503
-469 -679.915757
-470 -681.454153
-471 -682.984841
-472 -684.501359
-473 -686.045537
-474 -687.540474
-475 -689.090628
-476 -690.560059
-477 -692.113947
-478 -693.618167
-479 -695.153087
-480 -696.682058
-481 -698.204472
-482 -699.718135
-483 -701.289414
-484 -702.715443
-485 -704.270192
-486 -705.802034
-487 -707.342105
-488 -708.909223
-489 -710.417045
-490 -711.924294
-491 -713.530480
-492 -714.994907
-493 -716.570811
-494 -718.080124
-495 -719.636520
-496 -721.119492
-497 -722.714106
-498 -724.183086
-499 -725.818059
-500 -727.231698
-501 -728.863311
-502 -730.293293
-503 -731.909288
-504 -733.397833
-505 -734.982682
-506 -736.472281
-507 -738.031024
-508 -739.585725
-509 -741.115628
-510 -742.590129
-511 -744.161841
-512 -745.692424
-513 -747.273475
-514 -748.823669
-515 -750.389806
-516 -751.888573
-517 -753.432366
-518 -754.957181
-519 -756.507712
-520 -758.081978
-521 -759.566882
-522 -761.129186
-523 -762.644086
-524 -764.171301
-525 -765.732108
-526 -767.242529
-527 -768.831376
-528 -770.387905
-529 -771.905254
-530 -773.504961
-531 -775.042817
-532 -776.540604
-533 -778.133437
-534 -779.669203
-535 -781.214632
-536 -782.734752
-537 -784.281765
-538 -785.835285
-539 -787.388320
-540 -788.911299
-541 -790.495551
-542 -792.038729
-543 -793.667794
-544 -795.140812
-545 -796.695760
-546 -798.238754
-547 -799.830048
-548 -801.368596
-549 -802.954649
-550 -804.422208
-551 -806.074883
-552 -807.558231
-553 -809.225076
-554 -810.666535
-555 -812.319726
-556 -813.789515
-557 -815.356485
-558 -816.878123
-559 -818.473889
-560 -819.988279
-561 -821.609165
-562 -823.107608
-563 -824.678765
-564 -826.253929
-565 -827.797253
-566 -829.380174
-567 -830.900426
-568 -832.479633
-569 -834.014990
-570 -835.594693
-571 -837.184255
-572 -838.731156
-573 -840.276741
-574 -841.880225
-575 -843.453984
-576 -844.991857
-577 -846.548248
-578 -848.125245
-579 -849.675602
-580 -851.232762
-581 -852.797484
-582 -854.348535
-583 -855.896511
-584 -857.482425
-585 -859.032801
-586 -860.652302
-587 -862.194447
-588 -863.829968
-589 -865.358354
-590 -866.963620
-591 -868.498605
-592 -870.081257
-593 -871.672651
-594 -873.235125
-595 -874.755547
-596 -876.322003
-597 -877.903275
-598 -879.486913
-599 -881.053111
-600 -882.601923
-601 -884.225394
-602 -885.772821
-603 -887.313955
-604 -888.894035
-605 -890.475667
-606 -892.061990
-607 -893.592617
-608 -895.186227
-609 -896.766359
-610 -898.319624
-611 -899.909075
-612 -901.522776
-613 -903.068539
-614 -904.633800
-615 -906.239667
-616 -907.766771
-617 -909.430711
-618 -910.945419
-619 -912.579703
-620 -914.097118
-621 -915.719458
-622 -917.350480
-623 -918.926235
-624 -920.507633
-625 -922.015218
-626 -923.646020
-627 -925.184708
-628 -926.810490
-629 -928.297416
-630 -929.909827
-631 -931.515566
-632 -933.074761
-633 -934.716311
-634 -936.276611
-635 -937.874958
-636 -939.428731
-637 -941.045524
-638 -942.627007
-639 -944.185828
-640 -945.773657
-641 -947.433797
-642 -948.991979
-643 -950.646233
-644 -952.167567
-645 -953.780484
-646 -955.364075
-647 -957.003488
-648 -958.494076
-649 -960.104251
-650 -961.717248
-651 -963.368452
-652 -964.862121
-653 -966.561989
-654 -968.105883
-655 -969.748397
-656 -971.291890
-657 -972.964045
-658 -974.535891
-659 -976.152590
-660 -977.685899
-661 -979.315201
-662 -980.909459
-663 -982.480892
-664 -984.170253
-665 -985.706577
-666 -987.336182
-667 -988.907395
-668 -990.556841
-669 -992.046182
-670 -993.801055
-671 -995.349755
-672 -996.992038
-673 -998.529367
-674 -1000.260051
-675 -1001.818041
-676 -1003.427194
-677 -1005.030831
-678 -1006.636940
-679 -1008.255618
-680 -1009.888376
-681 -1011.462150
-682 -1013.065811
-683 -1014.720056
-684 -1016.310092
-685 -1017.940976
-686 -1019.575580
-687 -1021.152856
-688 -1022.825478
-689 -1024.382604
-690 -1026.023219
-691 -1027.597211
-692 -1029.260270
-693 -1030.945959
-694 -1032.354256
-695 -1034.199968
-696 -1035.682204
-697 -1037.374411
-698 -1038.950708
-699 -1040.667945
