0 0.000000
-1 -3.758499
-2 -3.263039
-3 -6.901123
-4 -5.335274
-5 -8.937904
-6 -5.344391
-7 -9.055008
-8 -8.567272
-9 -12.289017
-10 -10.662071
-11 -14.272633
-12 -11.505630
-13 -15.106037
-14 -14.453552
-15 -18.290569
-16 -16.593193
-17 -20.318092
-18 -17.866539
-19 -21.658161
-20 -21.016300
-21 -24.664734
-22 -23.118431
-23 -26.856842
-24 -24.483665
-25 -28.287483
-26 -27.568169
-27 -31.311871
-28 -29.860889
-29 -33.562328
-30 -31.477173
-31 -35.205288
-32 -34.458511
-33 -38.266888
-34 -36.856865
-35 -40.601570
-36 -38.522827
-37 -42.415524
-38 -41.552589
-39 -45.451996
-40 -43.983906
-41 -47.827984
-42 -45.971870
-43 -49.693302
-44 -48.924999
-45 -52.743317
-46 -51.379215
-47 -55.144821
-48 -53.463379
-49 -57.200260
-50 -56.492714
-51 -60.252903
-52 -58.977951
-53 -62.672535
-54 -61.003365
-55 -64.820187
-56 -64.027691
-57 -67.815014
-58 -66.391056
-59 -70.295307
-60 -68.698135
-61 -72.565971
-62 -71.741077
-63 -75.500664
-64 -74.284878
-65 -77.942608
-66 -76.514183
-67 -80.299946
-68 -79.561604
-69 -83.295074
-70 -82.103271
-71 -85.769810
-72 -84.317371
-73 -88.192478
-74 -87.432518
-75 -91.227127
-76 -90.072311
-77 -93.865955
-78 -92.524342
-79 -96.303688
-80 -95.535221
-81 -99.238140
-82 -98.171440
-83 -101.876560
-84 -100.714558
-85 -104.368027
-86 -103.582836
-87 -107.310169
-88 -106.113754
-89 -109.920341
-90 -108.642506
-91 -112.457588
-92 -111.665874
-93 -115.564190
-94 -114.365929
-95 -118.209496
-96 -117.090828
-97 -120.787945
-98 -120.042912
-99 -123.759586
-100 -122.727047
-101 -126.434517
-102 -125.376396
-103 -128.989128
-104 -128.331192
-105 -132.067787
-106 -131.124760
-107 -134.771389
-108 -133.766132
-109 -137.461815
-110 -136.803974
-111 -140.555523
-112 -139.476463
-113 -143.374435
-114 -142.193943
-115 -146.034935
-116 -145.238773
-117 -149.091640
-118 -148.102154
-119 -151.975338
-120 -150.826561
-121 -154.654972
-122 -153.976898
-123 -157.769463
-124 -156.776295
-125 -160.512127
-126 -159.481079
-127 -163.247028
-128 -162.496971
-129 -166.315689
-130 -165.341545
-131 -169.112747
-132 -168.058926
-133 -171.977844
-134 -171.148911
-135 -174.995796
-136 -174.111576
-137 -177.871452
-138 -176.937401
-139 -180.725868
-140 -180.034531
-141 -183.908302
-142 -182.921860
-143 -186.742813
-144 -185.753937
-145 -189.587635
-146 -188.902668
-147 -192.665642
-148 -191.748348
-149 -195.551388
-150 -194.627895
-151 -198.492054
-152 -197.617241
-153 -201.497490
-154 -200.439968
-155 -204.359634
-156 -203.349789
-157 -207.151505
-158 -206.490211
-159 -210.205982
-160 -209.314217
-161 -213.164772
-162 -212.258476
-163 -216.023441
-164 -215.285656
-165 -219.153236
-166 -218.198853
-167 -222.104687
-168 -221.069359
-169 -225.002907
-170 -224.350922
-171 -228.114101
-172 -227.248558
-173 -231.092453
-174 -230.256878
-175 -234.123363
-176 -233.371849
-177 -237.296947
-178 -236.341751
-179 -240.272720
-180 -239.418362
-181 -243.401447
-182 -242.645332
-183 -246.483654
-184 -245.574490
-185 -249.460297
-186 -248.629837
-187 -252.543362
-188 -251.759930
-189 -255.710190
-190 -254.764427
-191 -258.774235
-192 -257.907612
-193 -261.892017
-194 -261.138023
-195 -265.020256
-196 -264.124878
-197 -268.026608
-198 -267.161362
-199 -271.004990
-200 -270.421535
-201 -274.370522
-202 -273.414738
-203 -277.377430
-204 -276.487644
-205 -280.542637
-206 -279.827343
-207 -283.732597
-208 -282.864788
-209 -286.760788
-210 -285.952675
-211 -289.806229
-212 -289.071369
-213 -293.041580
-214 -292.176357
-215 -296.145329
-216 -295.249310
-217 -299.168327
-218 -298.426334
-219 -302.313217
-220 -301.462494
-221 -305.317150
-222 -304.588257
-223 -308.401558
-224 -307.665020
-225 -311.528873
-226 -310.725525
-227 -314.560261
-228 -313.808941
-229 -317.636200
-230 -316.933426
-231 -320.750645
-232 -319.965542
-233 -323.878857
-234 -323.101795
-235 -326.904846
-236 -326.264946
-237 -330.021587
-238 -329.284786
-239 -333.107319
-240 -332.374054
-241 -336.141899
-242 -335.358261
-243 -339.270065
-244 -338.429211
-245 -342.311275
-246 -341.535126
-247 -345.257816
-248 -344.577919
-249 -348.501312
-250 -347.657009
-251 -351.671566
-252 -350.815506
-253 -354.661835
-254 -353.890816
-255 -357.692013
-256 -356.952389
-257 -360.779510
-258 -360.050323
-259 -363.888058
-260 -363.055294
-261 -366.846569
-262 -366.056183
-263 -369.939800
-264 -369.114273
-265 -373.006348
-266 -372.119610
-267 -376.016346
-268 -375.275841
-269 -379.042854
-270 -378.379467
-271 -382.199436
-272 -381.435093
-273 -385.372677
-274 -384.465717
-275 -388.364113
-276 -387.601261
-277 -391.562801
-278 -390.782032
-279 -394.593407
-280 -393.913742
-281 -397.605934
-282 -396.889252
-283 -400.757786
-284 -399.973068
-285 -403.820057
-286 -402.970642
-287 -406.908260
-288 -406.099579
-289 -409.966820
-290 -409.121849
-291 -413.005131
-292 -412.234055
-293 -416.229801
-294 -415.406738
-295 -419.235493
-296 -418.424316
-297 -422.288982
-298 -421.416687
-299 -425.412594
-300 -424.468235
-301 -428.394020
-302 -427.557831
-303 -431.382214
-304 -430.883156
-305 -434.537487
-306 -433.758736
-307 -437.647938
-308 -436.804527
-309 -440.620327
-310 -439.883694
-311 -443.788746
-312 -442.903408
-313 -446.799911
-314 -446.124603
-315 -449.935963
-316 -449.095516
-317 -452.861641
-318 -452.124470
-319 -455.894363
-320 -455.196999
-321 -459.019482
-322 -458.465717
-323 -462.245411
-324 -461.468987
-325 -465.197376
-326 -464.729118
-327 -468.316925
-328 -467.816200
-329 -471.320511
-330 -470.899513
-331 -474.328545
-332 -474.038467
-333 -477.419090
-334 -477.106121
-335 -480.413391
-336 -480.203518
-337 -483.500282
-338 -483.362904
-339 -486.587311
-340 -486.399448
-341 -489.563568
-342 -489.625000
-343 -492.581165
-344 -492.636108
-345 -495.605743
-346 -495.783787
-347 -498.558956
-348 -498.752937
-349 -501.554543
-350 -501.819942
-351 -504.600403
-352 -505.012615
-353 -507.724857
-354 -508.199089
-355 -510.688828
-356 -511.271965
-357 -513.595467
-358 -514.243031
-359 -516.642895
-360 -517.300159
-361 -519.665409
-362 -520.437065
-363 -522.560486
-364 -523.422382
-365 -525.500111
-366 -526.658939
-367 -528.582657
-368 -529.675636
-369 -531.515743
-370 -532.727947
-371 -534.488304
-372 -535.836082
-373 -537.457260
-374 -538.725777
-375 -540.578468
-376 -541.764000
-377 -543.441708
-378 -544.988602
-379 -546.561909
-380 -547.871758
-381 -549.516132
-382 -550.913174
-383 -552.558006
-384 -553.981682
-385 -555.569466
-386 -556.989971
-387 -558.571583
-388 -560.071701
-389 -561.319126
-390 -562.926659
-391 -564.314430
-392 -565.825661
-393 -567.316807
-394 -568.763515
-395 -570.372345
-396 -571.774548
-397 -573.397106
-398 -574.843296
-399 -576.336502
-400 -577.709908
-401 -579.326218
-402 -580.810413
-403 -582.383801
-404 -583.695488
-405 -585.383671
-406 -586.915531
-407 -588.419880
-408 -589.834702
-409 -591.355103
-410 -592.882435
-411 -594.265923
-412 -595.942303
-413 -597.394012
-414 -598.921352
-415 -600.345112
-416 -601.866745
-417 -603.296261
-418 -604.998062
-419 -606.351654
-420 -607.881550
-421 -609.335182
-422 -610.889870
-423 -612.490536
-424 -613.860382
-425 -615.406284
-426 -616.878067
-427 -618.508083
-428 -619.950680
-429 -621.558186
-430 -622.985443
-431 -624.556690
-432 -625.866974
-433 -627.418427
-434 -628.859837
-435 -630.367123
-436 -631.868080
-437 -633.366665
-438 -635.061649
-439 -636.463856
-440 -638.012749
-441 -639.499092
-442 -641.207756
-443 -642.495850
-444 -644.046627
-445 -645.607929
-446 -646.868565
-447 -648.621384
-448 -650.013760
-449 -651.637001
-450 -653.014362
-451 -654.537907
-452 -656.018745
-453 -657.620441
-454 -659.016323
-455 -660.758167
-456 -662.147182
-457 -663.668926
-458 -665.057350
-459 -666.701981
-460 -668.015980
-461 -669.684525
-462 -671.224426
-463 -672.949654
-464 -674.324158
-465 -675.883411
-466 -677.369701
-467 -678.942734
-468 -680.527081
-469 -681.943970
-470 -683.529182
-471 -684.957619
-472 -686.483860
-473 -688.100979
-474 -689.642330
-475 -691.225994
-476 -692.897480
-477 -694.425701
-478 -695.964878
-479 -697.457397
-480 -698.896595
-481 -700.406239
-482 -701.923580
-483 -703.507145
-484 -705.002235
-485 -706.632141
-486 -707.972111
-487 -709.681362
-488 -711.117771
-489 -712.675385
-490 -714.210602
-491 -715.674461
-492 -717.144371
-493 -718.837299
-494 -720.298794
-495 -721.846497
-496 -723.308956
-497 -724.846050
-498 -726.430286
-499 -727.834084
-500 -729.540154
-501 -730.946022
-502 -732.499004
-503 -734.095959
-504 -735.660030
-505 -737.027489
-506 -738.687412
-507 -740.138203
-508 -741.848339
-509 -743.353855
-510 -744.974094
-511 -746.247959
-512 -748.132660
-513 -749.148800
-514 -751.194912
-515 -752.380592
-516 -754.157108
-517 -755.590267
-518 -757.289429
-519 -758.634056
-520 -760.379780
-521 -761.843983
-522 -763.405659
-523 -764.822330
-524 -766.421467
-525 -768.000072
-526 -769.552608
-527 -770.933720
-528 -772.639446
-529 -774.092667
-530 -775.757965
-531 -777.193302
-532 -778.968311
-533 -780.154438
-534 -781.879711
-535 -783.333199
-536 -785.066963
-537 -786.424194
-538 -788.197632
-539 -789.486683
-540 -791.167809
-541 -792.825012
-542 -794.469990
-543 -795.736118
-544 -797.531979
-545 -798.914200
-546 -800.439903
-547 -801.947208
-548 -803.724152
-549 -804.972187
-550 -806.843586
-551 -808.387283
-552 -809.968758
-553 -811.367054
-554 -812.852444
-555 -814.351833
-556 -815.923256
-557 -817.563961
-558 -819.177971
-559 -820.565456
-560 -822.166588
-561 -823.811729
-562 -825.139923
-563 -826.834534
-564 -828.362896
-565 -829.993958
-566 -831.590542
-567 -832.998821
-568 -834.585487
-569 -836.151176
-570 -837.661320
-571 -839.151119
-572 -840.920727
-573 -842.509640
-574 -843.909786
-575 -845.428310
-576 -847.199722
-577 -848.600796
-578 -850.175262
-579 -851.841309
-580 -853.131737
-581 -854.893143
-582 -856.333809
-583 -858.014713
-584 -859.503044
-585 -861.303844
-586 -862.799881
-587 -864.506935
-588 -865.869400
-589 -867.553493
-590 -869.156509
-591 -870.656776
-592 -872.286839
-593 -873.742355
-594 -875.478985
-595 -877.228958
-596 -878.549294
-597 -880.225719
-598 -881.594513
-599 -883.206402
-600 -884.750862
-601 -886.251793
-602 -887.779152
-603 -889.362030
-604 -890.977413
-605 -892.747402
-606 -894.106129
-607 -895.711613
-608 -897.118404
-609 -898.796585
-610 -900.435791
-611 -901.989895
-612 -903.612190
-613 -905.144623
-614 -906.745377
-615 -908.359070
-616 -910.093506
-617 -911.369465
-618 -913.036583
-619 -914.518116
-620 -916.275036
-621 -917.561691
-622 -919.604946
-623 -920.851051
-624 -922.669071
-625 -923.848053
-626 -925.790741
-627 -927.241520
-628 -928.662006
-629 -930.383141
-630 -932.052460
-631 -933.524250
-632 -935.122982
-633 -936.628723
-634 -938.289253
-635 -939.842945
-636 -941.611145
-637 -943.126148
-638 -944.575554
-639 -946.179317
-640 -947.677612
-641 -949.604836
-642 -951.049171
-643 -952.686638
-644 -954.306110
-645 -955.951294
-646 -957.197693
-647 -959.091328
-648 -960.477325
-649 -962.274139
-650 -963.774391
-651 -965.522144
-652 -966.858177
-653 -968.538048
-654 -970.068180
-655 -971.812035
-656 -973.258324
-657 -974.947083
-658 -976.471569
-659 -978.043682
-660 -979.472401
-661 -981.348442
-662 -982.619732
-663 -984.383186
-664 -985.855473
-665 -987.715179
-666 -988.944759
-667 -990.731808
-668 -992.323357
-669 -993.665066
-670 -995.370586
-671 -996.975677
-672 -998.728626
-673 -1000.252983
-674 -1002.008991
-675 -1003.321598
-676 -1005.184509
-677 -1006.956753
-678 -1008.561565
-679 -1009.886539
-680 -1011.792328
-681 -1013.088863
-682 -1015.061272
-683 -1016.309246
-684 -1018.253017
-685 -1019.479374
-686 -1021.328094
-687 -1022.393452
-688 -1024.402454
-689 -1025.894585
-690 -1027.774750
-691 -1029.220917
-692 -1031.133266
-693 -1032.340591
-694 -1034.305859
-695 -1035.524273
-696 -1037.380295
-697 -1038.548019
-698 -1040.561375
-699 -1041.870777
