0 0.000000
-1 -525.000000
-2 -568.500000
-3 -748.750000
-4 -623.000000
-5 -752.000000
-6 -659.250000
-7 -1089.750000
-8 -866.250000
-9 -1411.000000
-10 -1456.500000
-11 -2372.500000
-12 -1908.500000
-13 -2300.750000
-14 -2312.500000
-15 -2380.500000
-16 -2322.250000
-17 -2641.000000
-18 -2422.250000
-19 -2786.000000
-20 -2684.250000
-21 -2977.250000
-22 -3209.750000
-23 -3336.250000
-24 -3194.250000
-25 -3385.750000
-26 -3509.250000
-27 -3648.750000
-28 -3514.000000
-29 -3617.000000
-30 -3678.750000
-31 -3750.750000
-32 -3689.500000
-33 -3837.500000
-34 -4141.000000
-35 -4251.750000
-36 -3776.750000
-37 -4234.500000
-38 -4194.750000
-39 -4633.000000
-40 -4264.500000
-41 -4755.000000
-42 -4527.000000
-43 -5226.500000
-44 -5025.000000
-45 -5426.750000
-46 -4975.500000
-47 -5716.500000
-48 -5440.250000
-49 -5922.000000
-50 -5614.000000
-51 -5995.750000
-52 -6074.500000
-53 -6306.000000
-54 -6853.250000
-55 -7286.500000
-56 -7088.500000
-57 -7333.250000
-58 -7509.750000
-59 -7671.750000
-60 -7535.250000
-61 -7776.500000
-62 -7842.500000
-63 -7917.500000
-64 -7977.750000
-65 -8099.750000
-66 -8004.000000
-67 -7994.500000
-68 -8076.000000
-69 -8373.250000
-70 -8237.250000
-71 -8302.250000
-72 -8269.500000
-73 -8375.750000
-74 -8450.500000
-75 -9069.750000
-76 -8925.500000
-77 -9134.750000
-78 -9014.500000
-79 -9294.500000
-80 -9318.500000
-81 -9405.000000
-82 -9370.500000
-83 -9400.250000
-84 -9424.500000
-85 -9473.750000
-86 -9385.500000
-87 -9597.250000
-88 -9559.750000
-89 -9617.000000
-90 -9646.500000
-91 -9736.750000
-92 -9630.750000
-93 -9795.750000
-94 -9706.750000
-95 -9839.500000
-96 -9812.750000
-97 -10084.250000
-98 -9928.000000
-99 -10129.250000
-100 -10068.250000
-101 -10134.000000
-102 -10389.000000
-103 -10402.250000
-104 -10410.000000
-105 -10612.000000
-106 -10657.000000
-107 -11003.250000
-108 -10957.250000
-109 -11021.500000
-110 -11019.500000
-111 -11127.000000
-112 -11219.250000
-113 -11372.500000
-114 -11354.500000
-115 -11653.750000
-116 -11486.500000
-117 -11828.500000
-118 -11657.000000
-119 -11916.000000
-120 -11761.000000
-121 -11909.000000
-122 -11868.500000
-123 -11940.250000
-124 -11917.750000
-125 -11933.000000
-126 -11948.250000
-127 -12004.000000
-128 -12166.250000
-129 -12142.250000
-130 -12134.250000
-131 -12392.500000
-132 -12304.500000
-133 -12423.000000
-134 -12377.500000
-135 -12633.250000
-136 -12476.000000
-137 -12994.000000
-138 -12814.750000
-139 -12981.500000
-140 -13129.500000
-141 -13207.500000
-142 -13631.250000
-143 -13853.250000
-144 -13713.000000
-145 -13932.250000
-146 -13869.500000
-147 -14023.500000
-148 -13958.750000
-149 -14566.750000
-150 -14385.500000
-151 -14764.500000
-152 -14380.500000
-153 -14791.500000
-154 -14745.750000
-155 -14994.500000
-156 -14998.500000
-157 -15140.250000
-158 -15014.000000
-159 -15208.000000
-160 -15178.250000
-161 -15368.750000
-162 -15282.750000
-163 -15338.750000
-164 -15496.750000
-165 -15503.250000
-166 -15573.750000
-167 -15563.000000
-168 -15757.000000
-169 -15984.250000
-170 -16049.000000
-171 -16226.500000
-172 -16042.250000
-173 -16321.500000
-174 -16487.750000
-175 -16446.500000
-176 -16503.500000
-177 -16484.750000
-178 -16588.500000
-179 -16613.000000
-180 -16587.250000
-181 -16613.250000
-182 -16616.750000
-183 -16717.750000
-184 -17037.500000
-185 -16941.000000
-186 -17053.750000
-187 -17043.000000
-188 -17041.500000
-189 -17206.500000
-190 -17216.000000
-191 -17301.500000
-192 -17494.250000
-193 -17320.500000
-194 -17621.750000
-195 -17597.750000
-196 -17780.750000
-197 -17930.000000
-198 -17809.500000
-199 -17970.500000
-200 -17793.500000
-201 -17954.750000
-202 -17965.500000
-203 -18068.250000
-204 -18365.000000
-205 -18796.250000
-206 -18841.000000
-207 -19117.000000
-208 -19173.500000
-209 -18997.250000
-210 -19159.250000
-211 -19207.250000
-212 -19232.000000
-213 -19253.250000
-214 -19241.750000
-215 -19269.500000
-216 -19486.500000
-217 -19463.250000
-218 -19644.750000
-219 -19475.750000
-220 -20196.000000
-221 -20214.000000
-222 -20190.000000
-223 -20253.750000
-224 -20241.500000
-225 -20341.750000
-226 -20360.250000
-227 -20551.000000
-228 -20669.500000
-229 -20716.500000
-230 -21175.000000
-231 -21435.750000
-232 -21460.500000
-233 -21595.000000
-234 -21595.000000
-235 -21698.750000
-236 -21671.250000
-237 -21715.250000
-238 -21857.000000
-239 -21958.500000
-240 -21988.500000
-241 -22055.000000
-242 -22185.500000
-243 -22025.750000
-244 -22118.750000
-245 -22149.750000
-246 -22306.500000
-247 -22223.500000
-248 -22344.000000
-249 -22326.250000
-250 -22333.750000
-251 -22429.500000
-252 -22441.250000
-253 -22423.750000
-254 -22549.500000
-255 -22688.500000
-256 -22524.750000
-257 -22638.250000
-258 -22681.000000
-259 -22694.750000
-260 -22979.000000
-261 -22979.000000
-262 -22984.000000
-263 -23036.000000
-264 -23085.000000
-265 -23122.500000
-266 -23202.750000
-267 -23194.500000
-268 -23345.000000
-269 -23227.750000
-270 -23339.250000
-271 -23481.750000
-272 -23304.000000
-273 -23467.000000
-274 -23763.250000
-275 -23675.500000
-276 -23756.750000
-277 -23774.000000
-278 -24005.750000
-279 -23858.750000
-280 -24010.500000
-281 -24050.250000
-282 -24110.250000
-283 -24212.250000
-284 -24284.000000
-285 -24456.750000
-286 -24534.500000
-287 -24560.750000
-288 -24638.250000
-289 -24571.500000
-290 -24675.750000
-291 -24677.250000
-292 -24657.000000
-293 -24663.500000
-294 -24831.250000
-295 -24832.500000
-296 -24934.750000
-297 -25050.250000
-298 -24915.000000
-299 -25089.250000
-300 -25064.500000
-301 -25187.250000
-302 -25192.250000
-303 -25350.000000
-304 -25288.500000
-305 -25369.250000
-306 -25312.250000
-307 -25418.000000
-308 -25355.750000
-309 -25545.500000
-310 -25484.000000
-311 -25620.500000
-312 -25439.750000
-313 -25600.000000
-314 -25547.000000
-315 -25630.750000
-316 -26056.250000
-317 -25725.000000
-318 -26054.250000
-319 -26400.500000
-320 -26139.000000
-321 -26127.250000
-322 -26360.000000
-323 -26475.250000
-324 -26534.000000
-325 -26431.250000
-326 -26500.000000
-327 -26508.000000
-328 -26554.000000
-329 -26535.500000
-330 -26621.500000
-331 -26561.250000
-332 -26707.750000
-333 -26772.250000
-334 -26761.500000
-335 -26688.750000
-336 -26769.250000
-337 -26810.000000
-338 -26781.500000
-339 -26891.000000
-340 -26852.250000
-341 -26979.500000
-342 -26820.750000
-343 -26966.000000
-344 -27111.500000
-345 -27082.500000
-346 -27079.250000
-347 -27165.750000
-348 -27087.750000
-349 -27280.500000
-350 -27089.250000
-351 -27173.500000
-352 -27275.750000
-353 -27354.500000
-354 -27423.250000
-355 -27436.500000
-356 -27501.750000
-357 -27744.000000
-358 -27786.750000
-359 -27706.750000
-360 -27762.250000
-361 -27819.500000
-362 -27956.000000
-363 -28080.500000
-364 -28164.000000
-365 -28240.250000
-366 -28166.500000
-367 -28211.250000
-368 -28388.750000
-369 -28431.500000
-370 -28558.000000
-371 -28631.750000
-372 -28671.000000
-373 -28682.250000
-374 -28700.250000
-375 -28750.750000
-376 -28735.750000
-377 -28790.250000
-378 -28716.750000
-379 -28854.500000
-380 -28876.250000
-381 -28797.250000
-382 -28918.750000
-383 -28968.250000
-384 -28971.750000
-385 -29049.500000
-386 -29145.750000
-387 -29188.500000
-388 -29371.750000
-389 -29240.500000
-390 -29308.750000
-391 -29330.750000
-392 -29397.750000
-393 -29504.250000
-394 -29365.250000
-395 -29613.750000
-396 -29526.000000
-397 -29536.500000
-398 -29527.000000
-399 -29710.250000
-400 -29682.750000
-401 -29782.500000
-402 -29762.750000
-403 -29895.750000
-404 -30114.250000
-405 -29889.750000
-406 -30041.500000
-407 -30113.500000
-408 -30434.500000
-409 -30496.750000
-410 -30466.500000
-411 -30512.750000
-412 -30621.000000
-413 -30613.500000
-414 -30568.500000
-415 -30668.250000
-416 -30766.250000
-417 -30758.250000
-418 -30793.750000
-419 -30857.500000
-420 -30855.000000
-421 -31009.000000
-422 -30905.250000
-423 -31100.500000
-424 -31162.500000
-425 -31025.000000
-426 -31176.000000
-427 -31080.000000
-428 -31373.000000
-429 -31168.500000
-430 -31425.500000
-431 -31561.250000
-432 -31375.000000
-433 -31669.250000
-434 -31605.500000
-435 -31681.750000
-436 -31735.000000
-437 -31818.500000
-438 -31887.000000
-439 -31851.000000
-440 -31938.500000
-441 -31962.750000
-442 -32055.250000
-443 -31996.000000
-444 -32039.750000
-445 -32057.500000
-446 -32180.250000
-447 -32199.750000
-448 -32217.250000
-449 -32295.500000
-450 -32333.750000
-451 -32311.500000
-452 -32385.750000
-453 -32368.000000
-454 -32376.250000
-455 -32386.000000
-456 -32509.500000
-457 -32543.750000
-458 -32562.250000
-459 -32839.250000
-460 -32619.000000
-461 -32924.250000
-462 -32852.500000
-463 -32940.250000
-464 -32932.000000
-465 -33063.500000
-466 -32923.250000
-467 -33151.500000
-468 -33023.250000
-469 -33234.250000
-470 -33136.000000
-471 -33223.750000
-472 -33291.000000
-473 -33242.750000
-474 -33320.000000
-475 -33418.000000
-476 -33305.000000
-477 -33333.500000
-478 -33485.500000
-479 -33764.000000
-480 -33741.500000
-481 -33937.500000
-482 -33827.000000
-483 -33853.000000
-484 -34032.500000
-485 -34017.000000
-486 -34233.500000
-487 -34232.000000
-488 -34137.000000
-489 -34278.250000
-490 -34252.500000
-491 -34433.500000
-492 -34333.750000
-493 -34561.750000
-494 -34369.750000
-495 -34642.500000
-496 -34659.250000
-497 -34715.500000
-498 -34885.000000
-499 -34903.500000
-500 -34863.750000
-501 -34895.750000
-502 -34945.750000
-503 -35000.250000
-504 -34910.250000
-505 -35021.750000
-506 -35209.750000
-507 -34968.750000
-508 -35192.500000
-509 -35110.750000
-510 -35293.250000
-511 -35274.500000
-512 -35376.000000
-513 -35225.000000
-514 -35376.250000
-515 -35540.250000
-516 -35487.250000
-517 -35530.750000
-518 -35548.250000
-519 -35538.500000
-520 -35661.000000
-521 -35621.500000
-522 -35547.750000
-523 -35881.250000
-524 -35802.000000
-525 -35864.500000
-526 -35740.750000
-527 -35928.750000
-528 -35849.500000
-529 -35977.250000
-530 -35922.250000
-531 -36132.500000
-532 -36128.500000
-533 -36187.000000
-534 -36179.000000
-535 -36192.750000
-536 -36284.750000
-537 -36224.250000
-538 -36307.250000
-539 -36459.000000
-540 -36328.750000
-541 -36466.000000
-542 -36460.000000
-543 -36519.500000
-544 -36576.250000
-545 -36839.250000
-546 -36848.750000
-547 -36882.750000
-548 -37138.250000
-549 -37228.250000
-550 -37283.500000
-551 -37354.250000
-552 -37599.750000
-553 -37708.750000
-554 -37813.000000
-555 -37797.000000
-556 -37763.250000
-557 -37847.750000
-558 -37845.500000
-559 -37875.750000
-560 -37924.750000
-561 -37884.500000
-562 -37860.500000
-563 -37886.000000
-564 -37922.000000
-565 -37960.500000
-566 -37981.500000
-567 -38160.500000
-568 -38227.250000
-569 -38131.750000
-570 -38406.000000
-571 -38352.250000
-572 -38318.500000
-573 -38433.750000
-574 -38422.500000
-575 -38494.500000
-576 -38523.000000
-577 -38548.250000
-578 -38525.500000
-579 -38530.250000
-580 -38644.000000
-581 -38626.250000
-582 -38692.750000
-583 -38762.500000
-584 -38827.250000
-585 -38762.500000
-586 -38863.750000
-587 -38884.000000
-588 -38854.250000
-589 -38863.500000
-590 -38866.500000
-591 -38895.750000
-592 -39058.500000
-593 -38984.500000
-594 -39127.500000
-595 -39378.750000
-596 -39440.250000
-597 -39502.250000
-598 -39467.500000
-599 -39510.000000
-600 -39590.000000
-601 -39696.750000
-602 -39690.000000
-603 -39600.250000
-604 -39664.500000
-605 -39700.500000
-606 -39734.000000
-607 -39700.000000
-608 -39824.250000
-609 -39856.750000
-610 -39876.250000
-611 -39859.500000
-612 -39990.500000
-613 -39965.500000
-614 -40111.750000
-615 -40184.250000
-616 -40250.250000
-617 -40202.250000
-618 -40182.000000
-619 -40221.000000
-620 -40238.500000
-621 -40342.250000
-622 -40350.500000
-623 -40346.500000
-624 -40387.500000
-625 -40407.750000
-626 -40427.000000
-627 -40580.250000
-628 -40576.000000
-629 -40749.500000
-630 -40891.750000
-631 -40950.500000
-632 -41057.000000
-633 -41081.750000
-634 -41014.750000
-635 -41107.000000
-636 -41093.250000
-637 -41146.250000
-638 -41317.500000
-639 -41399.000000
-640 -41321.500000
-641 -41426.750000
-642 -41563.000000
-643 -41520.000000
-644 -41621.250000
-645 -41620.500000
-646 -41695.750000
-647 -41719.500000
-648 -41802.000000
-649 -41787.750000
-650 -41777.250000
-651 -41799.000000
-652 -41929.500000
-653 -41791.250000
-654 -41954.500000
-655 -41952.750000
-656 -41964.000000
-657 -42070.750000
-658 -42114.250000
-659 -42101.250000
-660 -42120.000000
-661 -42207.000000
-662 -42176.500000
-663 -42171.000000
-664 -42223.000000
-665 -42404.250000
-666 -42287.500000
-667 -42280.250000
-668 -42415.000000
-669 -42491.250000
-670 -42518.000000
-671 -42594.500000
-672 -42695.750000
-673 -42720.500000
-674 -42581.750000
-675 -42766.750000
-676 -42945.500000
-677 -42937.750000
-678 -42969.000000
-679 -42934.000000
-680 -43018.250000
-681 -43019.750000
-682 -43006.750000
-683 -43150.500000
-684 -43037.250000
-685 -43138.250000
-686 -43103.250000
-687 -43142.500000
-688 -43274.250000
-689 -43476.500000
-690 -43555.500000
-691 -43682.500000
-692 -43719.750000
-693 -43707.750000
-694 -43786.500000
-695 -43719.750000
-696 -43991.000000
-697 -43947.250000
-698 -43991.750000
-699 -44057.500000
