0 0.000000
-1 -3.725586
-2 -1.953369
-3 -6.176514
-4 -4.423828
-5 -7.467285
-6 -4.160400
-7 -7.500977
-8 -6.339600
-9 -9.742920
-10 -8.229980
-11 -11.589844
-12 -9.291504
-13 -13.449951
-14 -12.181885
-15 -16.331299
-16 -13.981445
-17 -17.521729
-18 -16.202148
-19 -20.244873
-20 -18.801270
-21 -23.527100
-22 -21.223389
-23 -25.791260
-24 -22.362305
-25 -27.229492
-26 -26.474609
-27 -30.198486
-28 -28.237061
-29 -32.665283
-30 -30.711670
-31 -35.027588
-32 -34.176270
-33 -37.595703
-34 -36.104248
-35 -38.872070
-36 -37.446533
-37 -40.332275
-38 -40.359863
-39 -44.585938
-40 -43.186035
-41 -47.220947
-42 -44.804443
-43 -48.619629
-44 -48.164307
-45 -52.791748
-46 -50.001221
-47 -54.527588
-48 -52.208008
-49 -56.411621
-50 -55.969482
-51 -59.548340
-52 -58.261719
-53 -61.871094
-54 -60.058838
-55 -65.472656
-56 -63.503174
-57 -68.173828
-58 -67.136475
-59 -70.752930
-60 -68.396729
-61 -73.313477
-62 -71.685059
-63 -76.574707
-64 -75.152832
-65 -78.629639
-66 -76.637939
-67 -80.985840
-68 -80.784668
-69 -84.592773
-70 -83.022949
-71 -86.358887
-72 -85.310791
-73 -89.586914
-74 -88.494873
-75 -92.385498
-76 -91.082764
-77 -95.245361
-78 -94.260498
-79 -96.649414
-80 -96.224854
-81 -100.862549
-82 -99.408447
-83 -103.758545
-84 -101.533447
-85 -106.239014
-86 -104.755859
-87 -108.484863
-88 -108.196777
-89 -112.203613
-90 -111.248291
-91 -115.698486
-92 -114.289062
-93 -118.944824
-94 -117.896240
-95 -122.047119
-96 -120.758057
-97 -126.129150
-98 -124.112793
-99 -128.462646
-100 -126.713623
-101 -130.700684
-102 -129.791016
-103 -133.529297
-104 -133.773193
-105 -137.718506
-106 -136.584473
-107 -141.593506
-108 -140.367188
-109 -144.427490
-110 -144.630615
-111 -147.833496
-112 -147.464844
-113 -150.909424
-114 -150.082275
-115 -153.970703
-116 -152.713135
-117 -156.928223
-118 -154.552979
-119 -158.917236
-120 -158.062500
-121 -161.488037
-122 -160.205811
-123 -164.580078
-124 -162.586914
-125 -166.874756
-126 -164.670898
-127 -169.815186
-128 -168.634033
-129 -172.724854
-130 -171.094482
-131 -176.047607
-132 -174.229980
-133 -178.060791
-134 -177.241943
-135 -181.312012
-136 -179.581299
-137 -183.635742
-138 -182.128662
-139 -186.062012
-140 -184.989746
-141 -188.633057
-142 -187.393311
-143 -192.416504
-144 -190.692139
-145 -195.557373
-146 -193.972412
-147 -198.638428
-148 -197.517090
-149 -200.819580
-150 -200.484375
-151 -204.055664
-152 -203.107666
-153 -206.519531
-154 -206.188477
-155 -210.302246
-156 -209.038574
-157 -212.753662
-158 -212.145508
-159 -215.734863
-160 -215.314941
-161 -218.395508
-162 -218.279297
-163 -221.644531
-164 -221.715576
-165 -226.062012
-166 -224.803955
-167 -227.930664
-168 -227.494873
-169 -231.844727
-170 -230.417725
-171 -234.958496
-172 -233.593750
-173 -237.957520
-174 -237.119629
-175 -241.053467
-176 -240.520020
-177 -243.914551
-178 -242.521484
-179 -246.568115
-180 -246.072754
-181 -249.329590
-182 -248.340820
-183 -252.264648
-184 -251.348389
-185 -255.084717
-186 -254.478027
-187 -259.323975
-188 -258.895020
-189 -262.738525
-190 -262.392822
-191 -266.392090
-192 -265.369141
-193 -270.062988
-194 -268.330566
-195 -272.833984
-196 -271.193115
-197 -275.449951
-198 -275.040283
-199 -278.788330
-200 -277.708984
-201 -282.543701
-202 -281.460205
-203 -285.565186
-204 -284.535156
-205 -288.416016
-206 -288.198242
-207 -291.906494
-208 -290.085693
-209 -294.384766
-210 -292.617676
-211 -297.658447
-212 -296.299072
-213 -301.327393
-214 -301.300537
-215 -305.572754
-216 -305.228271
-217 -309.047607
-218 -307.384521
-219 -312.148438
-220 -310.723145
-221 -315.871826
-222 -315.589600
-223 -318.450684
-224 -317.810547
-225 -322.127197
-226 -320.648193
-227 -325.304443
-228 -324.102783
-229 -328.489014
-230 -327.376709
-231 -331.278320
-232 -329.279053
-233 -334.810791
-234 -333.249512
-235 -337.579834
-236 -336.776611
-237 -340.385986
-238 -339.788818
-239 -343.413086
-240 -342.484619
-241 -347.194580
-242 -346.423096
-243 -350.323975
-244 -348.759033
-245 -353.259766
-246 -353.050293
-247 -356.330078
-248 -356.725098
-249 -359.858398
-250 -360.115723
-251 -363.127197
-252 -362.878662
-253 -366.048096
-254 -365.859619
-255 -370.408691
-256 -369.126709
-257 -374.910889
-258 -372.940918
-259 -377.768311
-260 -375.270996
-261 -379.833008
-262 -379.610352
-263 -383.685059
-264 -382.521484
-265 -385.937500
-266 -384.544434
-267 -389.064209
-268 -388.093750
-269 -392.688477
-270 -391.321289
-271 -395.343262
-272 -393.862061
-273 -397.866699
-274 -398.859131
-275 -401.976562
-276 -400.844727
-277 -404.422852
-278 -405.098145
-279 -408.039062
-280 -408.671875
-281 -411.117920
-282 -412.270996
-283 -414.760254
-284 -415.194824
-285 -417.415039
-286 -418.002197
-287 -420.611572
-288 -420.759033
-289 -423.997070
-290 -423.258301
-291 -427.114258
-292 -427.544922
-293 -431.199463
-294 -430.614990
-295 -434.150879
-296 -433.447754
-297 -438.039307
-298 -436.989258
-299 -441.646729
-300 -439.491211
-301 -444.526367
-302 -443.914795
-303 -447.490479
-304 -447.312256
-305 -450.998535
-306 -449.905029
-307 -453.812744
-308 -452.566895
-309 -456.550537
-310 -455.984619
-311 -459.731445
-312 -458.841797
-313 -461.738770
-314 -462.311523
-315 -465.511475
-316 -464.804199
-317 -467.891602
-318 -467.859375
-319 -472.251465
-320 -470.518799
-321 -475.662109
-322 -474.312744
-323 -478.116943
-324 -477.726074
-325 -481.864990
-326 -481.989014
-327 -484.649170
-328 -485.415039
-329 -487.688477
-330 -489.034424
-331 -492.408691
-332 -493.119629
-333 -495.448975
-334 -496.135986
-335 -498.182129
-336 -498.708984
-337 -501.222168
-338 -503.444336
-339 -504.756104
-340 -506.567139
-341 -508.628906
-342 -509.716553
-343 -511.601807
-344 -512.281250
-345 -515.573975
-346 -515.313721
-347 -518.524414
-348 -518.119873
-349 -521.154541
-350 -521.269043
-351 -524.146484
-352 -525.812988
-353 -526.805664
-354 -527.833252
-355 -529.211914
-356 -531.067383
-357 -532.189209
-358 -535.165283
-359 -536.571289
-360 -537.744873
-361 -540.552979
-362 -541.332031
-363 -542.809082
-364 -543.748047
-365 -547.538330
-366 -547.119873
-367 -549.644531
-368 -550.929199
-369 -554.047607
-370 -553.538086
-371 -556.317871
-372 -557.590576
-373 -560.309570
-374 -560.301514
-375 -562.578613
-376 -563.582520
-377 -565.634521
-378 -566.048340
-379 -568.324707
-380 -569.166504
-381 -571.891113
-382 -572.535156
-383 -575.402832
-384 -576.174316
-385 -578.682617
-386 -579.404053
-387 -582.106689
-388 -582.850830
-389 -585.586914
-390 -584.780762
-391 -588.824219
-392 -588.556641
-393 -590.966064
-394 -591.815430
-395 -594.995117
-396 -595.527344
-397 -597.568115
-398 -598.416260
-399 -601.764648
-400 -602.461670
-401 -604.688721
-402 -605.629150
-403 -607.421387
-404 -608.432373
-405 -611.428711
-406 -611.013672
-407 -614.505615
-408 -614.766113
-409 -617.612061
-410 -618.438721
-411 -621.574463
-412 -622.724365
-413 -624.339355
-414 -624.842041
-415 -626.458740
-416 -628.227051
-417 -630.279053
-418 -632.406006
-419 -633.328857
-420 -635.703857
-421 -637.832031
-422 -639.210693
-423 -640.091309
-424 -642.307129
-425 -642.924561
-426 -645.841797
-427 -645.895264
-428 -649.579834
-429 -649.473145
-430 -652.873047
-431 -652.763184
-432 -655.881836
-433 -655.560059
-434 -658.929443
-435 -660.157471
-436 -662.646973
-437 -663.370117
-438 -665.661865
-439 -666.499023
-440 -669.177490
-441 -670.295166
-442 -671.616455
-443 -673.805176
-444 -674.055176
-445 -676.652344
-446 -677.402832
-447 -678.613770
-448 -680.077637
-449 -681.315186
-450 -683.766602
-451 -683.927734
-452 -686.093262
-453 -687.958008
-454 -689.366211
-455 -690.499756
-456 -692.353027
-457 -692.332031
-458 -695.991943
-459 -696.917236
-460 -698.949707
-461 -700.195557
-462 -701.773438
-463 -702.298096
-464 -703.936035
-465 -703.912354
-466 -707.104736
-467 -706.852295
-468 -710.839600
-469 -710.146729
-470 -713.826904
-471 -713.092041
-472 -717.144287
-473 -716.695312
-474 -719.770264
-475 -720.328125
-476 -722.887207
-477 -722.926270
-478 -725.577881
-479 -727.960693
-480 -728.077148
-481 -730.475830
-482 -731.845215
-483 -732.602783
-484 -734.376221
-485 -735.134766
-486 -736.659912
-487 -739.446533
-488 -739.499023
-489 -742.784912
-490 -743.708496
-491 -746.104248
-492 -746.922852
-493 -747.803223
-494 -748.491455
-495 -749.905762
-496 -752.711182
-497 -754.812256
-498 -755.275146
-499 -756.283691
-500 -758.067627
-501 -759.340576
-502 -762.837158
-503 -763.003662
-504 -764.912598
-505 -765.739746
-506 -769.189209
-507 -767.342773
-508 -771.221924
-509 -770.798096
-510 -774.767334
-511 -775.339111
-512 -778.626709
-513 -777.982910
-514 -780.498779
-515 -781.310547
-516 -783.941895
-517 -783.913330
-518 -787.234131
-519 -789.510742
-520 -791.351318
-521 -791.852051
-522 -794.096436
-523 -794.161621
-524 -797.196777
-525 -798.125488
-526 -799.976807
-527 -801.292480
-528 -802.102539
-529 -803.160645
-530 -804.817871
-531 -807.556641
-532 -807.793701
-533 -809.651123
-534 -811.062744
-535 -812.000000
-536 -813.280518
-537 -814.450195
-538 -816.241943
-539 -817.567383
-540 -818.932861
-541 -820.252930
-542 -822.568115
-543 -822.196045
-544 -825.122314
-545 -826.799072
-546 -828.038086
-547 -830.675781
-548 -831.062988
-549 -834.118896
-550 -834.292969
-551 -837.750732
-552 -838.239746
-553 -840.645996
-554 -841.290771
-555 -844.537109
-556 -844.356201
-557 -847.147217
-558 -848.317871
-559 -849.621826
-560 -850.564941
-561 -852.842285
-562 -853.259521
-563 -856.344238
-564 -857.354004
-565 -860.660645
-566 -861.602539
-567 -863.990967
-568 -863.984863
-569 -866.276855
-570 -868.681885
-571 -869.847168
-572 -871.664551
-573 -873.250000
-574 -874.129883
-575 -875.746582
-576 -878.429688
-577 -880.094971
-578 -882.424072
-579 -882.889648
-580 -885.174316
-581 -886.173340
-582 -888.742188
-583 -889.364990
-584 -891.513184
-585 -893.046143
-586 -894.558350
-587 -895.112061
-588 -897.510986
-589 -898.181396
-590 -899.868896
-591 -902.330811
-592 -903.118164
-593 -906.482910
-594 -905.329346
-595 -910.080078
-596 -909.815186
-597 -912.947998
-598 -913.323730
-599 -916.754883
-600 -917.258301
-601 -919.701172
-602 -920.247559
-603 -922.236084
-604 -924.143555
-605 -925.172852
-606 -927.110352
-607 -928.703125
-608 -928.917236
-609 -931.266357
-610 -932.257568
-611 -935.212646
-612 -935.839111
-613 -937.117432
-614 -937.833008
-615 -940.003662
-616 -942.233154
-617 -942.961914
-618 -944.339355
-619 -945.188965
-620 -947.712646
-621 -949.150146
-622 -950.350098
-623 -951.353760
-624 -953.263916
-625 -953.015869
-626 -955.657471
-627 -956.998047
-628 -959.362549
-629 -960.754883
-630 -962.971680
-631 -963.414062
-632 -966.068359
-633 -967.888916
-634 -969.714600
-635 -971.650391
-636 -973.422607
-637 -975.878662
-638 -976.493164
-639 -978.766357
-640 -979.212646
-641 -982.731445
-642 -983.274170
-643 -986.498535
-644 -987.672852
-645 -989.929932
-646 -990.650146
-647 -993.873291
-648 -994.710449
-649 -997.346924
-650 -998.403564
-651 -999.744385
-652 -1001.314453
-653 -1005.303955
-654 -1005.307373
-655 -1008.254150
-656 -1008.755127
-657 -1011.747314
-658 -1012.866943
-659 -1014.950684
-660 -1016.086426
-661 -1018.796143
-662 -1022.107422
-663 -1024.073730
-664 -1023.703613
-665 -1026.557373
-666 -1026.727295
-667 -1029.202637
-668 -1032.379639
-669 -1033.622314
-670 -1034.637207
-671 -1037.407715
-672 -1037.036133
-673 -1040.567871
-674 -1041.695068
-675 -1043.048828
-676 -1045.616943
-677 -1046.572266
-678 -1048.511963
-679 -1051.279297
-680 -1051.013916
-681 -1053.621338
-682 -1054.493408
-683 -1055.610107
-684 -1057.303711
-685 -1059.893799
-686 -1061.064941
-687 -1062.580078
-688 -1063.396729
-689 -1067.401367
-690 -1067.830322
-691 -1068.902588
-692 -1070.922852
-693 -1072.505859
-694 -1073.729004
-695 -1076.097412
-696 -1075.291504
-697 -1079.273193
-698 -1079.843994
-699 -1080.644043
