0 0.000000
-1 -3.538361
-2 -3.028320
-3 -6.637787
-4 -4.796112
-5 -8.767944
-6 -5.207001
-7 -8.974945
-8 -8.206818
-9 -11.954468
-10 -10.290588
-11 -14.005157
-12 -11.159149
-13 -14.562195
-14 -14.110596
-15 -17.622528
-16 -16.497864
-17 -20.114502
-18 -17.412140
-19 -21.356201
-20 -20.638458
-21 -24.564514
-22 -22.787476
-23 -26.574677
-24 -24.259979
-25 -28.014740
-26 -27.372559
-27 -31.005829
-28 -29.428406
-29 -33.374542
-30 -31.191833
-31 -34.837769
-32 -34.016205
-33 -37.589539
-34 -36.532959
-35 -40.075867
-36 -38.209381
-37 -41.705780
-38 -41.271698
-39 -44.962616
-40 -43.495483
-41 -47.316010
-42 -45.697235
-43 -49.433716
-44 -48.752380
-45 -52.458252
-46 -50.964722
-47 -54.607391
-48 -53.054810
-49 -56.648743
-50 -55.543671
-51 -59.425262
-52 -58.100525
-53 -61.814758
-54 -60.383301
-55 -63.944305
-56 -63.305664
-57 -66.991364
-58 -65.237396
-59 -69.071442
-60 -67.522888
-61 -71.277100
-62 -70.894836
-63 -74.633575
-64 -73.321503
-65 -77.120117
-66 -75.459625
-67 -79.528046
-68 -78.716522
-69 -82.525330
-70 -81.250702
-71 -84.859955
-72 -83.580017
-73 -87.208740
-74 -86.361969
-75 -89.699554
-76 -88.701447
-77 -92.496094
-78 -91.350555
-79 -95.285156
-80 -94.438721
-81 -98.314301
-82 -96.970337
-83 -100.714996
-84 -99.559845
-85 -103.161957
-86 -102.260925
-87 -106.472565
-88 -105.153259
-89 -108.815125
-90 -107.716064
-91 -111.697662
-92 -110.883820
-93 -114.609711
-94 -113.751862
-95 -117.443207
-96 -116.621704
-97 -120.067413
-98 -119.281311
-99 -123.291931
-100 -122.167480
-101 -125.956543
-102 -124.875275
-103 -128.482666
-104 -128.020172
-105 -131.886688
-106 -130.884064
-107 -134.893799
-108 -133.704529
-109 -137.503052
-110 -136.605804
-111 -140.421936
-112 -139.387299
-113 -143.119080
-114 -142.292328
-115 -145.755219
-116 -145.204559
-117 -148.803223
-118 -147.732849
-119 -151.476166
-120 -150.724701
-121 -154.515930
-122 -153.321747
-123 -157.514740
-124 -156.203613
-125 -160.072601
-126 -159.056610
-127 -162.981842
-128 -161.941010
-129 -166.253601
-130 -164.825470
-131 -168.921051
-132 -167.814301
-133 -171.515778
-134 -170.708557
-135 -174.371002
-136 -173.475006
-137 -177.415710
-138 -176.600983
-139 -180.162018
-140 -179.375336
-141 -183.063354
-142 -182.355133
-143 -186.276703
-144 -184.902771
-145 -188.973602
-146 -188.177887
-147 -191.965607
-148 -191.313507
-149 -194.578369
-150 -193.797668
-151 -197.586029
-152 -196.784882
-153 -200.618591
-154 -199.702850
-155 -203.231384
-156 -202.493958
-157 -206.429901
-158 -205.773773
-159 -209.573853
-160 -208.705811
-161 -212.498199
-162 -211.421082
-163 -215.335602
-164 -214.793060
-165 -218.397827
-166 -217.956635
-167 -221.568237
-168 -220.789978
-169 -224.783661
-170 -224.153625
-171 -227.680267
-172 -227.204590
-173 -231.171600
-174 -230.414459
-175 -234.216827
-176 -233.512970
-177 -237.596436
-178 -236.553192
-179 -240.508240
-180 -239.688080
-181 -243.657166
-182 -242.865753
-183 -246.716553
-184 -246.199127
-185 -249.808014
-186 -249.230408
-187 -252.875122
-188 -252.376129
-189 -256.289856
-190 -255.435730
-191 -259.299744
-192 -258.147034
-193 -262.217896
-194 -261.746307
-195 -265.913910
-196 -265.510681
-197 -268.936188
-198 -268.282715
-199 -271.857330
-200 -270.981903
-201 -275.098816
-202 -274.136505
-203 -277.679596
-204 -276.660614
-205 -280.675507
-206 -279.712799
-207 -283.933502
-208 -282.808258
-209 -286.931610
-210 -285.564606
-211 -289.826935
-212 -288.558929
-213 -292.728516
-214 -291.775116
-215 -296.048584
-216 -294.550690
-217 -298.662415
-218 -297.702515
-219 -301.675171
-220 -300.580200
-221 -304.365875
-222 -303.577026
-223 -307.684448
-224 -306.671051
-225 -310.907684
-226 -309.619598
-227 -313.627716
-228 -312.737793
-229 -316.858398
-230 -315.706818
-231 -320.039948
-232 -318.820923
-233 -322.958527
-234 -321.884735
-235 -325.930695
-236 -325.161743
-237 -329.130280
-238 -327.939606
-239 -331.808319
-240 -330.750214
-241 -334.637177
-242 -333.901459
-243 -337.557678
-244 -336.749298
-245 -340.683105
-246 -339.752747
-247 -343.697906
-248 -342.339264
-249 -346.536987
-250 -345.650879
-251 -349.561005
-252 -348.212280
-253 -352.473328
-254 -351.196228
-255 -355.729797
-256 -354.598541
-257 -358.726044
-258 -357.799408
-259 -361.907654
-260 -360.838531
-261 -364.716492
-262 -363.702484
-263 -367.859802
-264 -366.885620
-265 -370.913605
-266 -369.810608
-267 -373.614960
-268 -372.720062
-269 -376.195343
-270 -375.698181
-271 -379.586456
-272 -379.109344
-273 -382.799591
-274 -381.711121
-275 -385.577087
-276 -384.908051
-277 -388.608612
-278 -387.807648
-279 -391.595612
-280 -390.599182
-281 -394.433716
-282 -393.727112
-283 -397.532410
-284 -396.607910
-285 -400.400330
-286 -399.326233
-287 -403.284668
-288 -402.504517
-289 -406.513885
-290 -405.563385
-291 -409.491333
-292 -408.388336
-293 -412.830139
-294 -411.758087
-295 -415.981476
-296 -414.642609
-297 -418.908447
-298 -417.727661
-299 -421.979431
-300 -420.852264
-301 -425.025177
-302 -424.127289
-303 -428.257965
-304 -426.876465
-305 -431.022614
-306 -430.190674
-307 -433.841827
-308 -432.906769
-309 -437.216949
-310 -435.779388
-311 -440.281952
-312 -439.035919
-313 -443.265350
-314 -442.186218
-315 -446.338318
-316 -445.454468
-317 -449.216034
-318 -448.685699
-319 -452.448364
-320 -451.857269
-321 -455.980988
-322 -455.067169
-323 -459.079620
-324 -458.364807
-325 -462.661591
-326 -461.814209
-327 -465.774933
-328 -465.053253
-329 -468.747864
-330 -468.377136
-331 -472.010529
-332 -471.602600
-333 -475.479645
-334 -474.489319
-335 -478.454407
-336 -477.701050
-337 -481.560303
-338 -480.498596
-339 -484.549347
-340 -483.824249
-341 -487.778412
-342 -487.022278
-343 -491.157959
-344 -489.932709
-345 -494.250336
-346 -493.137634
-347 -497.369751
-348 -496.527069
-349 -500.474762
-350 -499.944183
-351 -503.643280
-352 -502.982971
-353 -506.644745
-354 -505.875183
-355 -509.953308
-356 -508.915131
-357 -513.155640
-358 -512.390656
-359 -516.098938
-360 -515.386841
-361 -519.724335
-362 -518.556915
-363 -522.522003
-364 -521.413879
-365 -525.731384
-366 -524.277557
-367 -528.623474
-368 -527.152557
-369 -531.922272
-370 -530.986389
-371 -535.073181
-372 -534.134399
-373 -538.279480
-374 -537.287842
-375 -541.248291
-376 -540.396057
-377 -544.253082
-378 -543.229065
-379 -547.304169
-380 -546.645294
-381 -550.547241
-382 -549.800476
-383 -553.619751
-384 -552.968384
-385 -557.181152
-386 -555.808838
-387 -560.062469
-388 -559.017975
-389 -563.121399
-390 -562.236694
-391 -566.536682
-392 -565.220825
-393 -569.757599
-394 -568.751312
-395 -572.758453
-396 -572.041748
-397 -576.276581
-398 -575.385559
-399 -579.469299
-400 -578.535004
-401 -582.534393
-402 -581.706055
-403 -585.653290
-404 -584.692291
-405 -588.738220
-406 -587.567261
-407 -591.695587
-408 -590.643585
-409 -595.075867
-410 -594.192871
-411 -598.276276
-412 -597.275391
-413 -601.335266
-414 -600.047607
-415 -604.232788
-416 -603.041382
-417 -607.676453
-418 -606.633514
-419 -610.844482
-420 -609.459259
-421 -614.101593
-422 -612.469330
-423 -617.136139
-424 -615.875732
-425 -620.393829
-426 -619.083954
-427 -623.365387
-428 -622.303864
-429 -626.328979
-430 -625.551178
-431 -629.274719
-432 -628.456543
-433 -632.029297
-434 -631.725769
-435 -635.454041
-436 -634.552155
-437 -638.501038
-438 -637.651917
-439 -641.840149
-440 -640.957214
-441 -645.103088
-442 -644.324799
-443 -648.365723
-444 -647.703308
-445 -651.330811
-446 -651.314178
-447 -655.122864
-448 -654.568665
-449 -658.197296
-450 -657.729675
-451 -661.549408
-452 -661.155487
-453 -664.987640
-454 -664.416718
-455 -668.267303
-456 -667.527985
-457 -671.387634
-458 -670.712860
-459 -674.302948
-460 -673.519623
-461 -677.506134
-462 -676.537415
-463 -680.823975
-464 -679.672363
-465 -683.725586
-466 -683.323639
-467 -686.646881
-468 -686.399933
-469 -689.543091
-470 -689.230194
-471 -692.806030
-472 -692.575623
-473 -696.202545
-474 -695.696014
-475 -699.181488
-476 -698.998993
-477 -701.945892
-478 -702.050079
-479 -705.564728
-480 -705.211273
-481 -708.294312
-482 -708.118652
-483 -711.499084
-484 -711.279602
-485 -714.197021
-486 -714.252777
-487 -717.986481
-488 -718.073242
-489 -721.046753
-490 -721.371704
-491 -724.098785
-492 -724.245239
-493 -727.098938
-494 -727.864899
-495 -729.729645
-496 -730.602814
-497 -732.919525
-498 -734.180145
-499 -735.829407
-500 -737.139771
-501 -739.510712
-502 -739.711395
-503 -742.296722
-504 -743.353333
-505 -745.742828
-506 -746.879120
-507 -748.581268
-508 -749.651367
-509 -751.266876
-510 -753.143890
-511 -754.631165
-512 -756.125122
-513 -757.363586
-514 -759.321259
-515 -760.606903
-516 -762.113861
-517 -763.632660
-518 -765.820953
-519 -766.666992
-520 -768.293518
-521 -769.465363
-522 -771.356750
-523 -772.551880
-524 -773.914551
-525 -775.850037
-526 -777.481873
-527 -779.111633
-528 -780.778564
-529 -781.753693
-530 -783.816406
-531 -785.352478
-532 -786.581848
-533 -788.718048
-534 -789.473419
-535 -792.136871
-536 -792.925720
-537 -794.958557
-538 -796.132568
-539 -798.169098
-540 -798.735291
-541 -800.942169
-542 -801.609650
-543 -803.415405
-544 -804.601685
-545 -806.479034
-546 -807.438293
-547 -809.346283
-548 -811.162415
-549 -812.038055
-550 -814.087219
-551 -814.959564
-552 -817.247833
-553 -817.816315
-554 -820.260681
-555 -821.445740
-556 -823.763000
-557 -824.387787
-558 -826.157379
-559 -827.847931
-560 -829.316376
-561 -830.508667
-562 -832.939270
-563 -834.090759
-564 -835.779419
-565 -837.346954
-566 -839.268738
-567 -840.196320
-568 -842.700500
-569 -843.614624
-570 -845.702057
-571 -846.713165
-572 -849.003845
-573 -849.956482
-574 -852.179016
-575 -853.967072
-576 -855.123047
-577 -856.375092
-578 -858.095947
-579 -859.678772
-580 -860.929840
-581 -862.576385
-582 -863.743713
-583 -865.810272
-584 -866.755005
-585 -868.607819
-586 -870.350983
-587 -871.468842
-588 -873.515350
-589 -874.615295
-590 -876.431335
-591 -877.245483
-592 -879.502380
-593 -880.702026
-594 -882.568268
-595 -884.246704
-596 -885.752502
-597 -887.089630
-598 -889.051910
-599 -890.289581
-600 -891.700775
-601 -893.618500
-602 -895.149811
-603 -896.924469
-604 -898.454803
-605 -899.536011
-606 -901.693390
-607 -903.792206
-608 -904.695129
-609 -906.541382
-610 -908.137665
-611 -909.985596
-612 -910.783081
-613 -913.176727
-614 -914.465302
-615 -915.926636
-616 -917.540314
-617 -918.942505
-618 -920.203461
-619 -922.622131
-620 -923.805115
-621 -925.409393
-622 -926.808899
-623 -928.711853
-624 -930.220581
-625 -932.139679
-626 -933.494965
-627 -935.020874
-628 -936.402313
-629 -938.133972
-630 -939.924988
-631 -941.647491
-632 -942.724274
-633 -944.266907
-634 -945.945648
-635 -947.864258
-636 -949.259796
-637 -950.967621
-638 -952.199982
-639 -954.089722
-640 -956.124634
-641 -957.923096
-642 -958.977295
-643 -961.141266
-644 -962.553040
-645 -963.719940
-646 -965.966339
-647 -967.036896
-648 -969.105835
-649 -970.585693
-650 -972.565948
-651 -974.066711
-652 -975.892181
-653 -977.141449
-654 -979.381042
-655 -980.642059
-656 -982.396912
-657 -983.877960
-658 -985.042358
-659 -986.601593
-660 -988.272339
-661 -990.265503
-662 -991.767548
-663 -993.046143
-664 -994.238556
-665 -996.781525
-666 -997.826782
-667 -999.364288
-668 -1001.607178
-669 -1002.678070
-670 -1004.599884
-671 -1006.561859
-672 -1007.708374
-673 -1009.691833
-674 -1010.627808
-675 -1012.474731
-676 -1013.876068
-677 -1016.322266
-678 -1017.636200
-679 -1018.932373
-680 -1021.203278
-681 -1022.825897
-682 -1024.132263
-683 -1026.115448
-684 -1028.188019
-685 -1029.495972
-686 -1031.179413
-687 -1031.958313
-688 -1033.961121
-689 -1035.421143
-690 -1036.938629
-691 -1039.084473
-692 -1040.168854
-693 -1042.628479
-694 -1043.231049
-695 -1045.815002
-696 -1046.436005
-697 -1049.740906
-698 -1049.996979
-699 -1052.255768
