0 0.000000
-1 -4.205261
-2 -3.550110
-3 -7.238098
-4 -5.670105
-5 -9.611755
-6 -5.429016
-7 -9.008789
-8 -8.288940
-9 -12.804810
-10 -11.236694
-11 -14.481812
-12 -11.370239
-13 -15.176636
-14 -14.435913
-15 -18.097290
-16 -17.133423
-17 -20.426086
-18 -18.440979
-19 -22.085083
-20 -21.216370
-21 -25.038269
-22 -23.314941
-23 -27.045288
-24 -25.672852
-25 -28.460693
-26 -27.931702
-27 -31.615845
-28 -30.303528
-29 -34.331970
-30 -32.153015
-31 -36.143188
-32 -35.294373
-33 -38.723877
-34 -37.669739
-35 -41.244080
-36 -39.417725
-37 -43.714539
-38 -42.853149
-39 -46.382141
-40 -45.014404
-41 -49.212097
-42 -47.030396
-43 -51.587402
-44 -50.717896
-45 -54.220642
-46 -53.354065
-47 -56.580872
-48 -55.266296
-49 -58.900452
-50 -58.215637
-51 -61.971924
-52 -60.667236
-53 -64.565186
-54 -63.167297
-55 -66.678467
-56 -66.633362
-57 -69.895447
-58 -68.799133
-59 -72.035217
-60 -71.237244
-61 -74.740845
-62 -73.780945
-63 -77.593201
-64 -76.298218
-65 -79.916077
-66 -78.073059
-67 -82.280151
-68 -81.393860
-69 -85.355286
-70 -83.971008
-71 -87.684814
-72 -86.243896
-73 -90.162537
-74 -89.531555
-75 -93.457703
-76 -92.172668
-77 -95.915649
-78 -94.161011
-79 -98.047852
-80 -97.214722
-81 -101.011047
-82 -99.597290
-83 -103.712769
-84 -101.975952
-85 -106.154846
-86 -104.915222
-87 -108.972473
-88 -107.665771
-89 -111.677002
-90 -110.157715
-91 -114.119324
-92 -113.562317
-93 -117.435303
-94 -116.070007
-95 -119.921387
-96 -118.873413
-97 -122.749634
-98 -121.880615
-99 -125.803467
-100 -124.339417
-101 -128.337524
-102 -127.465698
-103 -131.941345
-104 -130.935608
-105 -134.628784
-106 -133.490906
-107 -137.533325
-108 -136.278259
-109 -140.422791
-110 -139.485657
-111 -143.182434
-112 -142.312073
-113 -146.400330
-114 -144.789978
-115 -148.949219
-116 -147.759521
-117 -151.802612
-118 -151.175476
-119 -154.761597
-120 -153.688110
-121 -157.703247
-122 -157.116577
-123 -160.785461
-124 -159.897461
-125 -163.458740
-126 -162.606689
-127 -166.101685
-128 -165.105042
-129 -169.136230
-130 -167.860474
-131 -172.193237
-132 -170.931763
-133 -174.421265
-134 -174.103882
-135 -177.931702
-136 -176.353638
-137 -180.446228
-138 -178.782227
-139 -183.422363
-140 -182.332581
-141 -186.600525
-142 -185.192627
-143 -189.834961
-144 -188.322876
-145 -192.203003
-146 -191.625000
-147 -195.801880
-148 -194.601624
-149 -198.300476
-150 -197.503540
-151 -201.643311
-152 -200.862122
-153 -204.132629
-154 -203.280823
-155 -206.936157
-156 -205.942627
-157 -209.932068
-158 -209.304260
-159 -213.346924
-160 -211.648071
-161 -216.168945
-162 -214.667542
-163 -219.132080
-164 -218.450317
-165 -222.189331
-166 -221.247437
-167 -225.040588
-168 -223.832214
-169 -227.518188
-170 -226.656616
-171 -230.542236
-172 -230.097473
-173 -233.363647
-174 -232.991638
-175 -236.435425
-176 -235.324646
-177 -239.710022
-178 -238.950378
-179 -242.493530
-180 -241.536499
-181 -245.062256
-182 -244.137634
-183 -248.573120
-184 -247.267761
-185 -251.498840
-186 -250.273010
-187 -254.419128
-188 -253.132568
-189 -257.201233
-190 -257.058960
-191 -260.803406
-192 -259.471313
-193 -263.287109
-194 -262.294617
-195 -266.270447
-196 -265.631958
-197 -269.607971
-198 -268.529541
-199 -272.108337
-200 -271.250610
-201 -275.139221
-202 -274.292664
-203 -277.986389
-204 -276.882751
-205 -281.017700
-206 -279.787659
-207 -283.529724
-208 -282.518494
-209 -286.731506
-210 -285.519043
-211 -289.691711
-212 -288.130859
-213 -292.957214
-214 -291.499268
-215 -295.551453
-216 -294.380554
-217 -298.396118
-218 -297.529846
-219 -301.630371
-220 -300.312866
-221 -304.916443
-222 -303.523376
-223 -307.767456
-224 -306.319824
-225 -310.841858
-226 -309.800903
-227 -313.956543
-228 -312.648987
-229 -316.902832
-230 -315.544556
-231 -319.795837
-232 -319.259521
-233 -322.991150
-234 -321.923462
-235 -325.964417
-236 -324.897522
-237 -328.882324
-238 -328.033264
-239 -331.866028
-240 -331.271729
-241 -335.427124
-242 -334.638306
-243 -338.338562
-244 -337.611633
-245 -341.275879
-246 -340.002991
-247 -344.869507
-248 -343.494873
-249 -347.801270
-250 -347.049866
-251 -351.009460
-252 -350.021912
-253 -354.044678
-254 -352.824402
-255 -356.855774
-256 -355.669556
-257 -359.985596
-258 -358.693542
-259 -362.615234
-260 -361.252747
-261 -365.670654
-262 -364.832825
-263 -368.894592
-264 -367.694092
-265 -371.822449
-266 -370.862915
-267 -375.134583
-268 -374.025696
-269 -377.927734
-270 -376.891357
-271 -381.663147
-272 -380.144836
-273 -384.276245
-274 -383.575867
-275 -387.513672
-276 -386.308228
-277 -390.808472
-278 -389.880188
-279 -394.203064
-280 -392.988708
-281 -397.094299
-282 -395.936096
-283 -400.573425
-284 -398.991638
-285 -403.430176
-286 -402.114624
-287 -406.326050
-288 -405.541199
-289 -409.402222
-290 -408.695557
-291 -412.838013
-292 -411.921692
-293 -415.949341
-294 -415.309143
-295 -418.991089
-296 -418.690674
-297 -422.164246
-298 -421.798584
-299 -425.542175
-300 -424.284302
-301 -428.522949
-302 -427.447388
-303 -431.894836
-304 -430.674438
-305 -434.788269
-306 -433.820312
-307 -438.113892
-308 -437.223877
-309 -441.742981
-310 -440.701416
-311 -445.147583
-312 -443.806641
-313 -448.534180
-314 -447.997681
-315 -452.277039
-316 -451.504822
-317 -455.334045
-318 -454.960022
-319 -458.811707
-320 -458.176453
-321 -461.696655
-322 -461.107117
-323 -465.030273
-324 -464.162476
-325 -467.835876
-326 -467.149231
-327 -470.940186
-328 -470.991699
-329 -473.824768
-330 -474.051025
-331 -477.190491
-332 -476.689575
-333 -480.412109
-334 -479.621582
-335 -483.573181
-336 -483.220520
-337 -487.037048
-338 -486.209656
-339 -490.098022
-340 -489.960083
-341 -493.686707
-342 -492.921082
-343 -496.569946
-344 -496.016113
-345 -500.320862
-346 -499.214661
-347 -503.468323
-348 -502.292847
-349 -506.623901
-350 -505.657654
-351 -509.603333
-352 -508.596375
-353 -512.912476
-354 -512.533630
-355 -515.834778
-356 -515.583191
-357 -518.739502
-358 -518.633728
-359 -521.934326
-360 -521.600952
-361 -525.269165
-362 -524.585388
-363 -527.996460
-364 -527.748901
-365 -531.724060
-366 -531.364868
-367 -534.836792
-368 -534.789917
-369 -538.935120
-370 -538.298767
-371 -541.589417
-372 -541.529358
-373 -544.912292
-374 -544.429871
-375 -548.149475
-376 -547.586914
-377 -551.033508
-378 -551.124512
-379 -553.831787
-380 -554.094604
-381 -557.091736
-382 -557.793335
-383 -560.542786
-384 -561.004883
-385 -563.305420
-386 -564.168030
-387 -566.462891
-388 -567.097168
-389 -569.505798
-390 -570.432617
-391 -572.583008
-392 -573.273987
-393 -575.877197
-394 -576.210754
-395 -578.858948
-396 -580.041992
-397 -582.342163
-398 -583.039612
-399 -585.647461
-400 -586.540283
-401 -588.614929
-402 -589.899170
-403 -591.822388
-404 -593.299316
-405 -595.177551
-406 -596.728760
-407 -598.479492
-408 -599.927795
-409 -602.116028
-410 -603.037842
-411 -605.324890
-412 -606.248474
-413 -608.117126
-414 -609.324097
-415 -611.963806
-416 -612.337463
-417 -615.111206
-418 -615.300964
-419 -617.600220
-420 -618.889282
-421 -621.172363
-422 -622.183044
-423 -623.870361
-424 -625.313171
-425 -626.972961
-426 -628.581787
-427 -630.562195
-428 -632.273987
-429 -633.805542
-430 -635.321655
-431 -637.159241
-432 -638.340881
-433 -640.067139
-434 -641.584595
-435 -642.831421
-436 -644.353027
-437 -645.915649
-438 -647.293945
-439 -648.244812
-440 -650.231812
-441 -651.315369
-442 -653.794678
-443 -654.266968
-444 -656.745422
-445 -657.850830
-446 -660.084167
-447 -661.134033
-448 -662.617615
-449 -663.984558
-450 -665.517517
-451 -667.190735
-452 -669.564758
-453 -670.601929
-454 -672.280151
-455 -673.419495
-456 -675.287048
-457 -676.975220
-458 -678.268921
-459 -679.765747
-460 -681.441101
-461 -682.871521
-462 -684.941833
-463 -686.445984
-464 -688.407104
-465 -689.200806
-466 -691.689697
-467 -692.645508
-468 -694.657104
-469 -695.789551
-470 -697.293701
-471 -698.659729
-472 -700.101624
-473 -701.332031
-474 -702.361267
-475 -704.040833
-476 -706.072083
-477 -707.059753
-478 -708.624573
-479 -709.911926
-480 -711.368347
-481 -713.175171
-482 -714.216187
-483 -715.858521
-484 -717.454285
-485 -719.420410
-486 -720.791260
-487 -721.834900
-488 -722.953247
-489 -724.529907
-490 -726.702515
-491 -728.029236
-492 -730.048462
-493 -730.839294
-494 -732.387451
-495 -733.974670
-496 -735.424683
-497 -736.884277
-498 -738.830261
-499 -739.739563
-500 -741.850525
-501 -742.697754
-502 -744.922363
-503 -746.455078
-504 -747.953186
-505 -749.483398
-506 -752.197144
-507 -752.580139
-508 -754.746521
-509 -755.183716
-510 -757.326782
-511 -758.708374
-512 -760.830811
-513 -762.085144
-514 -764.149841
-515 -765.146729
-516 -767.546204
-517 -768.108337
-518 -770.470703
-519 -771.742432
-520 -773.630371
-521 -775.121765
-522 -776.205566
-523 -779.161804
-524 -780.246948
-525 -781.751282
-526 -782.759338
-527 -784.947266
-528 -786.373230
-529 -787.540466
-530 -789.452087
-531 -791.416931
-532 -792.007446
-533 -794.450867
-534 -795.592224
-535 -797.540466
-536 -798.327026
-537 -800.416016
-538 -801.563354
-539 -802.434753
-540 -805.058350
-541 -805.932251
-542 -808.102905
-543 -809.007874
-544 -811.039490
-545 -812.695679
-546 -814.516846
-547 -815.743835
-548 -817.550415
-549 -818.906128
-550 -820.850281
-551 -821.911865
-552 -823.717041
-553 -824.548340
-554 -826.766541
-555 -827.644043
-556 -829.507690
-557 -830.826416
-558 -832.645874
-559 -834.259766
-560 -835.425659
-561 -837.513245
-562 -838.600647
-563 -841.558105
-564 -841.994629
-565 -844.119385
-566 -845.718689
-567 -847.299744
-568 -849.249390
-569 -850.822510
-570 -852.068176
-571 -854.042847
-572 -855.061584
-573 -857.431580
-574 -858.256470
-575 -859.985229
-576 -862.169739
-577 -864.239014
-578 -865.576050
-579 -867.394653
-580 -869.183167
-581 -871.199402
-582 -872.396484
-583 -873.933350
-584 -876.071045
-585 -876.847656
-586 -878.444397
-587 -879.982239
-588 -882.261353
-589 -883.768127
-590 -885.210693
-591 -886.291016
-592 -887.855103
-593 -889.424927
-594 -890.816528
-595 -891.425049
-596 -894.113098
-597 -895.607727
-598 -896.721680
-599 -898.917725
-600 -899.774231
-601 -901.562256
-602 -902.446716
-603 -904.057190
-604 -906.306335
-605 -906.960022
-606 -908.914917
-607 -909.927612
-608 -911.901062
-609 -913.459229
-610 -914.855469
-611 -916.428040
-612 -918.306824
-613 -919.309753
-614 -921.208923
-615 -922.434570
-616 -923.706848
-617 -925.845093
-618 -927.725769
-619 -930.050598
-620 -931.059998
-621 -932.668152
-622 -933.931152
-623 -935.193604
-624 -936.390137
-625 -938.181885
-626 -939.588745
-627 -941.681091
-628 -943.515442
-629 -944.729675
-630 -945.778503
-631 -947.477417
-632 -948.404480
-633 -951.138916
-634 -953.333923
-635 -954.295166
-636 -955.852051
-637 -957.429199
-638 -958.901550
-639 -960.516174
-640 -962.905884
-641 -963.664917
-642 -965.271484
-643 -966.469421
-644 -968.481079
-645 -970.895142
-646 -972.530029
-647 -973.840271
-648 -976.294189
-649 -977.410095
-650 -978.593018
-651 -980.491760
-652 -982.145874
-653 -984.000549
-654 -985.621643
-655 -987.864319
-656 -988.935303
-657 -990.274109
-658 -992.586060
-659 -994.702209
-660 -996.292847
-661 -997.968506
-662 -998.781067
-663 -1000.992493
-664 -1002.162354
-665 -1004.230286
-666 -1005.254578
-667 -1007.550903
-668 -1008.316589
-669 -1011.182007
-670 -1012.193542
-671 -1013.469482
-672 -1014.728577
-673 -1016.792297
-674 -1017.875610
-675 -1018.640442
-676 -1021.150574
-677 -1022.408752
-678 -1024.211731
-679 -1025.659607
-680 -1026.795654
-681 -1028.108276
-682 -1030.185669
-683 -1032.297424
-684 -1033.579285
-685 -1036.129211
-686 -1036.257263
-687 -1038.736938
-688 -1040.349915
-689 -1042.013123
-690 -1043.298279
-691 -1045.067993
-692 -1046.737244
-693 -1048.519958
-694 -1049.508301
-695 -1052.262268
-696 -1053.126770
-697 -1054.788513
-698 -1056.051636
-699 -1058.620728
