0 0.000000
-1 -27.890625
-2 -60.375000
-3 -121.625000
-4 -48.093750
-5 -126.578125
-6 -81.000000
-7 -125.265625
-8 -94.765625
-9 -142.375000
-10 -126.046875
-11 -151.750000
-12 -129.390625
-13 -160.093750
-14 -139.843750
-15 -178.437500
-16 -164.828125
-17 -168.562500
-18 -164.265625
-19 -217.984375
-20 -191.406250
-21 -230.046875
-22 -226.281250
-23 -267.484375
-24 -247.609375
-25 -272.671875
-26 -267.187500
-27 -283.187500
-28 -280.765625
-29 -303.921875
-30 -277.734375
-31 -308.312500
-32 -289.937500
-33 -326.093750
-34 -307.859375
-35 -332.421875
-36 -317.828125
-37 -334.890625
-38 -333.296875
-39 -338.734375
-40 -334.671875
-41 -352.859375
-42 -353.453125
-43 -374.843750
-44 -364.890625
-45 -403.640625
-46 -378.703125
-47 -406.250000
-48 -397.171875
-49 -415.703125
-50 -401.859375
-51 -423.359375
-52 -418.968750
-53 -431.921875
-54 -427.156250
-55 -435.500000
-56 -430.593750
-57 -437.203125
-58 -444.781250
-59 -455.937500
-60 -454.718750
-61 -473.125000
-62 -483.671875
-63 -486.906250
-64 -491.562500
-65 -498.156250
-66 -495.921875
-67 -497.562500
-68 -502.078125
-69 -499.328125
-70 -503.250000
-71 -507.203125
-72 -502.984375
-73 -510.375000
-74 -520.796875
-75 -526.421875
-76 -526.828125
-77 -531.203125
-78 -533.921875
-79 -540.125000
-80 -535.671875
-81 -569.031250
-82 -551.093750
-83 -563.937500
-84 -557.562500
-85 -574.734375
-86 -579.953125
-87 -601.015625
-88 -579.484375
-89 -663.015625
-90 -623.703125
-91 -664.609375
-92 -647.750000
-93 -670.890625
-94 -664.140625
-95 -691.453125
-96 -690.281250
-97 -696.656250
-98 -699.578125
-99 -713.859375
-100 -718.234375
-101 -719.515625
-102 -724.078125
-103 -734.828125
-104 -727.312500
-105 -765.078125
-106 -746.671875
-107 -770.859375
-108 -740.140625
-109 -769.812500
-110 -761.703125
-111 -789.750000
-112 -781.234375
-113 -795.812500
-114 -780.937500
-115 -801.859375
-116 -803.250000
-117 -841.062500
-118 -813.453125
-119 -858.843750
-120 -820.125000
-121 -863.328125
-122 -852.140625
-123 -875.296875
-124 -875.328125
-125 -888.828125
-126 -886.968750
-127 -901.671875
-128 -887.093750
-129 -918.171875
-130 -900.187500
-131 -923.531250
-132 -917.812500
-133 -929.656250
-134 -924.750000
-135 -932.703125
-136 -932.500000
-137 -938.078125
-138 -942.125000
-139 -972.531250
-140 -949.234375
-141 -973.718750
-142 -966.875000
-143 -977.609375
-144 -976.484375
-145 -992.718750
-146 -982.921875
-147 -1001.265625
-148 -994.781250
-149 -1032.187500
-150 -1000.765625
-151 -1040.015625
-152 -1033.531250
-153 -1043.812500
-154 -1035.281250
-155 -1064.906250
-156 -1053.078125
-157 -1072.875000
-158 -1054.390625
-159 -1074.953125
-160 -1080.078125
-161 -1100.718750
-162 -1084.875000
-163 -1138.265625
-164 -1121.109375
-165 -1147.046875
-166 -1128.296875
-167 -1149.218750
-168 -1143.703125
-169 -1159.250000
-170 -1144.562500
-171 -1175.625000
-172 -1162.328125
-173 -1192.875000
-174 -1191.515625
-175 -1230.953125
-176 -1218.281250
-177 -1243.312500
-178 -1250.843750
-179 -1256.140625
-180 -1256.453125
-181 -1272.015625
-182 -1269.250000
-183 -1297.046875
-184 -1294.437500
-185 -1344.093750
-186 -1370.281250
-187 -1388.515625
-188 -1371.265625
-189 -1392.906250
-190 -1395.453125
-191 -1444.609375
-192 -1420.953125
-193 -1445.515625
-194 -1430.421875
-195 -1450.609375
-196 -1449.796875
-197 -1499.656250
-198 -1502.000000
-199 -1502.437500
-200 -1492.375000
-201 -1505.625000
-202 -1505.812500
-203 -1521.828125
-204 -1509.328125
-205 -1535.156250
-206 -1514.765625
-207 -1529.781250
-208 -1524.859375
-209 -1545.625000
-210 -1555.140625
-211 -1557.000000
-212 -1535.593750
-213 -1565.000000
-214 -1558.718750
-215 -1570.265625
-216 -1585.312500
-217 -1590.921875
-218 -1595.078125
-219 -1625.156250
-220 -1616.875000
-221 -1629.156250
-222 -1627.625000
-223 -1641.015625
-224 -1635.281250
-225 -1650.656250
-226 -1650.750000
-227 -1658.109375
-228 -1658.984375
-229 -1667.093750
-230 -1678.281250
-231 -1698.000000
-232 -1695.656250
-233 -1704.968750
-234 -1708.203125
-235 -1726.968750
-236 -1709.828125
-237 -1715.156250
-238 -1713.281250
-239 -1724.015625
-240 -1716.296875
-241 -1740.093750
-242 -1721.656250
-243 -1776.375000
-244 -1753.046875
-245 -1789.015625
-246 -1773.234375
-247 -1802.718750
-248 -1792.828125
-249 -1812.312500
-250 -1802.296875
-251 -1820.968750
-252 -1817.578125
-253 -1833.906250
-254 -1827.812500
-255 -1847.703125
-256 -1832.296875
-257 -1852.796875
-258 -1847.125000
-259 -1855.546875
-260 -1841.625000
-261 -1861.734375
-262 -1859.609375
-263 -1889.859375
-264 -1876.468750
-265 -1900.578125
-266 -1878.687500
-267 -1910.046875
-268 -1908.640625
-269 -1925.625000
-270 -1912.375000
-271 -1933.390625
-272 -1923.437500
-273 -1953.171875
-274 -1950.687500
-275 -1969.625000
-276 -1956.031250
-277 -1970.812500
-278 -1961.031250
-279 -1980.000000
-280 -1981.500000
-281 -1991.234375
-282 -1995.796875
-283 -2006.531250
-284 -2004.015625
-285 -2015.781250
-286 -2018.750000
-287 -2054.062500
-288 -2049.093750
-289 -2062.265625
-290 -2053.296875
-291 -2081.937500
-292 -2074.843750
-293 -2099.500000
-294 -2089.953125
-295 -2103.750000
-296 -2106.000000
-297 -2113.046875
-298 -2101.156250
-299 -2118.156250
-300 -2112.187500
-301 -2127.062500
-302 -2111.765625
-303 -2130.906250
-304 -2129.656250
-305 -2131.671875
-306 -2128.546875
-307 -2142.875000
-308 -2135.484375
-309 -2147.062500
-310 -2134.218750
-311 -2170.437500
-312 -2140.734375
-313 -2178.859375
-314 -2166.250000
-315 -2178.265625
-316 -2185.968750
-317 -2192.843750
-318 -2195.718750
-319 -2208.281250
-320 -2200.062500
-321 -2214.375000
-322 -2210.921875
-323 -2219.500000
-324 -2222.140625
-325 -2240.125000
-326 -2240.390625
-327 -2247.609375
-328 -2247.265625
-329 -2246.171875
-330 -2250.015625
-331 -2250.171875
-332 -2259.062500
-333 -2258.546875
-334 -2258.500000
-335 -2270.453125
-336 -2266.671875
-337 -2273.031250
-338 -2277.656250
-339 -2292.593750
-340 -2279.671875
-341 -2292.343750
-342 -2281.484375
-343 -2295.640625
-344 -2293.781250
-345 -2305.718750
-346 -2316.203125
-347 -2315.343750
-348 -2321.015625
-349 -2326.656250
-350 -2323.296875
-351 -2340.703125
-352 -2326.718750
-353 -2342.859375
-354 -2344.906250
-355 -2355.203125
-356 -2357.812500
-357 -2366.562500
-358 -2369.171875
-359 -2372.031250
-360 -2389.953125
-361 -2394.328125
-362 -2390.718750
-363 -2402.578125
-364 -2403.562500
-365 -2421.796875
-366 -2419.812500
-367 -2437.343750
-368 -2421.156250
-369 -2450.890625
-370 -2447.187500
-371 -2468.656250
-372 -2469.453125
-373 -2471.375000
-374 -2478.750000
-375 -2484.531250
-376 -2489.296875
-377 -2530.687500
-378 -2504.859375
-379 -2533.265625
-380 -2523.109375
-381 -2535.281250
-382 -2534.562500
-383 -2546.515625
-384 -2541.093750
-385 -2545.765625
-386 -2550.046875
-387 -2553.937500
-388 -2549.515625
-389 -2558.906250
-390 -2553.687500
-391 -2575.125000
-392 -2563.000000
-393 -2570.218750
-394 -2563.421875
-395 -2585.140625
-396 -2582.812500
-397 -2593.296875
-398 -2588.281250
-399 -2593.531250
-400 -2586.453125
-401 -2595.718750
-402 -2593.625000
-403 -2603.609375
-404 -2603.953125
-405 -2611.171875
-406 -2610.468750
-407 -2625.328125
-408 -2624.593750
-409 -2627.062500
-410 -2634.046875
-411 -2638.734375
-412 -2638.265625
-413 -2641.906250
-414 -2655.640625
-415 -2653.765625
-416 -2658.718750
-417 -2660.828125
-418 -2669.593750
-419 -2669.328125
-420 -2674.546875
-421 -2680.312500
-422 -2679.328125
-423 -2689.640625
-424 -2694.437500
-425 -2702.843750
-426 -2703.421875
-427 -2729.765625
-428 -2731.625000
-429 -2734.562500
-430 -2733.843750
-431 -2753.156250
-432 -2760.171875
-433 -2766.656250
-434 -2777.234375
-435 -2788.078125
-436 -2783.343750
-437 -2797.828125
-438 -2800.968750
-439 -2801.437500
-440 -2803.234375
-441 -2806.328125
-442 -2813.640625
-443 -2812.468750
-444 -2813.609375
-445 -2817.062500
-446 -2818.343750
-447 -2826.671875
-448 -2820.937500
-449 -2825.125000
-450 -2826.984375
-451 -2835.953125
-452 -2844.718750
-453 -2834.375000
-454 -2852.750000
-455 -2841.375000
-456 -2860.093750
-457 -2863.671875
-458 -2868.953125
-459 -2872.312500
-460 -2887.703125
-461 -2914.031250
-462 -2908.328125
-463 -2911.843750
-464 -2927.953125
-465 -2919.875000
-466 -2921.593750
-467 -2928.281250
-468 -2934.890625
-469 -2933.937500
-470 -2936.109375
-471 -2940.921875
-472 -2944.859375
-473 -2946.625000
-474 -2951.328125
-475 -2952.296875
-476 -2954.718750
-477 -2954.015625
-478 -2958.687500
-479 -2959.406250
-480 -2961.718750
-481 -2961.328125
-482 -2966.671875
-483 -2962.890625
-484 -2967.812500
-485 -2970.093750
-486 -2980.453125
-487 -2971.906250
-488 -2974.812500
-489 -2988.718750
-490 -2994.109375
-491 -2993.515625
-492 -3006.000000
-493 -3012.843750
-494 -3000.000000
-495 -3024.328125
-496 -3036.953125
-497 -3034.234375
-498 -3057.515625
-499 -3050.562500
-500 -3060.656250
-501 -3061.078125
-502 -3064.218750
-503 -3062.484375
-504 -3066.015625
-505 -3070.750000
-506 -3069.125000
-507 -3078.015625
-508 -3071.515625
-509 -3081.359375
-510 -3108.968750
-511 -3091.265625
-512 -3114.125000
-513 -3132.312500
-514 -3120.515625
-515 -3144.812500
-516 -3142.515625
-517 -3151.937500
-518 -3149.078125
-519 -3158.968750
-520 -3168.281250
-521 -3177.250000
-522 -3177.296875
-523 -3187.765625
-524 -3184.234375
-525 -3195.640625
-526 -3191.390625
-527 -3196.890625
-528 -3196.109375
-529 -3209.546875
-530 -3211.078125
-531 -3212.140625
-532 -3216.515625
-533 -3219.015625
-534 -3227.562500
-535 -3242.562500
-536 -3238.375000
-537 -3236.406250
-538 -3245.593750
-539 -3247.906250
-540 -3250.828125
-541 -3254.796875
-542 -3265.453125
-543 -3254.359375
-544 -3265.296875
-545 -3262.328125
-546 -3267.734375
-547 -3264.125000
-548 -3272.062500
-549 -3280.906250
-550 -3276.640625
-551 -3307.250000
-552 -3310.468750
-553 -3305.750000
-554 -3318.187500
-555 -3320.796875
-556 -3327.171875
-557 -3320.718750
-558 -3328.687500
-559 -3332.718750
-560 -3336.640625
-561 -3339.625000
-562 -3341.828125
-563 -3341.468750
-564 -3344.750000
-565 -3343.609375
-566 -3362.953125
-567 -3370.500000
-568 -3376.281250
-569 -3374.953125
-570 -3382.921875
-571 -3387.515625
-572 -3393.609375
-573 -3397.125000
-574 -3399.781250
-575 -3407.015625
-576 -3407.140625
-577 -3407.296875
-578 -3408.937500
-579 -3419.734375
-580 -3423.765625
-581 -3430.843750
-582 -3433.546875
-583 -3433.750000
-584 -3439.375000
-585 -3440.421875
-586 -3456.062500
-587 -3456.359375
-588 -3466.000000
-589 -3465.265625
-590 -3482.281250
-591 -3484.562500
-592 -3478.296875
-593 -3479.171875
-594 -3488.421875
-595 -3486.843750
-596 -3491.468750
-597 -3492.500000
-598 -3492.312500
-599 -3494.062500
-600 -3504.343750
-601 -3504.109375
-602 -3505.843750
-603 -3508.703125
-604 -3525.234375
-605 -3508.781250
-606 -3530.328125
-607 -3514.187500
-608 -3547.218750
-609 -3530.390625
-610 -3558.265625
-611 -3559.468750
-612 -3565.562500
-613 -3571.203125
-614 -3570.968750
-615 -3578.156250
-616 -3581.515625
-617 -3585.109375
-618 -3608.859375
-619 -3603.296875
-620 -3612.343750
-621 -3613.968750
-622 -3632.250000
-623 -3637.828125
-624 -3643.156250
-625 -3646.734375
-626 -3659.968750
-627 -3680.515625
-628 -3684.203125
-629 -3688.750000
-630 -3688.984375
-631 -3694.046875
-632 -3695.140625
-633 -3694.171875
-634 -3699.234375
-635 -3701.843750
-636 -3696.578125
-637 -3706.375000
-638 -3712.593750
-639 -3725.500000
-640 -3724.531250
-641 -3739.125000
-642 -3743.546875
-643 -3751.343750
-644 -3748.656250
-645 -3758.843750
-646 -3761.078125
-647 -3764.062500
-648 -3775.687500
-649 -3765.718750
-650 -3782.000000
-651 -3780.109375
-652 -3796.250000
-653 -3783.421875
-654 -3810.515625
-655 -3790.234375
-656 -3801.421875
-657 -3804.875000
-658 -3819.781250
-659 -3831.718750
-660 -3829.109375
-661 -3831.171875
-662 -3842.531250
-663 -3838.421875
-664 -3846.578125
-665 -3846.109375
-666 -3852.734375
-667 -3869.937500
-668 -3857.781250
-669 -3873.718750
-670 -3885.890625
-671 -3892.250000
-672 -3877.781250
-673 -3897.546875
-674 -3885.656250
-675 -3901.359375
-676 -3904.750000
-677 -3909.171875
-678 -3904.562500
-679 -3907.906250
-680 -3913.375000
-681 -3910.656250
-682 -3915.312500
-683 -3918.125000
-684 -3924.828125
-685 -3922.406250
-686 -3941.343750
-687 -3946.984375
-688 -3953.531250
-689 -3961.781250
-690 -3956.671875
-691 -3969.656250
-692 -3972.875000
-693 -3974.453125
-694 -3971.890625
-695 -3982.500000
-696 -3976.484375
-697 -3983.234375
-698 -4009.593750
-699 -3986.859375
