0 0.000000
-1 -10.060547
-2 -11.486328
-3 -16.343750
-4 -13.802734
-5 -21.521484
-6 -11.025391
-7 -25.679688
-8 -22.218750
-9 -27.443359
-10 -26.410156
-11 -31.248047
-12 -28.498047
-13 -33.861328
-14 -31.251953
-15 -44.228516
-16 -38.568359
-17 -45.960938
-18 -41.810547
-19 -48.216797
-20 -48.882812
-21 -52.609375
-22 -50.560547
-23 -54.568359
-24 -52.531250
-25 -57.886719
-26 -57.193359
-27 -61.628906
-28 -59.910156
-29 -64.910156
-30 -59.740234
-31 -66.949219
-32 -64.111328
-33 -68.992188
-34 -69.181641
-35 -73.593750
-36 -71.000000
-37 -75.552734
-38 -75.000000
-39 -79.140625
-40 -76.435547
-41 -85.470703
-42 -80.269531
-43 -88.111328
-44 -83.380859
-45 -90.810547
-46 -87.867188
-47 -90.630859
-48 -89.939453
-49 -96.398438
-50 -93.035156
-51 -100.843750
-52 -97.843750
-53 -103.785156
-54 -101.535156
-55 -108.330078
-56 -108.402344
-57 -111.226562
-58 -110.332031
-59 -114.554688
-60 -113.046875
-61 -118.976562
-62 -114.019531
-63 -121.994141
-64 -118.957031
-65 -125.800781
-66 -123.447266
-67 -130.494141
-68 -130.548828
-69 -132.976562
-70 -131.501953
-71 -134.111328
-72 -134.621094
-73 -139.726562
-74 -138.429688
-75 -144.812500
-76 -143.408203
-77 -150.470703
-78 -151.486328
-79 -156.005859
-80 -155.710938
-81 -159.037109
-82 -159.429688
-83 -163.648438
-84 -161.662109
-85 -165.607422
-86 -167.359375
-87 -169.384766
-88 -171.425781
-89 -174.021484
-90 -173.447266
-91 -177.714844
-92 -177.689453
-93 -183.111328
-94 -181.857422
-95 -183.564453
-96 -183.476562
-97 -186.294922
-98 -186.572266
-99 -192.511719
-100 -193.314453
-101 -196.845703
-102 -195.230469
-103 -201.166016
-104 -198.064453
-105 -203.337891
-106 -204.001953
-107 -207.433594
-108 -206.871094
-109 -210.406250
-110 -211.140625
-111 -213.482422
-112 -213.761719
-113 -219.347656
-114 -219.214844
-115 -223.562500
-116 -227.585938
-117 -230.146484
-118 -230.419922
-119 -234.794922
-120 -232.369141
-121 -239.226562
-122 -234.789062
-123 -240.269531
-124 -239.882812
-125 -244.449219
-126 -242.902344
-127 -247.542969
-128 -245.583984
-129 -250.505859
-130 -247.769531
-131 -253.105469
-132 -253.226562
-133 -256.468750
-134 -255.099609
-135 -261.367188
-136 -260.115234
-137 -263.669922
-138 -264.285156
-139 -265.925781
-140 -268.355469
-141 -269.203125
-142 -270.005859
-143 -275.611328
-144 -276.353516
-145 -282.513672
-146 -280.005859
-147 -284.041016
-148 -284.933594
-149 -289.123047
-150 -288.218750
-151 -291.007812
-152 -293.773438
-153 -298.775391
-154 -295.429688
-155 -301.531250
-156 -302.203125
-157 -305.685547
-158 -304.273438
-159 -307.214844
-160 -306.115234
-161 -315.904297
-162 -313.664062
-163 -317.738281
-164 -317.384766
-165 -321.578125
-166 -317.896484
-167 -323.726562
-168 -322.019531
-169 -325.753906
-170 -325.712891
-171 -333.089844
-172 -329.808594
-173 -333.494141
-174 -331.824219
-175 -339.785156
-176 -339.837891
-177 -345.279297
-178 -340.455078
-179 -351.775391
-180 -350.900391
-181 -356.287109
-182 -353.599609
-183 -360.037109
-184 -357.041016
-185 -364.861328
-186 -360.800781
-187 -369.298828
-188 -368.251953
-189 -373.236328
-190 -370.484375
-191 -375.494141
-192 -372.779297
-193 -379.388672
-194 -376.476562
-195 -381.351562
-196 -379.943359
-197 -386.322266
-198 -383.742188
-199 -391.496094
-200 -391.994141
-201 -394.582031
-202 -396.382812
-203 -401.962891
-204 -402.203125
-205 -405.287109
-206 -405.626953
-207 -407.634766
-208 -409.134766
-209 -410.646484
-210 -410.847656
-211 -413.763672
-212 -415.328125
-213 -422.746094
-214 -424.287109
-215 -428.380859
-216 -429.197266
-217 -431.220703
-218 -430.552734
-219 -432.595703
-220 -434.457031
-221 -436.615234
-222 -435.875000
-223 -441.490234
-224 -439.029297
-225 -443.644531
-226 -441.425781
-227 -445.640625
-228 -446.943359
-229 -449.984375
-230 -450.015625
-231 -452.619141
-232 -453.785156
-233 -460.378906
-234 -461.703125
-235 -462.746094
-236 -462.806641
-237 -466.318359
-238 -465.634766
-239 -472.669922
-240 -470.984375
-241 -476.318359
-242 -476.171875
-243 -480.677734
-244 -479.833984
-245 -483.992188
-246 -483.117188
-247 -487.476562
-248 -484.812500
-249 -490.828125
-250 -490.027344
-251 -493.945312
-252 -494.068359
-253 -497.505859
-254 -498.558594
-255 -502.603516
-256 -504.675781
-257 -507.205078
-258 -507.605469
-259 -508.984375
-260 -510.980469
-261 -513.232422
-262 -513.830078
-263 -516.990234
-264 -516.994141
-265 -521.328125
-266 -521.195312
-267 -525.753906
-268 -525.964844
-269 -529.939453
-270 -527.320312
-271 -532.072266
-272 -530.398438
-273 -534.904297
-274 -535.445312
-275 -540.412109
-276 -542.025391
-277 -548.349609
-278 -547.132812
-279 -552.191406
-280 -550.509766
-281 -560.183594
-282 -553.896484
-283 -559.970703
-284 -561.042969
-285 -568.570312
-286 -569.095703
-287 -572.138672
-288 -571.521484
-289 -578.781250
-290 -576.445312
-291 -579.615234
-292 -579.572266
-293 -582.345703
-294 -582.974609
-295 -585.607422
-296 -584.441406
-297 -592.261719
-298 -589.427734
-299 -593.912109
-300 -592.054688
-301 -596.667969
-302 -596.203125
-303 -602.236328
-304 -597.519531
-305 -608.304688
-306 -605.882812
-307 -610.724609
-308 -606.849609
-309 -611.636719
-310 -611.417969
-311 -617.349609
-312 -614.566406
-313 -623.742188
-314 -620.750000
-315 -628.060547
-316 -626.337891
-317 -629.996094
-318 -629.207031
-319 -633.039062
-320 -635.673828
-321 -635.255859
-322 -639.576172
-323 -638.318359
-324 -647.312500
-325 -644.699219
-326 -650.931641
-327 -650.437500
-328 -654.236328
-329 -657.582031
-330 -658.636719
-331 -657.480469
-332 -662.884766
-333 -664.371094
-334 -663.398438
-335 -667.322266
-336 -667.523438
-337 -674.931641
-338 -674.005859
-339 -675.859375
-340 -676.578125
-341 -681.216797
-342 -680.964844
-343 -683.724609
-344 -682.691406
-345 -686.958984
-346 -687.222656
-347 -689.957031
-348 -691.470703
-349 -694.105469
-350 -693.652344
-351 -694.935547
-352 -699.308594
-353 -700.197266
-354 -702.757812
-355 -703.863281
-356 -705.496094
-357 -705.658203
-358 -713.847656
-359 -718.847656
-360 -716.875000
-361 -719.847656
-362 -720.410156
-363 -726.140625
-364 -725.964844
-365 -728.916016
-366 -729.001953
-367 -733.013672
-368 -734.558594
-369 -739.691406
-370 -740.285156
-371 -747.949219
-372 -748.177734
-373 -748.925781
-374 -749.556641
-375 -752.816406
-376 -753.712891
-377 -756.753906
-378 -757.546875
-379 -763.333984
-380 -763.542969
-381 -764.953125
-382 -765.269531
-383 -769.226562
-384 -770.208984
-385 -772.080078
-386 -776.447266
-387 -774.656250
-388 -780.248047
-389 -780.599609
-390 -782.158203
-391 -785.470703
-392 -785.775391
-393 -788.474609
-394 -792.603516
-395 -791.009766
-396 -795.091797
-397 -797.177734
-398 -800.021484
-399 -798.271484
-400 -802.662109
-401 -800.642578
-402 -802.642578
-403 -807.298828
-404 -806.273438
-405 -808.732422
-406 -810.695312
-407 -813.777344
-408 -815.625000
-409 -819.412109
-410 -821.103516
-411 -825.289062
-412 -826.625000
-413 -829.060547
-414 -829.785156
-415 -836.794922
-416 -833.859375
-417 -839.849609
-418 -838.435547
-419 -843.132812
-420 -841.833984
-421 -846.259766
-422 -846.251953
-423 -849.154297
-424 -854.236328
-425 -852.951172
-426 -856.105469
-427 -854.646484
-428 -857.738281
-429 -858.169922
-430 -864.044922
-431 -860.757812
-432 -866.089844
-433 -865.175781
-434 -869.210938
-435 -867.240234
-436 -872.833984
-437 -869.669922
-438 -874.853516
-439 -876.533203
-440 -881.460938
-441 -881.058594
-442 -882.585938
-443 -886.195312
-444 -884.796875
-445 -891.261719
-446 -892.849609
-447 -892.755859
-448 -897.363281
-449 -899.111328
-450 -900.355469
-451 -902.330078
-452 -903.365234
-453 -904.562500
-454 -907.732422
-455 -908.091797
-456 -909.363281
-457 -908.810547
-458 -914.197266
-459 -912.714844
-460 -918.867188
-461 -917.896484
-462 -924.685547
-463 -920.984375
-464 -926.167969
-465 -927.519531
-466 -928.751953
-467 -931.964844
-468 -934.115234
-469 -931.601562
-470 -938.552734
-471 -940.552734
-472 -945.615234
-473 -943.863281
-474 -945.488281
-475 -952.570312
-476 -951.273438
-477 -954.333984
-478 -955.082031
-479 -961.589844
-480 -964.498047
-481 -962.537109
-482 -967.675781
-483 -968.058594
-484 -972.298828
-485 -975.443359
-486 -976.255859
-487 -979.658203
-488 -979.250000
-489 -983.052734
-490 -985.068359
-491 -985.410156
-492 -991.392578
-493 -992.232422
-494 -993.953125
-495 -997.138672
-496 -1003.238281
-497 -1001.509766
-498 -1005.601562
-499 -1004.664062
-500 -1011.748047
-501 -1008.646484
-502 -1013.798828
-503 -1014.083984
-504 -1020.519531
-505 -1021.843750
-506 -1021.416016
-507 -1025.841797
-508 -1025.802734
-509 -1029.748047
-510 -1033.654297
-511 -1032.546875
-512 -1037.964844
-513 -1037.193359
-514 -1039.392578
-515 -1042.667969
-516 -1044.939453
-517 -1044.335938
-518 -1044.773438
-519 -1047.826172
-520 -1050.279297
-521 -1052.126953
-522 -1053.634766
-523 -1056.001953
-524 -1059.224609
-525 -1062.306641
-526 -1061.175781
-527 -1064.812500
-528 -1065.480469
-529 -1067.630859
-530 -1070.076172
-531 -1070.687500
-532 -1070.484375
-533 -1074.335938
-534 -1074.601562
-535 -1074.310547
-536 -1078.291016
-537 -1078.068359
-538 -1082.375000
-539 -1080.779297
-540 -1087.228516
-541 -1085.539062
-542 -1088.685547
-543 -1088.101562
-544 -1091.013672
-545 -1094.320312
-546 -1092.812500
-547 -1099.148438
-548 -1098.691406
-549 -1102.496094
-550 -1100.710938
-551 -1103.419922
-552 -1104.652344
-553 -1106.166016
-554 -1105.529297
-555 -1109.156250
-556 -1109.712891
-557 -1118.236328
-558 -1113.312500
-559 -1120.341797
-560 -1119.390625
-561 -1123.822266
-562 -1127.816406
-563 -1129.568359
-564 -1132.982422
-565 -1131.478516
-566 -1138.318359
-567 -1135.224609
-568 -1137.857422
-569 -1138.929688
-570 -1142.283203
-571 -1144.134766
-572 -1144.787109
-573 -1148.378906
-574 -1148.582031
-575 -1150.080078
-576 -1150.226562
-577 -1154.490234
-578 -1155.968750
-579 -1158.902344
-580 -1159.037109
-581 -1163.476562
-582 -1166.500000
-583 -1168.691406
-584 -1168.378906
-585 -1170.546875
-586 -1171.076172
-587 -1175.158203
-588 -1173.355469
-589 -1180.746094
-590 -1182.156250
-591 -1184.324219
-592 -1183.685547
-593 -1188.855469
-594 -1187.031250
-595 -1192.082031
-596 -1191.843750
-597 -1194.591797
-598 -1195.833984
-599 -1198.460938
-600 -1201.626953
-601 -1200.462891
-602 -1205.107422
-603 -1204.328125
-604 -1207.119141
-605 -1205.085938
-606 -1210.611328
-607 -1208.007812
-608 -1212.957031
-609 -1213.408203
-610 -1215.687500
-611 -1217.470703
-612 -1220.777344
-613 -1219.705078
-614 -1222.410156
-615 -1222.791016
-616 -1227.158203
-617 -1223.943359
-618 -1227.802734
-619 -1229.451172
-620 -1230.960938
-621 -1232.212891
-622 -1233.648438
-623 -1236.373047
-624 -1236.986328
-625 -1240.519531
-626 -1242.476562
-627 -1242.314453
-628 -1247.652344
-629 -1245.683594
-630 -1251.896484
-631 -1249.519531
-632 -1250.707031
-633 -1255.087891
-634 -1255.427734
-635 -1257.572266
-636 -1258.962891
-637 -1262.150391
-638 -1260.984375
-639 -1266.429688
-640 -1264.441406
-641 -1270.376953
-642 -1270.464844
-643 -1281.517578
-644 -1279.140625
-645 -1282.861328
-646 -1282.544922
-647 -1286.371094
-648 -1285.308594
-649 -1289.654297
-650 -1286.953125
-651 -1289.857422
-652 -1295.335938
-653 -1299.236328
-654 -1298.419922
-655 -1300.585938
-656 -1303.769531
-657 -1304.556641
-658 -1310.615234
-659 -1307.056641
-660 -1313.039062
-661 -1311.167969
-662 -1315.353516
-663 -1312.845703
-664 -1322.322266
-665 -1320.183594
-666 -1326.488281
-667 -1324.929688
-668 -1328.195312
-669 -1327.726562
-670 -1329.408203
-671 -1332.333984
-672 -1335.453125
-673 -1334.697266
-674 -1339.660156
-675 -1336.046875
-676 -1339.707031
-677 -1343.873047
-678 -1346.080078
-679 -1344.935547
-680 -1350.873047
-681 -1350.630859
-682 -1355.607422
-683 -1358.855469
-684 -1365.384766
-685 -1367.589844
-686 -1373.318359
-687 -1372.324219
-688 -1379.542969
-689 -1379.093750
-690 -1384.646484
-691 -1387.414062
-692 -1385.806641
-693 -1390.478516
-694 -1391.927734
-695 -1397.945312
-696 -1396.535156
-697 -1402.611328
-698 -1398.761719
-699 -1405.990234
