0 0.000000
-1 -123.000000
-2 7.000000
-3 -1284.000000
-4 -1393.500000
-5 -2442.500000
-6 -1017.000000
-7 -1659.000000
-8 -1831.000000
-9 -2087.500000
-10 -1834.000000
-11 -2507.500000
-12 -1484.000000
-13 -2805.000000
-14 -2759.000000
-15 -3825.000000
-16 -2993.500000
-17 -3985.000000
-18 -3880.000000
-19 -5294.000000
-20 -4924.000000
-21 -6116.500000
-22 -4853.500000
-23 -5953.000000
-24 -5692.500000
-25 -6446.500000
-26 -6361.000000
-27 -6815.500000
-28 -6558.000000
-29 -6815.000000
-30 -6686.000000
-31 -6966.500000
-32 -6891.500000
-33 -7742.000000
-34 -7830.500000
-35 -8843.000000
-36 -7992.000000
-37 -8755.000000
-38 -8846.000000
-39 -8870.500000
-40 -8896.500000
-41 -9598.000000
-42 -9332.500000
-43 -9902.500000
-44 -9886.000000
-45 -10191.000000
-46 -9810.000000
-47 -10274.500000
-48 -9967.000000
-49 -11182.000000
-50 -10468.500000
-51 -11337.500000
-52 -10678.000000
-53 -11564.000000
-54 -10813.500000
-55 -11979.500000
-56 -11818.000000
-57 -12642.500000
-58 -11995.500000
-59 -13336.500000
-60 -11988.500000
-61 -12848.000000
-62 -12936.500000
-63 -13388.500000
-64 -13361.500000
-65 -13908.000000
-66 -13906.000000
-67 -13964.000000
-68 -13972.500000
-69 -14040.500000
-70 -14149.500000
-71 -14368.500000
-72 -14465.000000
-73 -14825.000000
-74 -14698.000000
-75 -15114.500000
-76 -15026.000000
-77 -15993.000000
-78 -15198.000000
-79 -16169.500000
-80 -15929.500000
-81 -16470.500000
-82 -16274.000000
-83 -17063.000000
-84 -17370.000000
-85 -17685.500000
-86 -17706.000000
-87 -18097.500000
-88 -17545.500000
-89 -18288.500000
-90 -17879.000000
-91 -18290.000000
-92 -18271.000000
-93 -18452.500000
-94 -18361.500000
-95 -18318.000000
-96 -18368.500000
-97 -18402.500000
-98 -18406.500000
-99 -18928.500000
-100 -18784.500000
-101 -19101.000000
-102 -18816.500000
-103 -19163.000000
-104 -18969.500000
-105 -19428.500000
-106 -19273.500000
-107 -19410.000000
-108 -19591.000000
-109 -19838.000000
-110 -19933.500000
-111 -19994.500000
-112 -19974.500000
-113 -20177.500000
-114 -20418.000000
-115 -20376.500000
-116 -20554.500000
-117 -20614.000000
-118 -20592.500000
-119 -20727.000000
-120 -20835.500000
-121 -21472.500000
-122 -21567.500000
-123 -21399.500000
-124 -21435.000000
-125 -21526.000000
-126 -21822.000000
-127 -22898.000000
-128 -22585.000000
-129 -23132.000000
-130 -23380.500000
-131 -24615.000000
-132 -23266.000000
-133 -24666.000000
-134 -23655.500000
-135 -24772.000000
-136 -24646.000000
-137 -24959.500000
-138 -24956.000000
-139 -25007.000000
-140 -25236.500000
-141 -25346.500000
-142 -25261.500000
-143 -25284.000000
-144 -25729.500000
-145 -25795.000000
-146 -25786.000000
-147 -25979.500000
-148 -26004.500000
-149 -26298.500000
-150 -26020.500000
-151 -26261.500000
-152 -26103.000000
-153 -26977.000000
-154 -26855.000000
-155 -27667.000000
-156 -26701.000000
-157 -27929.000000
-158 -27017.000000
-159 -27962.000000
-160 -28536.000000
-161 -29422.500000
-162 -29302.000000
-163 -29745.000000
-164 -29677.500000
-165 -29706.000000
-166 -29637.000000
-167 -30012.000000
-168 -30070.500000
-169 -30482.500000
-170 -30210.000000
-171 -30425.000000
-172 -30665.000000
-173 -31211.500000
-174 -31229.000000
-175 -31245.500000
-176 -31431.500000
-177 -32155.000000
-178 -31851.000000
-179 -32411.500000
-180 -32085.500000
-181 -32828.500000
-182 -32445.000000
-183 -33138.000000
-184 -32808.000000
-185 -33289.500000
-186 -33240.500000
-187 -33422.500000
-188 -33378.500000
-189 -33509.500000
-190 -33431.500000
-191 -33876.000000
-192 -33711.000000
-193 -33873.000000
-194 -33844.000000
-195 -33847.000000
-196 -33899.500000
-197 -34627.500000
-198 -34308.500000
-199 -34715.500000
-200 -34841.000000
-201 -34879.000000
-202 -35013.500000
-203 -35032.000000
-204 -35343.000000
-205 -35545.000000
-206 -35337.000000
-207 -35546.500000
-208 -35573.000000
-209 -36483.000000
-210 -36161.500000
-211 -36940.000000
-212 -37027.500000
-213 -37215.000000
-214 -37245.500000
-215 -37726.500000
-216 -37242.000000
-217 -38033.000000
-218 -37242.000000
-219 -38653.500000
-220 -37735.000000
-221 -38960.500000
-222 -39693.000000
-223 -39314.000000
-224 -39881.000000
-225 -40119.000000
-226 -40142.000000
-227 -41144.000000
-228 -41025.500000
-229 -41355.000000
-230 -41122.500000
-231 -41673.500000
-232 -41602.000000
-233 -41809.000000
-234 -41652.000000
-235 -41632.000000
-236 -41733.000000
-237 -42020.500000
-238 -42072.500000
-239 -42076.000000
-240 -42382.000000
-241 -42371.500000
-242 -42390.000000
-243 -42496.000000
-244 -42515.000000
-245 -42576.500000
-246 -42491.000000
-247 -42509.000000
-248 -42582.500000
-249 -42511.500000
-250 -42758.000000
-251 -42852.500000
-252 -42764.500000
-253 -42944.000000
-254 -42910.000000
-255 -43000.000000
-256 -43025.000000
-257 -43252.000000
-258 -42938.000000
-259 -43002.000000
-260 -43173.500000
-261 -43380.000000
-262 -43492.000000
-263 -43432.500000
-264 -43891.500000
-265 -43611.000000
-266 -43990.000000
-267 -44541.000000
-268 -44626.000000
-269 -44158.000000
-270 -44625.500000
-271 -44594.500000
-272 -44737.500000
-273 -44597.500000
-274 -44800.000000
-275 -44907.000000
-276 -45044.000000
-277 -45499.000000
-278 -45709.500000
-279 -45484.500000
-280 -45580.500000
-281 -45807.000000
-282 -45881.500000
-283 -45912.500000
-284 -45956.500000
-285 -45905.500000
-286 -46193.500000
-287 -46124.000000
-288 -46361.500000
-289 -46285.000000
-290 -46512.500000
-291 -47040.000000
-292 -46897.000000
-293 -47042.500000
-294 -46937.000000
-295 -46957.500000
-296 -47250.000000
-297 -47692.500000
-298 -48030.000000
-299 -48013.500000
-300 -47739.500000
-301 -48033.500000
-302 -47938.000000
-303 -48093.500000
-304 -48102.500000
-305 -48100.000000
-306 -48181.500000
-307 -48680.000000
-308 -48332.000000
-309 -48579.000000
-310 -48507.000000
-311 -48700.500000
-312 -48585.000000
-313 -48687.000000
-314 -48695.000000
-315 -48860.000000
-316 -49170.500000
-317 -49266.500000
-318 -49235.000000
-319 -49749.500000
-320 -49609.000000
-321 -50003.000000
-322 -49827.500000
-323 -50299.500000
-324 -49991.000000
-325 -50436.000000
-326 -50604.500000
-327 -50740.000000
-328 -50593.000000
-329 -51004.500000
-330 -50970.500000
-331 -50937.000000
-332 -51267.000000
-333 -51053.000000
-334 -51082.500000
-335 -51332.500000
-336 -51366.500000
-337 -51460.500000
-338 -51355.000000
-339 -51739.000000
-340 -51444.500000
-341 -51896.000000
-342 -51580.500000
-343 -52002.000000
-344 -51976.000000
-345 -51918.000000
-346 -51931.000000
-347 -52062.000000
-348 -52047.500000
-349 -52296.500000
-350 -52471.000000
-351 -52618.000000
-352 -52714.000000
-353 -52729.500000
-354 -52834.000000
-355 -52892.500000
-356 -52954.000000
-357 -52819.500000
-358 -53314.500000
-359 -53271.000000
-360 -53385.000000
-361 -53456.000000
-362 -53388.000000
-363 -53446.000000
-364 -53769.000000
-365 -53513.000000
-366 -53922.500000
-367 -54059.000000
-368 -54111.500000
-369 -54314.500000
-370 -54402.000000
-371 -54623.500000
-372 -54572.500000
-373 -54820.500000
-374 -54739.500000
-375 -54856.000000
-376 -55660.000000
-377 -55663.000000
-378 -55854.500000
-379 -55746.000000
-380 -55810.000000
-381 -56272.000000
-382 -56115.000000
-383 -56356.500000
-384 -56393.000000
-385 -56611.500000
-386 -56693.000000
-387 -56844.500000
-388 -56845.500000
-389 -57018.500000
-390 -56984.000000
-391 -57216.500000
-392 -57308.000000
-393 -57121.500000
-394 -57392.000000
-395 -57324.000000
-396 -57499.000000
-397 -57377.000000
-398 -57690.000000
-399 -57481.500000
-400 -57541.000000
-401 -57611.500000
-402 -57745.500000
-403 -57865.000000
-404 -57737.500000
-405 -57915.500000
-406 -58220.000000
-407 -58149.000000
-408 -58280.500000
-409 -58273.000000
-410 -58742.000000
-411 -58651.500000
-412 -58809.500000
-413 -58813.500000
-414 -58958.500000
-415 -59023.000000
-416 -58927.000000
-417 -59013.000000
-418 -59316.000000
-419 -59216.500000
-420 -59202.000000
-421 -59636.500000
-422 -59591.500000
-423 -59627.500000
-424 -59994.000000
-425 -59672.000000
-426 -60114.500000
-427 -59993.500000
-428 -60112.000000
-429 -60058.000000
-430 -60343.000000
-431 -60280.500000
-432 -60233.000000
-433 -60201.000000
-434 -60292.500000
-435 -60390.500000
-436 -60709.500000
-437 -60836.000000
-438 -60609.500000
-439 -60995.000000
-440 -60971.500000
-441 -61010.500000
-442 -61477.000000
-443 -61395.500000
-444 -61894.500000
-445 -61581.500000
-446 -62157.500000
-447 -62142.500000
-448 -62109.500000
-449 -62523.000000
-450 -62252.000000
-451 -62796.000000
-452 -62636.500000
-453 -63025.500000
-454 -62814.500000
-455 -62950.500000
-456 -62926.000000
-457 -63246.500000
-458 -63094.000000
-459 -63266.000000
-460 -63199.500000
-461 -63469.000000
-462 -63567.000000
-463 -63674.500000
-464 -63619.000000
-465 -63933.500000
-466 -64027.500000
-467 -64596.500000
-468 -64373.000000
-469 -64663.000000
-470 -64529.000000
-471 -64729.000000
-472 -65096.500000
-473 -65461.000000
-474 -65475.000000
-475 -65690.000000
-476 -65557.000000
-477 -66110.000000
-478 -65944.500000
-479 -66103.000000
-480 -66085.500000
-481 -66127.000000
-482 -66156.500000
-483 -66128.000000
-484 -66201.500000
-485 -66364.000000
-486 -66230.500000
-487 -66171.000000
-488 -66303.000000
-489 -66381.000000
-490 -66431.500000
-491 -66409.500000
-492 -66442.500000
-493 -66459.500000
-494 -66577.500000
-495 -66484.000000
-496 -66565.000000
-497 -66505.000000
-498 -66603.000000
-499 -66606.500000
-500 -66757.500000
-501 -66690.500000
-502 -66859.000000
-503 -66901.500000
-504 -66884.000000
-505 -67176.500000
-506 -67026.500000
-507 -67040.500000
-508 -67240.000000
-509 -67580.000000
-510 -67312.500000
-511 -67613.500000
-512 -67422.000000
-513 -67700.000000
-514 -67713.500000
-515 -67777.000000
-516 -67755.500000
-517 -67732.500000
-518 -68081.500000
-519 -67749.500000
-520 -68263.500000
-521 -68416.000000
-522 -68357.500000
-523 -68535.000000
-524 -68500.000000
-525 -68552.500000
-526 -68510.000000
-527 -68578.000000
-528 -68844.500000
-529 -68748.500000
-530 -68561.500000
-531 -69040.000000
-532 -69178.500000
-533 -68872.500000
-534 -69209.000000
-535 -69228.500000
-536 -69190.000000
-537 -69227.500000
-538 -69217.500000
-539 -69401.000000
-540 -69230.500000
-541 -69448.000000
-542 -69475.000000
-543 -69549.000000
-544 -69662.000000
-545 -69548.500000
-546 -69452.500000
-547 -69670.500000
-548 -69654.500000
-549 -69652.500000
-550 -69986.500000
-551 -69682.500000
-552 -70368.000000
-553 -70657.500000
-554 -70403.000000
-555 -70689.500000
-556 -70701.000000
-557 -71012.500000
-558 -71143.000000
-559 -71215.500000
-560 -71377.000000
-561 -71328.500000
-562 -71668.000000
-563 -71910.500000
-564 -71797.500000
-565 -72003.000000
-566 -72030.000000
-567 -72387.500000
-568 -72553.500000
-569 -72406.000000
-570 -72627.000000
-571 -72627.000000
-572 -73023.500000
-573 -73077.000000
-574 -73159.500000
-575 -73099.500000
-576 -73616.000000
-577 -73458.500000
-578 -73725.500000
-579 -74009.000000
-580 -74003.500000
-581 -74063.500000
-582 -74108.000000
-583 -74225.500000
-584 -74382.000000
-585 -74631.500000
-586 -74623.500000
-587 -74819.000000
-588 -74882.500000
-589 -74930.000000
-590 -74965.500000
-591 -74974.500000
-592 -74906.000000
-593 -75281.500000
-594 -75281.000000
-595 -75509.000000
-596 -75228.500000
-597 -75952.000000
-598 -75835.500000
-599 -76156.500000
-600 -75853.000000
-601 -76096.000000
-602 -76253.000000
-603 -76499.500000
-604 -76466.500000
-605 -76474.000000
-606 -76833.500000
-607 -76818.000000
-608 -76695.000000
-609 -76966.500000
-610 -77064.500000
-611 -77113.500000
-612 -77133.000000
-613 -77096.500000
-614 -77212.500000
-615 -77220.500000
-616 -77398.000000
-617 -77349.500000
-618 -77523.500000
-619 -77653.500000
-620 -77607.000000
-621 -77763.500000
-622 -77635.500000
-623 -77867.000000
-624 -77924.000000
-625 -77864.500000
-626 -77991.000000
-627 -77898.000000
-628 -78229.000000
-629 -78118.000000
-630 -78395.500000
-631 -78123.000000
-632 -78503.500000
-633 -78639.500000
-634 -78655.000000
-635 -78861.500000
-636 -78787.500000
-637 -79071.500000
-638 -79302.000000
-639 -79263.500000
-640 -79342.000000
-641 -79367.000000
-642 -79384.500000
-643 -79476.000000
-644 -79396.500000
-645 -79557.500000
-646 -79458.500000
-647 -79719.000000
-648 -79863.000000
-649 -79630.500000
-650 -79879.500000
-651 -79912.500000
-652 -79913.000000
-653 -80032.000000
-654 -80436.500000
-655 -80708.500000
-656 -80851.500000
-657 -81475.500000
-658 -81404.000000
-659 -81867.500000
-660 -81700.000000
-661 -81833.000000
-662 -81951.000000
-663 -81870.500000
-664 -82330.500000
-665 -82238.500000
-666 -82426.500000
-667 -82529.000000
-668 -82566.500000
-669 -82498.500000
-670 -82615.500000
-671 -82571.000000
-672 -82744.500000
-673 -82676.000000
-674 -82771.500000
-675 -82677.000000
-676 -82874.000000
-677 -82694.000000
-678 -82885.500000
-679 -82871.500000
-680 -82925.000000
-681 -83183.500000
-682 -83096.000000
-683 -83350.500000
-684 -83274.500000
-685 -83166.000000
-686 -83415.000000
-687 -83400.500000
-688 -83532.500000
-689 -83651.500000
-690 -83660.500000
-691 -84055.500000
-692 -83725.500000
-693 -84190.000000
-694 -84246.000000
-695 -84319.500000
-696 -84279.000000
-697 -84303.000000
-698 -84316.500000
-699 -84413.500000
