0 0.000000
-1 -3.639435
-2 -3.063037
-3 -6.731644
-4 -5.081142
-5 -8.753022
-6 -5.208441
-7 -8.892420
-8 -8.292525
-9 -11.968314
-10 -10.372225
-11 -14.050661
-12 -11.165748
-13 -14.854127
-14 -14.205135
-15 -17.903288
-16 -16.346644
-17 -20.016595
-18 -17.525041
-19 -21.206567
-20 -20.545497
-21 -24.228738
-22 -22.729046
-23 -26.403442
-24 -24.173445
-25 -27.869645
-26 -27.166058
-27 -30.884527
-28 -29.406286
-29 -33.139124
-30 -31.052003
-31 -34.763003
-32 -34.048009
-33 -37.769357
-34 -36.360744
-35 -40.074976
-36 -38.169630
-37 -41.876074
-38 -41.173880
-39 -44.893714
-40 -43.493171
-41 -47.196578
-42 -45.428390
-43 -49.137954
-44 -48.416805
-45 -52.164583
-46 -50.788769
-47 -54.512956
-48 -52.825797
-49 -56.575779
-50 -55.854372
-51 -59.601564
-52 -58.251471
-53 -61.991316
-54 -60.383274
-55 -64.129207
-56 -63.415227
-57 -67.154295
-58 -65.845912
-59 -69.604771
-60 -68.087741
-61 -71.825955
-62 -71.112606
-63 -74.844055
-64 -73.588345
-65 -77.322205
-66 -75.854976
-67 -79.600489
-68 -78.868662
-69 -82.621661
-70 -81.399056
-71 -85.144893
-72 -83.770279
-73 -87.515175
-74 -86.778932
-75 -90.520775
-76 -89.324511
-77 -93.062271
-78 -91.726248
-79 -95.509837
-80 -94.767252
-81 -98.540803
-82 -97.370329
-83 -101.133342
-84 -99.824056
-85 -103.596435
-86 -102.835322
-87 -106.627028
-88 -105.465792
-89 -109.267336
-90 -108.016446
-91 -111.809033
-92 -111.058166
-93 -114.845202
-94 -113.718408
-95 -117.484996
-96 -116.280803
-97 -120.051349
-98 -119.318844
-99 -123.102641
-100 -121.999830
-101 -125.781282
-102 -124.627128
-103 -128.412631
-104 -127.661230
-105 -131.431170
-106 -130.357731
-107 -134.139057
-108 -133.010444
-109 -136.806368
-110 -136.062076
-111 -139.860306
-112 -138.800132
-113 -142.598351
-114 -141.498355
-115 -145.290235
-116 -144.576200
-117 -148.366664
-118 -147.318043
-119 -151.135778
-120 -150.060894
-121 -153.878365
-122 -153.147930
-123 -156.939299
-124 -155.915791
-125 -159.753010
-126 -158.680412
-127 -162.507603
-128 -161.772894
-129 -165.576279
-130 -164.574574
-131 -168.397731
-132 -167.383828
-133 -171.207563
-134 -170.459491
-135 -174.264704
-136 -173.272540
-137 -177.090990
-138 -176.079139
-139 -179.916016
-140 -179.174678
-141 -183.002804
-142 -182.045085
-143 -185.857196
-144 -184.873251
-145 -188.708828
-146 -187.991010
-147 -191.855598
-148 -190.885905
-149 -194.712691
-150 -193.771305
-151 -197.605799
-152 -196.883663
-153 -200.742798
-154 -199.772231
-155 -203.641627
-156 -202.721861
-157 -206.557333
-158 -205.827013
-159 -209.684801
-160 -208.748174
-161 -212.606849
-162 -211.680633
-163 -215.555475
-164 -214.786462
-165 -218.657788
-166 -217.739730
-167 -221.606261
-168 -220.707550
-169 -224.551727
-170 -223.821537
-171 -227.684691
-172 -226.760739
-173 -230.652448
-174 -229.767466
-175 -233.631487
-176 -232.885611
-177 -236.756468
-178 -235.832342
-179 -239.748501
-180 -238.866268
-181 -242.761067
-182 -242.030537
-183 -245.891232
-184 -245.026780
-185 -248.884912
-186 -248.053086
-187 -251.922996
-188 -251.203847
-189 -255.068292
-190 -254.193969
-191 -258.087653
-192 -257.215306
-193 -261.117861
-194 -260.387324
-195 -264.253888
-196 -263.406579
-197 -267.276431
-198 -266.434254
-199 -270.349224
-200 -269.605355
-201 -273.482164
-202 -272.632500
-203 -276.504861
-204 -275.691286
-205 -279.598965
-206 -278.830295
-207 -282.680248
-208 -281.885681
-209 -285.738699
-210 -284.913961
-211 -288.792967
-212 -288.054043
-213 -291.909787
-214 -291.089162
-215 -294.967937
-216 -294.173590
-217 -298.047909
-218 -297.238781
-219 -301.135793
-220 -300.324476
-221 -304.203266
-222 -303.384447
-223 -307.267910
-224 -306.459869
-225 -310.359213
-226 -309.515078
-227 -313.413483
-228 -312.545937
-229 -316.478605
-230 -315.637940
-231 -319.565143
-232 -318.732668
-233 -322.625552
-234 -321.803616
-235 -325.697264
-236 -324.882528
-237 -328.781830
-238 -327.925325
-239 -331.832795
-240 -331.003870
-241 -334.884555
-242 -334.063016
-243 -337.952231
-244 -337.094683
-245 -341.001928
-246 -340.160099
-247 -344.086920
-248 -343.224125
-249 -347.128422
-250 -346.289325
-251 -350.166550
-252 -349.357169
-253 -353.239462
-254 -352.413758
-255 -356.301126
-256 -355.458582
-257 -359.376168
-258 -358.575441
-259 -362.451437
-260 -361.651096
-261 -365.535112
-262 -364.700624
-263 -368.560177
-264 -367.749664
-265 -371.648196
-266 -370.841987
-267 -374.691790
-268 -373.902795
-269 -377.742880
-270 -376.949841
-271 -380.814030
-272 -379.997770
-273 -383.843411
-274 -383.038083
-275 -386.906585
-276 -386.115309
-277 -389.961014
-278 -389.150556
-279 -393.031333
-280 -392.229116
-281 -396.087053
-282 -395.320462
-283 -399.131207
-284 -398.384142
-285 -402.192243
-286 -401.451602
-287 -405.245526
-288 -404.519886
-289 -408.347371
-290 -407.589289
-291 -411.397639
-292 -410.680763
-293 -414.434591
-294 -413.759588
-295 -417.471636
-296 -416.820207
-297 -420.502259
-298 -419.869398
-299 -423.550314
-300 -422.945741
-301 -426.561009
-302 -426.003020
-303 -429.601262
-304 -429.068340
-305 -432.643549
-306 -432.158242
-307 -435.673207
-308 -435.241831
-309 -438.710204
-310 -438.311400
-311 -441.737230
-312 -441.378915
-313 -444.776692
-314 -444.449529
-315 -447.783820
-316 -447.551485
-317 -450.795753
-318 -450.644768
-319 -453.829482
-320 -453.703346
-321 -456.874672
-322 -456.781722
-323 -459.898894
-324 -459.859045
-325 -462.930631
-326 -462.936826
-327 -465.929150
-328 -466.005763
-329 -468.928714
-330 -469.097466
-331 -471.927244
-332 -472.142620
-333 -474.945554
-334 -475.242306
-335 -477.950839
-336 -478.320727
-337 -480.934801
-338 -481.376103
-339 -483.911407
-340 -484.463418
-341 -486.907544
-342 -487.522938
-343 -489.940055
-344 -490.584949
-345 -492.935587
-346 -493.642491
-347 -495.961314
-348 -496.744955
-349 -498.986871
-350 -499.772366
-351 -501.985382
-352 -502.818883
-353 -505.002538
-354 -505.853985
-355 -507.994545
-356 -508.941658
-357 -510.955501
-358 -511.964063
-359 -513.985904
-360 -515.002851
-361 -516.973526
-362 -518.050551
-363 -520.024052
-364 -521.086765
-365 -522.990130
-366 -524.113152
-367 -526.023312
-368 -527.154396
-369 -528.997651
-370 -530.199478
-371 -531.990921
-372 -533.178662
-373 -534.993511
-374 -536.238395
-375 -537.998458
-376 -539.259179
-377 -540.957071
-378 -542.255044
-379 -543.955825
-380 -545.308449
-381 -546.968383
-382 -548.300788
-383 -549.941829
-384 -551.307406
-385 -552.939682
-386 -554.312161
-387 -555.947924
-388 -557.373117
-389 -558.920412
-390 -560.365081
-391 -561.915415
-392 -563.356855
-393 -564.887311
-394 -566.370361
-395 -567.859247
-396 -569.369059
-397 -570.896142
-398 -572.369939
-399 -573.936741
-400 -575.386808
-401 -576.928762
-402 -578.405213
-403 -579.930643
-404 -581.416760
-405 -582.967938
-406 -584.460536
-407 -586.004017
-408 -587.473435
-409 -588.976869
-410 -590.477626
-411 -592.054033
-412 -593.505462
-413 -595.016315
-414 -596.525632
-415 -598.033059
-416 -599.554164
-417 -601.081444
-418 -602.536510
-419 -604.110165
-420 -605.601234
-421 -607.148344
-422 -608.619227
-423 -610.172536
-424 -611.644942
-425 -613.187453
-426 -614.662150
-427 -616.219606
-428 -617.696147
-429 -619.207793
-430 -620.701174
-431 -622.209247
-432 -623.737166
-433 -625.248485
-434 -626.735910
-435 -628.265942
-436 -629.799465
-437 -631.301048
-438 -632.802997
-439 -634.301529
-440 -635.791711
-441 -637.343608
-442 -638.809240
-443 -640.363835
-444 -641.848196
-445 -643.395557
-446 -644.885344
-447 -646.425481
-448 -647.928393
-449 -649.456068
-450 -650.978775
-451 -652.524637
-452 -654.016096
-453 -655.550875
-454 -657.067903
-455 -658.587801
-456 -660.126658
-457 -661.648101
-458 -663.161109
-459 -664.674679
-460 -666.204417
-461 -667.711127
-462 -669.291253
-463 -670.768940
-464 -672.302610
-465 -673.834802
-466 -675.369152
-467 -676.877248
-468 -678.436055
-469 -679.931772
-470 -681.487593
-471 -682.999459
-472 -684.529709
-473 -686.064759
-474 -687.562270
-475 -689.110149
-476 -690.587514
-477 -692.136908
-478 -693.648710
-479 -695.176672
-480 -696.703468
-481 -698.232359
-482 -699.739590
-483 -701.313086
-484 -702.757784
-485 -704.300918
-486 -705.843179
-487 -707.368724
-488 -708.937769
-489 -710.432082
-490 -711.955474
-491 -713.534977
-492 -715.018833
-493 -716.575174
-494 -718.099178
-495 -719.648985
-496 -721.143619
-497 -722.727716
-498 -724.212598
-499 -725.814612
-500 -727.254602
-501 -728.855217
-502 -730.312452
-503 -731.902235
-504 -733.402993
-505 -734.975605
-506 -736.473578
-507 -738.028868
-508 -739.585721
-509 -741.120229
-510 -742.607516
-511 -744.169368
-512 -745.698541
-513 -747.280288
-514 -748.823834
-515 -750.388398
-516 -751.885297
-517 -753.446505
-518 -754.957687
-519 -756.515368
-520 -758.087484
-521 -759.556905
-522 -761.138009
-523 -762.634332
-524 -764.178923
-525 -765.730614
-526 -767.261072
-527 -768.838616
-528 -770.398834
-529 -771.897719
-530 -773.500282
-531 -775.023756
-532 -776.537532
-533 -778.116277
-534 -779.655950
-535 -781.198063
-536 -782.735662
-537 -784.274371
-538 -785.827293
-539 -787.384237
-540 -788.904048
-541 -790.484158
-542 -792.028112
-543 -793.640602
-544 -795.135842
-545 -796.682233
-546 -798.235107
-547 -799.809972
-548 -801.353152
-549 -802.930276
-550 -804.412254
-551 -806.036578
-552 -807.540670
-553 -809.185061
-554 -810.645829
-555 -812.281039
-556 -813.769741
-557 -815.333338
-558 -816.868014
-559 -818.445489
-560 -819.982229
-561 -821.577075
-562 -823.094457
-563 -824.656243
-564 -826.244145
-565 -827.778736
-566 -829.364455
-567 -830.882029
-568 -832.473621
-569 -834.013518
-570 -835.601421
-571 -837.176806
-572 -838.731832
-573 -840.264013
-574 -841.854640
-575 -843.419810
-576 -844.972280
-577 -846.533747
-578 -848.104937
-579 -849.664554
-580 -851.217398
-581 -852.769238
-582 -854.328739
-583 -855.875291
-584 -857.470074
-585 -859.020113
-586 -860.627045
-587 -862.168417
-588 -863.800029
-589 -865.329142
-590 -866.914943
-591 -868.475800
-592 -870.035777
-593 -871.645839
-594 -873.188209
-595 -874.703913
-596 -876.293378
-597 -877.856881
-598 -879.435389
-599 -880.989838
-600 -882.541426
-601 -884.177331
-602 -885.724457
-603 -887.260752
-604 -888.852728
-605 -890.421460
-606 -892.003811
-607 -893.551225
-608 -895.149525
-609 -896.701967
-610 -898.284418
-611 -899.858062
-612 -901.464423
-613 -902.997828
-614 -904.582353
-615 -906.160856
-616 -907.717455
-617 -909.346352
-618 -910.893123
-619 -912.497247
-620 -914.031931
-621 -915.641503
-622 -917.268315
-623 -918.846440
-624 -920.420736
-625 -921.956136
-626 -923.565111
-627 -925.121376
-628 -926.734561
-629 -928.252040
-630 -929.846695
-631 -931.432050
-632 -933.004860
-633 -934.621740
-634 -936.196339
-635 -937.784982
-636 -939.352284
-637 -940.964536
-638 -942.549685
-639 -944.127411
-640 -945.695841
-641 -947.356520
-642 -948.896977
-643 -950.552794
-644 -952.071614
-645 -953.704206
-646 -955.246838
-647 -956.907476
-648 -958.416872
-649 -960.040376
-650 -961.611267
-651 -963.289344
-652 -964.774842
-653 -966.467832
-654 -967.987997
-655 -969.659701
-656 -971.162739
-657 -972.859769
-658 -974.406683
-659 -976.041052
-660 -977.590953
-661 -979.223691
-662 -980.806448
-663 -982.398338
-664 -984.062144
-665 -985.603220
-666 -987.246944
-667 -988.810855
-668 -990.485527
-669 -991.978654
-670 -993.707289
-671 -995.261033
-672 -996.904473
-673 -998.465938
-674 -1000.148525
-675 -1001.710378
-676 -1003.333234
-677 -1004.927612
-678 -1006.553870
-679 -1008.160326
-680 -1009.784450
-681 -1011.382330
-682 -1012.972466
-683 -1014.614646
-684 -1016.214045
-685 -1017.854952
-686 -1019.464813
-687 -1021.057599
-688 -1022.721442
-689 -1024.290252
-690 -1025.926956
-691 -1027.510043
-692 -1029.163435
-693 -1030.839334
-694 -1032.277887
-695 -1034.088088
-696 -1035.582702
-697 -1037.289360
-698 -1038.831276
-699 -1040.572582
