0 0.000000
-1 -3.929939
-2 -3.542320
-3 -7.086655
-4 -5.372063
-5 -9.181816
-6 -5.478302
-7 -9.268829
-8 -8.636757
-9 -12.405022
-10 -10.786751
-11 -14.442123
-12 -11.353043
-13 -15.211014
-14 -14.540260
-15 -18.432129
-16 -16.764923
-17 -20.524284
-18 -17.809212
-19 -21.673012
-20 -21.121735
-21 -24.920807
-22 -23.346970
-23 -27.142235
-24 -24.896179
-25 -28.727760
-26 -27.913559
-27 -31.763359
-28 -30.130295
-29 -33.907455
-30 -31.668983
-31 -35.481880
-32 -34.743561
-33 -38.573090
-34 -37.056862
-35 -41.033386
-36 -38.977379
-37 -42.838219
-38 -42.026619
-39 -45.882652
-40 -44.357536
-41 -48.156067
-42 -46.259262
-43 -49.958427
-44 -49.224358
-45 -53.019730
-46 -51.793594
-47 -55.437103
-48 -53.818146
-49 -57.608864
-50 -56.936104
-51 -60.581543
-52 -59.363815
-53 -62.907928
-54 -61.384499
-55 -65.047646
-56 -64.496674
-57 -68.370926
-58 -66.977722
-59 -70.677475
-60 -69.223473
-61 -72.842514
-62 -72.102341
-63 -75.840233
-64 -74.527863
-65 -78.361931
-66 -76.884041
-67 -80.744766
-68 -79.901199
-69 -83.615005
-70 -82.539673
-71 -86.145218
-72 -84.802254
-73 -88.539268
-74 -87.857620
-75 -91.624763
-76 -90.336067
-77 -94.143600
-78 -92.749588
-79 -96.497292
-80 -95.703545
-81 -99.610741
-82 -98.290779
-83 -102.134285
-84 -100.864601
-85 -104.593353
-86 -103.831177
-87 -107.685173
-88 -106.386467
-89 -110.192780
-90 -108.943703
-91 -112.756439
-92 -112.068878
-93 -115.752991
-94 -114.393402
-95 -118.333412
-96 -117.204002
-97 -120.774582
-98 -120.216873
-99 -123.962921
-100 -122.843735
-101 -126.558830
-102 -125.427658
-103 -129.166931
-104 -128.500717
-105 -132.440269
-106 -131.248405
-107 -135.107895
-108 -133.894608
-109 -137.548164
-110 -136.876198
-111 -140.779053
-112 -139.812256
-113 -143.599281
-114 -142.529121
-115 -146.231552
-116 -145.631813
-117 -149.466286
-118 -148.539497
-119 -152.266853
-120 -151.203247
-121 -154.969711
-122 -154.110779
-123 -157.954361
-124 -156.980133
-125 -160.831818
-126 -159.739235
-127 -163.553383
-128 -162.967178
-129 -166.650566
-130 -165.798897
-131 -169.648766
-132 -168.364044
-133 -172.322281
-134 -171.503716
-135 -175.512726
-136 -174.554123
-137 -178.302544
-138 -177.443680
-139 -181.188133
-140 -180.533691
-141 -184.214577
-142 -183.338158
-143 -187.092140
-144 -186.202965
-145 -190.043442
-146 -189.309410
-147 -193.149879
-148 -192.215775
-149 -196.203255
-150 -195.281731
-151 -199.120224
-152 -198.247078
-153 -202.120163
-154 -201.071983
-155 -204.985138
-156 -204.024437
-157 -207.870354
-158 -207.293053
-159 -210.955887
-160 -210.208199
-161 -213.986130
-162 -213.111221
-163 -216.849922
-164 -216.238281
-165 -219.888023
-166 -219.036125
-167 -222.953079
-168 -222.046707
-169 -226.042580
-170 -225.231590
-171 -229.067169
-172 -228.196632
-173 -232.029655
-174 -231.254478
-175 -234.948509
-176 -234.378677
-177 -238.174118
-178 -237.309441
-179 -241.241920
-180 -240.353935
-181 -244.178413
-182 -243.303291
-183 -247.413353
-184 -246.400490
-185 -250.590843
-186 -249.485733
-187 -253.655266
-188 -252.734123
-189 -256.807266
-190 -255.681900
-191 -259.811401
-192 -258.892128
-193 -262.867722
-194 -261.851944
-195 -265.801872
-196 -264.841690
-197 -268.842834
-198 -267.903656
-199 -271.710060
-200 -270.994484
-201 -274.929733
-202 -274.054680
-203 -277.960602
-204 -277.090630
-205 -280.925697
-206 -280.331627
-207 -284.118378
-208 -283.348907
-209 -287.260201
-210 -286.451897
-211 -290.307373
-212 -289.584969
-213 -293.344200
-214 -292.585388
-215 -296.484108
-216 -295.760918
-217 -299.552788
-218 -298.860199
-219 -302.599228
-220 -301.733330
-221 -305.753632
-222 -304.869797
-223 -308.809433
-224 -307.881416
-225 -311.947739
-226 -310.894859
-227 -314.925400
-228 -314.037987
-229 -318.063683
-230 -317.175507
-231 -321.137039
-232 -320.177567
-233 -324.283669
-234 -323.382744
-235 -327.277252
-236 -326.659004
-237 -330.676353
-238 -329.840927
-239 -333.707191
-240 -333.006142
-241 -336.711533
-242 -336.038521
-243 -339.823174
-244 -339.112915
-245 -342.965797
-246 -341.966469
-247 -346.036263
-248 -345.207596
-249 -349.081932
-250 -348.210083
-251 -352.037987
-252 -351.342239
-253 -355.103729
-254 -354.395889
-255 -358.013519
-256 -357.362480
-257 -361.226524
-258 -360.546463
-259 -364.439598
-260 -363.645798
-261 -367.336746
-262 -366.921425
-263 -370.466347
-264 -369.943085
-265 -373.476318
-266 -372.926636
-267 -376.616356
-268 -376.168694
-269 -379.732254
-270 -379.235352
-271 -382.849525
-272 -382.239563
-273 -385.887321
-274 -385.329849
-275 -389.205231
-276 -388.405159
-277 -392.030479
-278 -391.330124
-279 -395.195091
-280 -394.485992
-281 -398.306160
-282 -397.661102
-283 -401.524292
-284 -400.678391
-285 -404.628571
-286 -403.835762
-287 -407.707275
-288 -407.060783
-289 -410.643471
-290 -410.010155
-291 -413.943825
-292 -413.220779
-293 -417.069214
-294 -416.294579
-295 -420.191200
-296 -419.523499
-297 -423.382622
-298 -422.686241
-299 -426.431366
-300 -425.687599
-301 -429.359222
-302 -428.928932
-303 -432.514343
-304 -432.067520
-305 -435.504356
-306 -434.874664
-307 -438.510918
-308 -438.019279
-309 -441.644760
-310 -441.226601
-311 -444.799088
-312 -444.173477
-313 -447.728943
-314 -447.277107
-315 -450.854622
-316 -450.499886
-317 -453.839828
-318 -453.474167
-319 -456.730637
-320 -456.470169
-321 -459.935646
-322 -459.689323
-323 -463.249992
-324 -462.805008
-325 -466.210930
-326 -465.925644
-327 -469.417854
-328 -469.130119
-329 -472.566261
-330 -472.314713
-331 -475.569267
-332 -475.622192
-333 -478.467110
-334 -478.596718
-335 -481.764900
-336 -481.726837
-337 -484.911217
-338 -484.861053
-339 -487.877441
-340 -487.898209
-341 -491.057014
-342 -490.907578
-343 -494.034958
-344 -493.879555
-345 -497.004593
-346 -497.047638
-347 -500.069717
-348 -500.130157
-349 -502.978592
-350 -503.246758
-351 -506.012459
-352 -506.390900
-353 -508.963478
-354 -509.509933
-355 -511.943619
-356 -512.511345
-357 -515.035614
-358 -515.479019
-359 -518.268501
-360 -518.400780
-361 -521.142143
-362 -521.439514
-363 -524.123993
-364 -524.609421
-365 -527.003647
-366 -527.637550
-367 -530.022934
-368 -530.668221
-369 -532.918594
-370 -533.711311
-371 -535.771492
-372 -537.021179
-373 -538.832024
-374 -540.025070
-375 -541.897369
-376 -543.117165
-377 -544.852142
-378 -546.158287
-379 -547.833870
-380 -549.234421
-381 -550.758133
-382 -552.316994
-383 -553.823547
-384 -555.264069
-385 -556.829880
-386 -558.192345
-387 -559.900421
-388 -561.275383
-389 -562.942856
-390 -564.184341
-391 -566.052025
-392 -567.109650
-393 -568.869064
-394 -570.383705
-395 -572.156448
-396 -573.479645
-397 -575.106651
-398 -576.315552
-399 -578.066940
-400 -579.661003
-401 -580.938560
-402 -582.624374
-403 -584.125420
-404 -585.408508
-405 -587.169167
-406 -588.671745
-407 -590.268265
-408 -591.625710
-409 -593.281731
-410 -594.600990
-411 -596.366356
-412 -597.646645
-413 -599.371910
-414 -600.639702
-415 -602.456314
-416 -603.729080
-417 -605.279648
-418 -606.790581
-419 -608.367256
-420 -609.984261
-421 -611.545135
-422 -613.004066
-423 -614.638489
-424 -616.032669
-425 -617.524490
-426 -619.091530
-427 -620.708900
-428 -622.263794
-429 -623.363976
-430 -625.207054
-431 -626.427917
-432 -628.314064
-433 -629.360458
-434 -631.325516
-435 -632.558632
-436 -634.186317
-437 -635.746796
-438 -637.179573
-439 -638.588997
-440 -640.089294
-441 -641.575081
-442 -643.129509
-443 -644.591988
-444 -646.112709
-445 -647.665092
-446 -649.079491
-447 -650.321587
-448 -652.277573
-449 -653.608612
-450 -655.206947
-451 -656.794868
-452 -658.263268
-453 -659.403336
-454 -661.257103
-455 -662.594131
-456 -664.401749
-457 -665.571747
-458 -667.348320
-459 -668.495689
-460 -670.392540
-461 -671.824303
-462 -673.256767
-463 -675.002869
-464 -676.243858
-465 -677.886887
-466 -679.266136
-467 -680.990585
-468 -682.114662
-469 -684.149620
-470 -685.304893
-471 -686.929543
-472 -688.185425
-473 -689.837036
-474 -691.501213
-475 -693.161804
-476 -694.402649
-477 -695.919205
-478 -697.517418
-479 -698.903160
-480 -700.620270
-481 -702.002678
-482 -703.742531
-483 -705.049805
-484 -706.781105
-485 -708.185066
-486 -709.813713
-487 -711.158577
-488 -712.891563
-489 -714.337212
-490 -716.102249
-491 -717.504494
-492 -718.971870
-493 -720.463882
-494 -722.238853
-495 -723.784828
-496 -725.238243
-497 -727.052544
-498 -728.525314
-499 -729.876457
-500 -731.598534
-501 -732.954079
-502 -734.535515
-503 -735.893761
-504 -737.715263
-505 -739.021660
-506 -740.702278
-507 -741.979019
-508 -743.442413
-509 -744.962914
-510 -746.604187
-511 -748.329613
-512 -749.680832
-513 -751.156738
-514 -752.795563
-515 -754.297699
-516 -755.890907
-517 -757.382248
-518 -759.029137
-519 -760.665558
-520 -761.945923
-521 -763.398003
-522 -765.069901
-523 -766.698578
-524 -768.237862
-525 -769.681221
-526 -771.218201
-527 -772.726250
-528 -774.362923
-529 -776.210281
-530 -777.116936
-531 -778.970741
-532 -780.720062
-533 -782.161446
-534 -783.672234
-535 -785.363434
-536 -786.540092
-537 -788.377182
-538 -789.725334
-539 -791.570198
-540 -792.883400
-541 -794.573906
-542 -796.060936
-543 -797.445877
-544 -799.335045
-545 -800.802513
-546 -802.384911
-547 -803.702118
-548 -805.589996
-549 -806.775124
-550 -808.741325
-551 -810.151207
-552 -811.988777
-553 -813.004128
-554 -815.039711
-555 -816.329842
-556 -817.980217
-557 -819.528206
-558 -821.172440
-559 -822.355934
-560 -824.149117
-561 -825.464569
-562 -827.439850
-563 -828.643951
-564 -830.407867
-565 -831.681885
-566 -833.572380
-567 -835.039711
-568 -836.624359
-569 -837.861717
-570 -839.694702
-571 -841.068855
-572 -842.732254
-573 -844.059967
-574 -845.740509
-575 -847.274261
-576 -848.746368
-577 -850.294952
-578 -852.053032
-579 -853.510208
-580 -855.344704
-581 -856.789703
-582 -858.258118
-583 -859.824684
-584 -861.338554
-585 -862.953186
-586 -864.566154
-587 -866.104492
-588 -867.789284
-589 -869.259087
-590 -870.779449
-591 -872.503105
-592 -873.906387
-593 -875.535561
-594 -877.167709
-595 -878.741707
-596 -880.377693
-597 -881.689743
-598 -883.233269
-599 -884.953087
-600 -886.443558
-601 -888.076523
-602 -889.604012
-603 -890.899796
-604 -892.682533
-605 -894.260048
-606 -896.124947
-607 -897.421883
-608 -899.246368
-609 -900.631256
-610 -902.429359
-611 -903.765907
-612 -905.724411
-613 -907.166260
-614 -908.988235
-615 -910.230972
-616 -911.913757
-617 -913.388512
-618 -915.218269
-619 -916.477173
-620 -918.238503
-621 -919.311050
-622 -921.404701
-623 -922.698952
-624 -924.365318
-625 -925.761864
-626 -927.562592
-627 -928.739059
-628 -930.690842
-629 -932.377464
-630 -933.364227
-631 -935.452675
-632 -936.830429
-633 -938.349648
-634 -940.219040
-635 -941.763924
-636 -943.466309
-637 -945.056381
-638 -946.882896
-639 -948.558846
-640 -949.937363
-641 -951.478523
-642 -952.952888
-643 -954.714607
-644 -956.376755
-645 -957.907463
-646 -959.479721
-647 -961.255829
-648 -962.829323
-649 -964.301315
-650 -965.979294
-651 -967.513725
-652 -969.179909
-653 -970.630417
-654 -972.252251
-655 -973.550987
-656 -975.513786
-657 -976.779053
-658 -978.861809
-659 -980.266380
-660 -982.149055
-661 -983.132996
-662 -985.334015
-663 -986.719147
-664 -988.699570
-665 -989.967438
-666 -991.537270
-667 -992.881294
-668 -995.057365
-669 -995.848007
-670 -997.889038
-671 -999.248718
-672 -1000.789909
-673 -1002.315666
-674 -1004.144409
-675 -1005.437881
-676 -1006.849365
-677 -1008.686890
-678 -1010.222679
-679 -1011.857552
-680 -1013.400124
-681 -1014.814232
-682 -1016.495918
-683 -1018.253601
-684 -1019.649811
-685 -1021.573006
-686 -1022.496758
-687 -1024.587738
-688 -1025.989532
-689 -1028.203583
-690 -1029.142639
-691 -1031.548317
-692 -1032.751183
-693 -1034.868690
-694 -1036.031242
-695 -1038.593117
-696 -1039.466499
-697 -1041.826332
-698 -1043.168053
-699 -1044.716988
