0 0.000000
-1 -3.666610
-2 -3.069475
-3 -6.772980
-4 -5.081787
-5 -8.766486
-6 -5.153936
-7 -8.923635
-8 -8.300320
-9 -12.013535
-10 -10.402633
-11 -14.080638
-12 -11.231771
-13 -14.878054
-14 -14.239194
-15 -17.904312
-16 -16.343091
-17 -20.001637
-18 -17.503695
-19 -21.171760
-20 -20.548919
-21 -24.200571
-22 -22.686148
-23 -26.381492
-24 -24.106805
-25 -27.865740
-26 -27.169257
-27 -30.882018
-28 -29.394783
-29 -33.115044
-30 -31.017749
-31 -34.781233
-32 -34.054048
-33 -37.799604
-34 -36.415281
-35 -40.136174
-36 -38.226283
-37 -41.952444
-38 -41.191510
-39 -44.939388
-40 -43.536452
-41 -47.246221
-42 -45.441995
-43 -49.177402
-44 -48.456477
-45 -52.181397
-46 -50.842912
-47 -54.537744
-48 -52.848458
-49 -56.596713
-50 -55.877596
-51 -59.613669
-52 -58.304881
-53 -62.015464
-54 -60.403347
-55 -64.197759
-56 -63.500734
-57 -67.224602
-58 -65.911546
-59 -69.652555
-60 -68.162585
-61 -71.863298
-62 -71.145571
-63 -74.875426
-64 -73.640849
-65 -77.349148
-66 -75.932334
-67 -79.622443
-68 -78.922596
-69 -82.666289
-70 -81.448531
-71 -85.187468
-72 -83.849543
-73 -87.587494
-74 -86.834959
-75 -90.574731
-76 -89.380826
-77 -93.132636
-78 -91.794243
-79 -95.580601
-80 -94.838485
-81 -98.619474
-82 -97.446136
-83 -101.221595
-84 -99.909679
-85 -103.666804
-86 -102.936447
-87 -106.724141
-88 -105.551928
-89 -109.344174
-90 -108.101111
-91 -111.908037
-92 -111.124065
-93 -114.915431
-94 -113.795254
-95 -117.551548
-96 -116.372155
-97 -120.093233
-98 -119.361717
-99 -123.129861
-100 -122.043464
-101 -125.833600
-102 -124.718607
-103 -128.460599
-104 -127.722646
-105 -131.468289
-106 -130.377907
-107 -134.195753
-108 -133.023149
-109 -136.851718
-110 -136.091659
-111 -139.892243
-112 -138.862073
-113 -142.618373
-114 -141.541665
-115 -145.325932
-116 -144.597778
-117 -148.405167
-118 -147.359992
-119 -151.186983
-120 -150.117081
-121 -153.955917
-122 -153.229183
-123 -157.010527
-124 -156.020883
-125 -159.847811
-126 -158.763904
-127 -162.561696
-128 -161.829823
-129 -165.644298
-130 -164.617269
-131 -168.427092
-132 -167.386660
-133 -171.237966
-134 -170.495103
-135 -174.284261
-136 -173.268445
-137 -177.101304
-138 -176.056194
-139 -179.912992
-140 -179.166565
-141 -182.980873
-142 -182.024145
-143 -185.852750
-144 -184.825165
-145 -188.716632
-146 -187.981102
-147 -191.833357
-148 -190.858517
-149 -194.693292
-150 -193.721298
-151 -197.547099
-152 -196.852448
-153 -200.706561
-154 -199.762058
-155 -203.614727
-156 -202.683151
-157 -206.533345
-158 -205.782426
-159 -209.671802
-160 -208.718819
-161 -212.611720
-162 -211.641967
-163 -215.544197
-164 -214.769232
-165 -218.663444
-166 -217.724428
-167 -221.584290
-168 -220.703015
-169 -224.529924
-170 -223.807625
-171 -227.640656
-172 -226.731197
-173 -230.644533
-174 -229.778309
-175 -233.634036
-176 -232.887174
-177 -236.776380
-178 -235.875994
-179 -239.777180
-180 -238.917067
-181 -242.799592
-182 -242.078028
-183 -245.893640
-184 -245.048448
-185 -248.922653
-186 -248.068061
-187 -251.987651
-188 -251.246545
-189 -255.134775
-190 -254.229340
-191 -258.119000
-192 -257.255676
-193 -261.164480
-194 -260.419778
-195 -264.335314
-196 -263.462007
-197 -267.350677
-198 -266.475061
-199 -270.410945
-200 -269.633631
-201 -273.543818
-202 -272.676108
-203 -276.563899
-204 -275.754287
-205 -279.645501
-206 -278.876882
-207 -282.696506
-208 -281.917250
-209 -285.770141
-210 -284.937412
-211 -288.819256
-212 -288.061829
-213 -291.912294
-214 -291.110080
-215 -294.999599
-216 -294.166676
-217 -298.059817
-218 -297.239739
-219 -301.165818
-220 -300.307420
-221 -304.189089
-222 -303.380073
-223 -307.270007
-224 -306.466885
-225 -310.351370
-226 -309.536933
-227 -313.417890
-228 -312.567692
-229 -316.483430
-230 -315.674644
-231 -319.592824
-232 -318.749228
-233 -322.697782
-234 -321.878254
-235 -325.781032
-236 -324.946625
-237 -328.885757
-238 -328.009036
-239 -331.927928
-240 -331.115750
-241 -334.977081
-242 -334.176929
-243 -338.034146
-244 -337.187581
-245 -341.117126
-246 -340.228016
-247 -344.153201
-248 -343.290732
-249 -347.234136
-250 -346.345140
-251 -350.259551
-252 -349.435155
-253 -353.328262
-254 -352.505914
-255 -356.424893
-256 -355.538802
-257 -359.483167
-258 -358.633780
-259 -362.540258
-260 -361.711227
-261 -365.613099
-262 -364.773060
-263 -368.647259
-264 -367.828199
-265 -371.738726
-266 -370.930806
-267 -374.779972
-268 -373.999063
-269 -377.846804
-270 -377.035439
-271 -380.923410
-272 -380.104334
-273 -383.952674
-274 -383.152145
-275 -387.020077
-276 -386.214854
-277 -390.080762
-278 -389.242725
-279 -393.125444
-280 -392.310317
-281 -396.175446
-282 -395.381890
-283 -399.190197
-284 -398.410975
-285 -402.230004
-286 -401.479161
-287 -405.251307
-288 -404.528793
-289 -408.351077
-290 -407.582181
-291 -411.369918
-292 -410.670106
-293 -414.429258
-294 -413.740784
-295 -417.465226
-296 -416.789980
-297 -420.513870
-298 -419.817127
-299 -423.539308
-300 -422.939846
-301 -426.568219
-302 -425.994845
-303 -429.597471
-304 -429.021389
-305 -432.609766
-306 -432.104105
-307 -435.652725
-308 -435.182498
-309 -438.692496
-310 -438.284328
-311 -441.712264
-312 -441.326590
-313 -444.733579
-314 -444.414323
-315 -447.767192
-316 -447.489118
-317 -450.733497
-318 -450.577092
-319 -453.754360
-320 -453.626335
-321 -456.834965
-322 -456.694649
-323 -459.792160
-324 -459.786636
-325 -462.861519
-326 -462.916177
-327 -465.869691
-328 -466.030931
-329 -468.887841
-330 -469.122165
-331 -471.906512
-332 -472.175113
-333 -474.885533
-334 -475.262875
-335 -477.894654
-336 -478.306971
-337 -480.883326
-338 -481.365971
-339 -483.880757
-340 -484.484911
-341 -486.870128
-342 -487.571938
-343 -489.939889
-344 -490.628527
-345 -492.916020
-346 -493.675965
-347 -495.925084
-348 -496.771006
-349 -498.962065
-350 -499.819890
-351 -501.955277
-352 -502.864606
-353 -504.972233
-354 -505.895006
-355 -507.936043
-356 -508.984898
-357 -510.921838
-358 -511.977652
-359 -513.949444
-360 -515.013762
-361 -516.891959
-362 -518.040074
-363 -519.926353
-364 -521.075871
-365 -522.897222
-366 -524.087840
-367 -525.902108
-368 -527.095628
-369 -528.867737
-370 -530.111441
-371 -531.880387
-372 -533.060094
-373 -534.876544
-374 -536.179456
-375 -537.875461
-376 -539.204371
-377 -540.845293
-378 -542.176838
-379 -543.806696
-380 -545.255641
-381 -546.858287
-382 -548.252054
-383 -549.815079
-384 -551.232821
-385 -552.815453
-386 -554.227375
-387 -555.850714
-388 -557.289014
-389 -558.786170
-390 -560.249813
-391 -561.775072
-392 -563.264117
-393 -564.748949
-394 -566.271664
-395 -567.727337
-396 -569.264544
-397 -570.776570
-398 -572.302886
-399 -573.835474
-400 -575.338722
-401 -576.819236
-402 -578.327161
-403 -579.830252
-404 -581.353375
-405 -582.861505
-406 -584.383393
-407 -585.910874
-408 -587.372498
-409 -588.869254
-410 -590.377424
-411 -591.967429
-412 -593.413869
-413 -594.929374
-414 -596.420159
-415 -597.946021
-416 -599.458473
-417 -601.005741
-418 -602.434680
-419 -604.012703
-420 -605.472940
-421 -607.051301
-422 -608.489690
-423 -610.052406
-424 -611.518275
-425 -613.070269
-426 -614.502975
-427 -616.113021
-428 -617.557199
-429 -619.104573
-430 -620.533952
-431 -622.071786
-432 -623.574180
-433 -625.114188
-434 -626.560744
-435 -628.140720
-436 -629.663514
-437 -631.189213
-438 -632.664962
-439 -634.184688
-440 -635.608294
-441 -637.223994
-442 -638.657246
-443 -640.269204
-444 -641.693184
-445 -643.258261
-446 -644.744767
-447 -646.324148
-448 -647.779574
-449 -649.335788
-450 -650.831228
-451 -652.424118
-452 -653.893358
-453 -655.470753
-454 -656.942124
-455 -658.462979
-456 -660.007707
-457 -661.539668
-458 -663.051203
-459 -664.562338
-460 -666.099877
-461 -667.582488
-462 -669.198283
-463 -670.668294
-464 -672.212523
-465 -673.740463
-466 -675.282288
-467 -676.745668
-468 -678.347610
-469 -679.829949
-470 -681.361646
-471 -682.893768
-472 -684.373991
-473 -685.963672
-474 -687.420672
-475 -689.023973
-476 -690.454168
-477 -692.055727
-478 -693.530483
-479 -695.047724
-480 -696.570729
-481 -698.092017
-482 -699.581908
-483 -701.161253
-484 -702.569504
-485 -704.145156
-486 -705.651769
-487 -707.211675
-488 -708.756561
-489 -710.322122
-490 -711.762602
-491 -713.441886
-492 -714.827198
-493 -716.461842
-494 -717.927476
-495 -719.514395
-496 -720.964394
-497 -722.583443
-498 -724.019794
-499 -725.687821
-500 -727.054225
-501 -728.731207
-502 -730.141153
-503 -731.767934
-504 -733.248614
-505 -734.843593
-506 -736.311523
-507 -737.888073
-508 -739.427413
-509 -740.945575
-510 -742.412294
-511 -744.012628
-512 -745.544910
-513 -747.089088
-514 -748.646254
-515 -750.174639
-516 -751.759223
-517 -753.249599
-518 -754.825596
-519 -756.324079
-520 -757.938656
-521 -759.387567
-522 -761.021725
-523 -762.471523
-524 -764.022738
-525 -765.535967
-526 -767.087662
-527 -768.655348
-528 -770.245563
-529 -771.734725
-530 -773.374503
-531 -774.857374
-532 -776.424930
-533 -777.971033
-534 -779.560369
-535 -781.081124
-536 -782.641366
-537 -784.140897
-538 -785.692572
-539 -787.240772
-540 -788.818601
-541 -790.391229
-542 -791.949147
-543 -793.551060
-544 -795.036931
-545 -796.596418
-546 -798.131047
-547 -799.710474
-548 -801.305148
-549 -802.870573
-550 -804.306112
-551 -805.990947
-552 -807.435788
-553 -809.162785
-554 -810.537869
-555 -812.215585
-556 -813.647184
-557 -815.287071
-558 -816.764541
-559 -818.332448
-560 -819.837522
-561 -821.477380
-562 -822.974477
-563 -824.565586
-564 -826.146366
-565 -827.683555
-566 -829.249150
-567 -830.752033
-568 -832.357435
-569 -833.873529
-570 -835.485922
-571 -837.021245
-572 -838.586457
-573 -840.139078
-574 -841.731113
-575 -843.311677
-576 -844.848702
-577 -846.377289
-578 -847.980215
-579 -849.532170
-580 -851.060019
-581 -852.634526
-582 -854.160761
-583 -855.719292
-584 -857.337857
-585 -858.904061
-586 -860.516346
-587 -862.036624
-588 -863.648143
-589 -865.221654
-590 -866.820631
-591 -868.421540
-592 -869.952937
-593 -871.608898
-594 -873.088007
-595 -874.661715
-596 -876.194762
-597 -877.822410
-598 -879.374194
-599 -880.960488
-600 -882.465441
-601 -884.134457
-602 -885.692626
-603 -887.217693
-604 -888.870349
-605 -890.403386
-606 -892.019314
-607 -893.534836
-608 -895.134377
-609 -896.677495
-610 -898.273811
-611 -899.833960
-612 -901.459026
-613 -902.957012
-614 -904.600229
-615 -906.156829
-616 -907.735666
-617 -909.349576
-618 -910.863703
-619 -912.441499
-620 -913.986476
-621 -915.625837
-622 -917.227052
-623 -918.835931
-624 -920.373094
-625 -921.906978
-626 -923.541680
-627 -925.047623
-628 -926.697443
-629 -928.164093
-630 -929.796574
-631 -931.316354
-632 -932.905982
-633 -934.521083
-634 -936.075813
-635 -937.700759
-636 -939.226866
-637 -940.850881
-638 -942.405716
-639 -943.991564
-640 -945.625443
-641 -947.274736
-642 -948.792217
-643 -950.488230
-644 -951.989810
-645 -953.640915
-646 -955.232832
-647 -956.889682
-648 -958.372900
-649 -960.043390
-650 -961.619688
-651 -963.287114
-652 -964.748479
-653 -966.462701
-654 -968.014003
-655 -969.663586
-656 -971.184525
-657 -972.869555
-658 -974.410559
-659 -976.043049
-660 -977.652938
-661 -979.197075
-662 -980.827033
-663 -982.382636
-664 -984.044989
-665 -985.594560
-666 -987.259239
-667 -988.775523
-668 -990.420965
-669 -991.965199
-670 -993.693990
-671 -995.303752
-672 -996.935239
-673 -998.442231
-674 -1000.135751
-675 -1001.731619
-676 -1003.331456
-677 -1004.916763
-678 -1006.595740
-679 -1008.111120
-680 -1009.826967
-681 -1011.330958
-682 -1012.936152
-683 -1014.634903
-684 -1016.197093
-685 -1017.821089
-686 -1019.462018
-687 -1021.019224
-688 -1022.699283
-689 -1024.252073
-690 -1025.918852
-691 -1027.543295
-692 -1029.135436
-693 -1030.891747
-694 -1032.259264
-695 -1034.099464
-696 -1035.573817
-697 -1037.250408
-698 -1038.833216
-699 -1040.627369
