0 0.000000
-1 -18.023438
-2 -32.093750
-3 -54.421875
-4 -36.914062
-5 -49.531250
-6 -29.007812
-7 -54.367188
-8 -55.281250
-9 -60.429688
-10 -58.468750
-11 -72.156250
-12 -61.937500
-13 -75.765625
-14 -70.195312
-15 -78.585938
-16 -78.000000
-17 -87.046875
-18 -73.812500
-19 -91.406250
-20 -92.484375
-21 -105.789062
-22 -93.554688
-23 -109.140625
-24 -105.398438
-25 -122.570312
-26 -108.273438
-27 -128.109375
-28 -110.796875
-29 -140.687500
-30 -128.148438
-31 -142.046875
-32 -140.671875
-33 -143.335938
-34 -142.437500
-35 -155.429688
-36 -144.875000
-37 -154.835938
-38 -154.929688
-39 -164.343750
-40 -155.554688
-41 -164.531250
-42 -156.968750
-43 -173.734375
-44 -167.882812
-45 -197.679688
-46 -176.539062
-47 -201.101562
-48 -192.679688
-49 -203.210938
-50 -201.226562
-51 -212.796875
-52 -209.335938
-53 -209.281250
-54 -212.101562
-55 -218.890625
-56 -215.640625
-57 -217.125000
-58 -218.898438
-59 -244.468750
-60 -224.070312
-61 -245.054688
-62 -234.125000
-63 -253.671875
-64 -255.015625
-65 -265.203125
-66 -266.921875
-67 -276.875000
-68 -270.101562
-69 -278.984375
-70 -272.437500
-71 -280.093750
-72 -287.031250
-73 -292.648438
-74 -291.406250
-75 -296.632812
-76 -301.375000
-77 -301.312500
-78 -305.289062
-79 -309.687500
-80 -307.656250
-81 -312.164062
-82 -314.734375
-83 -316.945312
-84 -316.656250
-85 -323.500000
-86 -323.890625
-87 -327.632812
-88 -325.796875
-89 -331.382812
-90 -333.023438
-91 -335.976562
-92 -347.875000
-93 -363.148438
-94 -358.406250
-95 -366.687500
-96 -356.031250
-97 -379.820312
-98 -368.726562
-99 -382.718750
-100 -368.945312
-101 -384.570312
-102 -387.125000
-103 -390.328125
-104 -390.523438
-105 -399.851562
-106 -397.179688
-107 -407.781250
-108 -410.234375
-109 -422.015625
-110 -422.851562
-111 -438.687500
-112 -428.726562
-113 -445.265625
-114 -441.937500
-115 -448.921875
-116 -446.085938
-117 -453.117188
-118 -447.875000
-119 -456.640625
-120 -458.593750
-121 -458.312500
-122 -460.093750
-123 -468.156250
-124 -472.585938
-125 -475.257812
-126 -466.054688
-127 -483.570312
-128 -492.156250
-129 -492.953125
-130 -497.320312
-131 -508.515625
-132 -498.835938
-133 -514.109375
-134 -512.320312
-135 -520.531250
-136 -520.789062
-137 -530.804688
-138 -539.453125
-139 -560.242188
-140 -553.203125
-141 -562.554688
-142 -562.039062
-143 -568.281250
-144 -566.343750
-145 -576.070312
-146 -576.367188
-147 -579.015625
-148 -578.875000
-149 -586.476562
-150 -583.843750
-151 -590.164062
-152 -590.601562
-153 -598.937500
-154 -601.648438
-155 -616.500000
-156 -608.328125
-157 -629.734375
-158 -621.382812
-159 -637.835938
-160 -629.796875
-161 -639.843750
-162 -652.109375
-163 -653.570312
-164 -656.554688
-165 -666.062500
-166 -664.585938
-167 -671.968750
-168 -668.257812
-169 -686.023438
-170 -685.375000
-171 -693.859375
-172 -689.296875
-173 -698.000000
-174 -697.531250
-175 -700.453125
-176 -702.453125
-177 -707.664062
-178 -706.781250
-179 -712.875000
-180 -711.828125
-181 -722.718750
-182 -723.210938
-183 -731.046875
-184 -731.281250
-185 -736.132812
-186 -735.328125
-187 -740.101562
-188 -736.421875
-189 -754.554688
-190 -759.578125
-191 -762.312500
-192 -760.382812
-193 -770.632812
-194 -766.054688
-195 -771.492188
-196 -774.351562
-197 -784.015625
-198 -782.414062
-199 -786.484375
-200 -779.976562
-201 -787.304688
-202 -787.398438
-203 -792.875000
-204 -791.500000
-205 -794.421875
-206 -791.203125
-207 -798.789062
-208 -800.796875
-209 -804.710938
-210 -812.500000
-211 -814.789062
-212 -817.835938
-213 -817.750000
-214 -822.390625
-215 -824.132812
-216 -824.843750
-217 -831.445312
-218 -831.046875
-219 -836.882812
-220 -831.890625
-221 -842.304688
-222 -834.906250
-223 -847.382812
-224 -851.937500
-225 -866.875000
-226 -855.015625
-227 -865.328125
-228 -867.382812
-229 -882.648438
-230 -868.109375
-231 -892.242188
-232 -878.835938
-233 -894.304688
-234 -892.664062
-235 -902.804688
-236 -895.382812
-237 -910.570312
-238 -910.437500
-239 -918.203125
-240 -929.539062
-241 -929.882812
-242 -932.343750
-243 -936.468750
-244 -938.476562
-245 -940.492188
-246 -940.976562
-247 -941.976562
-248 -946.640625
-249 -950.328125
-250 -946.734375
-251 -954.140625
-252 -948.992188
-253 -959.632812
-254 -957.898438
-255 -968.843750
-256 -963.757812
-257 -974.601562
-258 -979.531250
-259 -988.859375
-260 -985.554688
-261 -993.968750
-262 -984.890625
-263 -1001.250000
-264 -1002.289062
-265 -1002.750000
-266 -1002.125000
-267 -1017.937500
-268 -1013.789062
-269 -1030.109375
-270 -1019.078125
-271 -1027.203125
-272 -1028.578125
-273 -1035.765625
-274 -1038.140625
-275 -1040.617188
-276 -1042.968750
-277 -1044.992188
-278 -1044.757812
-279 -1054.820312
-280 -1047.195312
-281 -1057.062500
-282 -1057.976562
-283 -1060.679688
-284 -1059.515625
-285 -1070.710938
-286 -1061.687500
-287 -1073.773438
-288 -1063.140625
-289 -1087.304688
-290 -1070.218750
-291 -1088.109375
-292 -1096.484375
-293 -1092.765625
-294 -1096.210938
-295 -1104.031250
-296 -1102.281250
-297 -1113.156250
-298 -1109.531250
-299 -1115.492188
-300 -1119.937500
-301 -1115.453125
-302 -1115.750000
-303 -1121.539062
-304 -1122.242188
-305 -1129.734375
-306 -1142.062500
-307 -1142.281250
-308 -1150.898438
-309 -1146.343750
-310 -1155.625000
-311 -1150.000000
-312 -1158.945312
-313 -1164.742188
-314 -1172.828125
-315 -1172.156250
-316 -1182.414062
-317 -1194.218750
-318 -1197.289062
-319 -1207.898438
-320 -1209.171875
-321 -1222.367188
-322 -1217.101562
-323 -1226.718750
-324 -1229.500000
-325 -1228.468750
-326 -1229.882812
-327 -1236.101562
-328 -1232.789062
-329 -1249.937500
-330 -1252.570312
-331 -1261.718750
-332 -1268.765625
-333 -1268.671875
-334 -1271.617188
-335 -1277.289062
-336 -1281.867188
-337 -1280.921875
-338 -1289.257812
-339 -1289.390625
-340 -1294.250000
-341 -1296.570312
-342 -1298.421875
-343 -1313.578125
-344 -1323.109375
-345 -1317.101562
-346 -1322.937500
-347 -1328.484375
-348 -1331.804688
-349 -1328.109375
-350 -1337.546875
-351 -1339.437500
-352 -1344.234375
-353 -1349.390625
-354 -1344.023438
-355 -1355.078125
-356 -1359.265625
-357 -1360.250000
-358 -1357.984375
-359 -1369.562500
-360 -1376.890625
-361 -1375.890625
-362 -1390.546875
-363 -1384.828125
-364 -1392.453125
-365 -1393.789062
-366 -1398.992188
-367 -1402.171875
-368 -1407.453125
-369 -1407.796875
-370 -1412.015625
-371 -1410.984375
-372 -1418.132812
-373 -1419.898438
-374 -1421.687500
-375 -1427.546875
-376 -1427.804688
-377 -1432.093750
-378 -1431.078125
-379 -1437.328125
-380 -1437.484375
-381 -1438.796875
-382 -1439.429688
-383 -1444.273438
-384 -1448.835938
-385 -1448.265625
-386 -1453.445312
-387 -1451.328125
-388 -1463.601562
-389 -1462.843750
-390 -1475.890625
-391 -1470.242188
-392 -1476.132812
-393 -1477.789062
-394 -1483.226562
-395 -1483.039062
-396 -1486.195312
-397 -1485.781250
-398 -1489.476562
-399 -1486.296875
-400 -1493.976562
-401 -1493.398438
-402 -1496.195312
-403 -1504.109375
-404 -1501.203125
-405 -1510.070312
-406 -1513.171875
-407 -1513.578125
-408 -1515.617188
-409 -1517.468750
-410 -1517.179688
-411 -1521.343750
-412 -1533.359375
-413 -1533.273438
-414 -1542.609375
-415 -1540.257812
-416 -1550.140625
-417 -1552.781250
-418 -1553.601562
-419 -1562.953125
-420 -1562.953125
-421 -1580.117188
-422 -1571.437500
-423 -1583.390625
-424 -1588.296875
-425 -1592.367188
-426 -1598.468750
-427 -1607.171875
-428 -1608.476562
-429 -1613.546875
-430 -1610.710938
-431 -1612.937500
-432 -1627.578125
-433 -1630.125000
-434 -1636.843750
-435 -1635.945312
-436 -1649.468750
-437 -1650.265625
-438 -1655.484375
-439 -1650.445312
-440 -1657.007812
-441 -1659.578125
-442 -1671.484375
-443 -1666.125000
-444 -1674.015625
-445 -1685.664062
-446 -1684.015625
-447 -1690.203125
-448 -1688.601562
-449 -1698.875000
-450 -1696.289062
-451 -1706.078125
-452 -1702.039062
-453 -1705.804688
-454 -1711.687500
-455 -1709.515625
-456 -1714.476562
-457 -1722.515625
-458 -1723.234375
-459 -1724.695312
-460 -1726.414062
-461 -1729.367188
-462 -1728.789062
-463 -1736.132812
-464 -1736.875000
-465 -1737.687500
-466 -1738.312500
-467 -1740.625000
-468 -1741.398438
-469 -1748.039062
-470 -1745.460938
-471 -1752.164062
-472 -1748.210938
-473 -1754.281250
-474 -1758.031250
-475 -1761.742188
-476 -1764.500000
-477 -1772.210938
-478 -1775.679688
-479 -1771.789062
-480 -1775.906250
-481 -1777.187500
-482 -1778.585938
-483 -1779.187500
-484 -1779.296875
-485 -1787.453125
-486 -1786.546875
-487 -1789.867188
-488 -1787.632812
-489 -1795.343750
-490 -1793.554688
-491 -1804.460938
-492 -1799.992188
-493 -1812.203125
-494 -1826.140625
-495 -1826.703125
-496 -1830.445312
-497 -1838.078125
-498 -1834.960938
-499 -1840.914062
-500 -1842.390625
-501 -1848.890625
-502 -1851.546875
-503 -1855.914062
-504 -1853.257812
-505 -1858.593750
-506 -1856.476562
-507 -1865.992188
-508 -1860.828125
-509 -1867.421875
-510 -1868.187500
-511 -1877.851562
-512 -1879.296875
-513 -1884.593750
-514 -1881.195312
-515 -1883.484375
-516 -1884.101562
-517 -1888.140625
-518 -1887.273438
-519 -1888.101562
-520 -1889.492188
-521 -1894.523438
-522 -1891.968750
-523 -1900.195312
-524 -1902.695312
-525 -1903.960938
-526 -1906.617188
-527 -1913.796875
-528 -1919.453125
-529 -1917.640625
-530 -1929.062500
-531 -1930.992188
-532 -1932.195312
-533 -1935.312500
-534 -1940.328125
-535 -1953.726562
-536 -1955.015625
-537 -1958.335938
-538 -1964.226562
-539 -1963.742188
-540 -1964.398438
-541 -1968.289062
-542 -1968.945312
-543 -1972.703125
-544 -1974.625000
-545 -1972.000000
-546 -1978.007812
-547 -1979.617188
-548 -1989.757812
-549 -1978.843750
-550 -2003.398438
-551 -2013.046875
-552 -2012.296875
-553 -2019.382812
-554 -2021.000000
-555 -2021.414062
-556 -2027.164062
-557 -2025.414062
-558 -2027.148438
-559 -2042.679688
-560 -2040.882812
-561 -2043.601562
-562 -2048.390625
-563 -2047.039062
-564 -2052.851562
-565 -2050.289062
-566 -2053.125000
-567 -2054.187500
-568 -2060.695312
-569 -2057.812500
-570 -2061.843750
-571 -2061.625000
-572 -2065.429688
-573 -2068.234375
-574 -2069.867188
-575 -2068.546875
-576 -2076.179688
-577 -2075.078125
-578 -2076.570312
-579 -2077.171875
-580 -2083.632812
-581 -2078.414062
-582 -2080.757812
-583 -2087.664062
-584 -2089.125000
-585 -2086.585938
-586 -2095.359375
-587 -2091.218750
-588 -2098.398438
-589 -2093.328125
-590 -2100.742188
-591 -2101.898438
-592 -2102.015625
-593 -2111.195312
-594 -2107.015625
-595 -2111.593750
-596 -2117.515625
-597 -2121.664062
-598 -2124.640625
-599 -2121.703125
-600 -2127.164062
-601 -2138.281250
-602 -2141.460938
-603 -2146.695312
-604 -2151.281250
-605 -2150.148438
-606 -2156.812500
-607 -2155.195312
-608 -2160.742188
-609 -2169.367188
-610 -2169.734375
-611 -2190.156250
-612 -2185.914062
-613 -2196.835938
-614 -2198.992188
-615 -2205.968750
-616 -2217.382812
-617 -2220.382812
-618 -2221.265625
-619 -2224.976562
-620 -2222.421875
-621 -2227.140625
-622 -2228.679688
-623 -2230.578125
-624 -2229.820312
-625 -2235.179688
-626 -2238.734375
-627 -2242.890625
-628 -2235.765625
-629 -2256.789062
-630 -2261.492188
-631 -2260.828125
-632 -2261.250000
-633 -2269.937500
-634 -2267.539062
-635 -2276.898438
-636 -2276.843750
-637 -2286.757812
-638 -2286.210938
-639 -2292.875000
-640 -2288.125000
-641 -2298.406250
-642 -2296.812500
-643 -2297.515625
-644 -2297.406250
-645 -2306.617188
-646 -2305.328125
-647 -2314.882812
-648 -2312.859375
-649 -2330.921875
-650 -2327.062500
-651 -2336.984375
-652 -2340.117188
-653 -2336.945312
-654 -2346.421875
-655 -2348.578125
-656 -2353.265625
-657 -2353.195312
-658 -2354.937500
-659 -2355.273438
-660 -2359.968750
-661 -2359.851562
-662 -2364.445312
-663 -2361.664062
-664 -2369.125000
-665 -2372.531250
-666 -2388.632812
-667 -2392.703125
-668 -2393.460938
-669 -2395.328125
-670 -2399.000000
-671 -2403.476562
-672 -2399.882812
-673 -2410.359375
-674 -2405.789062
-675 -2418.406250
-676 -2414.789062
-677 -2431.054688
-678 -2426.085938
-679 -2430.398438
-680 -2436.242188
-681 -2438.585938
-682 -2442.921875
-683 -2447.210938
-684 -2451.039062
-685 -2449.679688
-686 -2458.007812
-687 -2460.609375
-688 -2466.625000
-689 -2463.171875
-690 -2468.546875
-691 -2468.632812
-692 -2476.132812
-693 -2475.890625
-694 -2481.781250
-695 -2480.757812
-696 -2493.296875
-697 -2493.281250
-698 -2494.054688
-699 -2497.445312
