0 0.000000
-1 -3.638976
-2 -3.073555
-3 -6.737711
-4 -5.077563
-5 -8.756128
-6 -5.204519
-7 -8.904926
-8 -8.317404
-9 -11.993154
-10 -10.378645
-11 -14.059533
-12 -11.189670
-13 -14.878305
-14 -14.228266
-15 -17.927148
-16 -16.364129
-17 -20.031708
-18 -17.530062
-19 -21.226641
-20 -20.579092
-21 -24.247342
-22 -22.738404
-23 -26.415679
-24 -24.199468
-25 -27.903493
-26 -27.203236
-27 -30.923936
-28 -29.444765
-29 -33.178730
-30 -31.080361
-31 -34.819131
-32 -34.084276
-33 -37.823359
-34 -36.430656
-35 -40.134698
-36 -38.217125
-37 -41.935601
-38 -41.216417
-39 -44.951122
-40 -43.551046
-41 -47.244171
-42 -45.481604
-43 -49.191036
-44 -48.461887
-45 -52.202982
-46 -50.852587
-47 -54.556608
-48 -52.876717
-49 -56.623293
-50 -55.893174
-51 -59.628428
-52 -58.305341
-53 -62.023780
-54 -60.418968
-55 -64.177459
-56 -63.468087
-57 -67.223943
-58 -65.894302
-59 -69.666137
-60 -68.145860
-61 -71.886670
-62 -71.170503
-63 -74.893214
-64 -73.651647
-65 -77.387759
-66 -75.922564
-67 -79.668015
-68 -78.939093
-69 -82.691447
-70 -81.464209
-71 -85.212178
-72 -83.845542
-73 -87.589861
-74 -86.843409
-75 -90.579096
-76 -89.377719
-77 -93.124543
-78 -91.796318
-79 -95.572630
-80 -94.832142
-81 -98.612570
-82 -97.444750
-83 -101.220630
-84 -99.892958
-85 -103.680635
-86 -102.918064
-87 -106.725450
-88 -105.563055
-89 -109.366011
-90 -108.126201
-91 -111.923768
-92 -111.165863
-93 -114.957982
-94 -113.837823
-95 -117.596898
-96 -116.387726
-97 -120.158308
-98 -119.420614
-99 -123.211068
-100 -122.109954
-101 -125.886522
-102 -124.745750
-103 -128.538730
-104 -127.772942
-105 -131.541767
-106 -130.456731
-107 -134.249084
-108 -133.115983
-109 -136.894376
-110 -136.161455
-111 -139.954212
-112 -138.900858
-113 -142.677289
-114 -141.587180
-115 -145.368757
-116 -144.657556
-117 -148.450270
-118 -147.393097
-119 -151.212365
-120 -150.143385
-121 -153.968945
-122 -153.236544
-123 -157.019377
-124 -156.005212
-125 -159.828719
-126 -158.754582
-127 -162.563549
-128 -161.840317
-129 -165.642050
-130 -164.632353
-131 -168.450563
-132 -167.433052
-133 -171.240964
-134 -170.504983
-135 -174.291036
-136 -173.293530
-137 -177.118297
-138 -176.094408
-139 -179.947965
-140 -179.192527
-141 -183.018884
-142 -182.059520
-143 -185.874924
-144 -184.879442
-145 -188.716963
-146 -188.001446
-147 -191.874794
-148 -190.910785
-149 -194.742923
-150 -193.789227
-151 -197.626963
-152 -196.901614
-153 -200.769305
-154 -199.804202
-155 -203.672335
-156 -202.744902
-157 -206.606847
-158 -205.846817
-159 -209.730137
-160 -208.772052
-161 -212.660386
-162 -211.711903
-163 -215.599719
-164 -214.819752
-165 -218.708710
-166 -217.779525
-167 -221.640578
-168 -220.759078
-169 -224.584081
-170 -223.856062
-171 -227.714667
-172 -226.795177
-173 -230.690882
-174 -229.823323
-175 -233.667327
-176 -232.919736
-177 -236.798818
-178 -235.863985
-179 -239.791832
-180 -238.908470
-181 -242.799228
-182 -242.074283
-183 -245.916150
-184 -245.069374
-185 -248.935310
-186 -248.108778
-187 -251.973484
-188 -251.265075
-189 -255.116882
-190 -254.240152
-191 -258.113152
-192 -257.249995
-193 -261.153666
-194 -260.413074
-195 -264.304421
-196 -263.447803
-197 -267.323897
-198 -266.471389
-199 -270.393761
-200 -269.629426
-201 -273.508333
-202 -272.652439
-203 -276.535080
-204 -275.700225
-205 -279.620356
-206 -278.834923
-207 -282.687670
-208 -281.883077
-209 -285.746506
-210 -284.904465
-211 -288.788483
-212 -288.045150
-213 -291.887255
-214 -291.062181
-215 -294.959285
-216 -294.142716
-217 -298.022156
-218 -297.188979
-219 -301.091396
-220 -300.275460
-221 -304.153090
-222 -303.326473
-223 -307.220133
-224 -306.418855
-225 -310.309940
-226 -309.468012
-227 -313.366549
-228 -312.505876
-229 -316.435617
-230 -315.610879
-231 -319.529083
-232 -318.691527
-233 -322.594679
-234 -321.767748
-235 -325.665037
-236 -324.851933
-237 -328.754523
-238 -327.882924
-239 -331.799546
-240 -330.971502
-241 -334.843426
-242 -333.997984
-243 -337.903569
-244 -337.031895
-245 -340.956440
-246 -340.093906
-247 -344.019590
-248 -343.160436
-249 -347.060578
-250 -346.214798
-251 -350.089878
-252 -349.277342
-253 -353.161286
-254 -352.333081
-255 -356.234221
-256 -355.372045
-257 -359.297237
-258 -358.487618
-259 -362.380552
-260 -361.563478
-261 -365.456705
-262 -364.621914
-263 -368.479599
-264 -367.671150
-265 -371.569001
-266 -370.753809
-267 -374.614328
-268 -373.820767
-269 -377.680406
-270 -376.876435
-271 -380.744890
-272 -379.921144
-273 -383.776671
-274 -382.961305
-275 -386.846016
-276 -386.034529
-277 -389.889997
-278 -389.065326
-279 -392.958134
-280 -392.144099
-281 -396.011213
-282 -395.236746
-283 -399.049284
-284 -398.282195
-285 -402.113612
-286 -401.350291
-287 -405.169112
-288 -404.423527
-289 -408.295535
-290 -407.498023
-291 -411.332495
-292 -410.591744
-293 -414.372596
-294 -413.664287
-295 -417.418360
-296 -416.725909
-297 -420.456834
-298 -419.785610
-299 -423.512300
-300 -422.863509
-301 -426.522274
-302 -425.937941
-303 -429.570718
-304 -428.998428
-305 -432.633269
-306 -432.097917
-307 -435.667176
-308 -435.182831
-309 -438.706016
-310 -438.262527
-311 -441.733515
-312 -441.329577
-313 -444.770912
-314 -444.393638
-315 -447.782407
-316 -447.495165
-317 -450.778814
-318 -450.586711
-319 -453.806455
-320 -453.654962
-321 -456.882325
-322 -456.726195
-323 -459.891544
-324 -459.810708
-325 -462.928504
-326 -462.912227
-327 -465.921792
-328 -465.981163
-329 -468.915176
-330 -469.087992
-331 -471.926572
-332 -472.116360
-333 -474.930968
-334 -475.211981
-335 -477.950627
-336 -478.284003
-337 -480.949146
-338 -481.349574
-339 -483.939687
-340 -484.449806
-341 -486.924651
-342 -487.511294
-343 -489.966753
-344 -490.578115
-345 -492.963410
-346 -493.659473
-347 -495.985529
-348 -496.774546
-349 -499.019681
-350 -499.804560
-351 -502.017319
-352 -502.833467
-353 -505.042416
-354 -505.873475
-355 -508.035383
-356 -508.999424
-357 -510.988786
-358 -511.985642
-359 -514.030980
-360 -515.014702
-361 -516.998740
-362 -518.067822
-363 -520.033181
-364 -521.112273
-365 -522.981917
-366 -524.156870
-367 -526.027426
-368 -527.188721
-369 -529.003461
-370 -530.222949
-371 -531.999608
-372 -533.181588
-373 -534.993675
-374 -536.271117
-375 -538.008468
-376 -539.299955
-377 -540.972383
-378 -542.281356
-379 -543.965073
-380 -545.345381
-381 -546.991887
-382 -548.361546
-383 -549.958268
-384 -551.352747
-385 -552.959422
-386 -554.357929
-387 -555.960533
-388 -557.440601
-389 -558.928894
-390 -560.411552
-391 -561.921973
-392 -563.423991
-393 -564.880985
-394 -566.419598
-395 -567.855563
-396 -569.422706
-397 -570.905531
-398 -572.411645
-399 -573.948685
-400 -575.453187
-401 -576.946250
-402 -578.480695
-403 -579.950770
-404 -581.479604
-405 -582.992134
-406 -584.522398
-407 -586.041755
-408 -587.537392
-409 -589.002415
-410 -590.537102
-411 -592.123352
-412 -593.580177
-413 -595.075067
-414 -596.590295
-415 -598.085966
-416 -599.613826
-417 -601.146142
-418 -602.578258
-419 -604.176204
-420 -605.644895
-421 -607.212187
-422 -608.670270
-423 -610.231514
-424 -611.707579
-425 -613.242237
-426 -614.711765
-427 -616.286327
-428 -617.741709
-429 -619.258292
-430 -620.732318
-431 -622.236444
-432 -623.781247
-433 -625.275770
-434 -626.758463
-435 -628.305049
-436 -629.839628
-437 -631.332450
-438 -632.855804
-439 -634.334815
-440 -635.822711
-441 -637.378190
-442 -638.826044
-443 -640.432868
-444 -641.892440
-445 -643.462427
-446 -644.933563
-447 -646.501510
-448 -647.968364
-449 -649.529540
-450 -651.029462
-451 -652.620785
-452 -654.087344
-453 -655.633488
-454 -657.129928
-455 -658.654975
-456 -660.185558
-457 -661.702152
-458 -663.228978
-459 -664.743062
-460 -666.285136
-461 -667.777470
-462 -669.369746
-463 -670.827924
-464 -672.362070
-465 -673.904610
-466 -675.441813
-467 -676.934491
-468 -678.499610
-469 -680.000803
-470 -681.504024
-471 -683.045467
-472 -684.546106
-473 -686.106919
-474 -687.573375
-475 -689.148538
-476 -690.610278
-477 -692.179744
-478 -693.689961
-479 -695.215741
-480 -696.729912
-481 -698.250388
-482 -699.764004
-483 -701.343240
-484 -702.729770
-485 -704.321184
-486 -705.828653
-487 -707.400330
-488 -708.931449
-489 -710.453907
-490 -711.949351
-491 -713.574272
-492 -715.024175
-493 -716.620326
-494 -718.125342
-495 -719.685530
-496 -721.183100
-497 -722.756462
-498 -724.221151
-499 -725.855761
-500 -727.271991
-501 -728.893886
-502 -730.359544
-503 -731.942760
-504 -733.464448
-505 -735.004128
-506 -736.529613
-507 -738.050442
-508 -739.643234
-509 -741.151279
-510 -742.636778
-511 -744.201724
-512 -745.758818
-513 -747.285760
-514 -748.875447
-515 -750.424552
-516 -751.943120
-517 -753.459700
-518 -755.002389
-519 -756.521595
-520 -758.134737
-521 -759.583120
-522 -761.176157
-523 -762.648794
-524 -764.200535
-525 -765.732088
-526 -767.268276
-527 -768.849682
-528 -770.407266
-529 -771.927109
-530 -773.535629
-531 -775.063425
-532 -776.575679
-533 -778.148535
-534 -779.717303
-535 -781.237467
-536 -782.783770
-537 -784.300118
-538 -785.864008
-539 -787.405077
-540 -788.952296
-541 -790.542713
-542 -792.065281
-543 -793.693468
-544 -795.161359
-545 -796.743108
-546 -798.270503
-547 -799.855746
-548 -801.409517
-549 -802.992143
-550 -804.441402
-551 -806.112823
-552 -807.611829
-553 -809.271897
-554 -810.715399
-555 -812.338767
-556 -813.816230
-557 -815.395789
-558 -816.893765
-559 -818.485428
-560 -820.013564
-561 -821.643852
-562 -823.132379
-563 -824.705361
-564 -826.275344
-565 -827.826798
-566 -829.401003
-567 -830.907444
-568 -832.512897
-569 -834.025914
-570 -835.623474
-571 -837.202960
-572 -838.757129
-573 -840.293160
-574 -841.884759
-575 -843.463570
-576 -844.995541
-577 -846.550404
-578 -848.143403
-579 -849.687294
-580 -851.227669
-581 -852.813113
-582 -854.351434
-583 -855.884803
-584 -857.499238
-585 -859.046990
-586 -860.643381
-587 -862.198642
-588 -863.838049
-589 -865.367155
-590 -866.972906
-591 -868.516902
-592 -870.098213
-593 -871.692904
-594 -873.238931
-595 -874.772714
-596 -876.333921
-597 -877.917444
-598 -879.502872
-599 -881.066304
-600 -882.606980
-601 -884.236555
-602 -885.795477
-603 -887.318993
-604 -888.916746
-605 -890.499478
-606 -892.088713
-607 -893.609869
-608 -895.181150
-609 -896.781898
-610 -898.343823
-611 -899.925532
-612 -901.544869
-613 -903.082390
-614 -904.665390
-615 -906.238741
-616 -907.814930
-617 -909.442544
-618 -910.963883
-619 -912.566793
-620 -914.129289
-621 -915.742786
-622 -917.380630
-623 -918.959197
-624 -920.525850
-625 -922.030020
-626 -923.664548
-627 -925.211768
-628 -926.844429
-629 -928.320212
-630 -929.921619
-631 -931.523450
-632 -933.079374
-633 -934.737347
-634 -936.289669
-635 -937.887321
-636 -939.430803
-637 -941.064115
-638 -942.631112
-639 -944.204602
-640 -945.811806
-641 -947.448530
-642 -949.012071
-643 -950.682878
-644 -952.192867
-645 -953.813385
-646 -955.399623
-647 -957.053354
-648 -958.529276
-649 -960.158739
-650 -961.767169
-651 -963.438333
-652 -964.905289
-653 -966.622514
-654 -968.156331
-655 -969.781394
-656 -971.332903
-657 -972.999448
-658 -974.572510
-659 -976.175411
-660 -977.748295
-661 -979.331668
-662 -980.973358
-663 -982.519703
-664 -984.234374
-665 -985.739753
-666 -987.390636
-667 -988.937521
-668 -990.611472
-669 -992.099747
-670 -993.842584
-671 -995.423869
-672 -997.033875
-673 -998.580461
-674 -1000.303211
-675 -1001.864623
-676 -1003.448455
-677 -1005.069525
-678 -1006.678262
-679 -1008.287711
-680 -1009.962905
-681 -1011.501690
-682 -1013.103722
-683 -1014.772805
-684 -1016.339420
-685 -1017.993901
-686 -1019.620820
-687 -1021.191726
-688 -1022.870814
-689 -1024.395679
-690 -1026.059325
-691 -1027.635302
-692 -1029.270463
-693 -1030.967130
-694 -1032.373877
-695 -1034.227204
-696 -1035.696459
-697 -1037.396138
-698 -1038.988317
-699 -1040.685303
