0 0.000000
-1 -409.750000
-2 -253.125000
-3 -402.500000
-4 -507.875000
-5 -920.625000
-6 -379.000000
-7 -775.000000
-8 -618.750000
-9 -870.250000
-10 -904.750000
-11 -1125.125000
-12 -732.500000
-13 -1057.375000
-14 -970.375000
-15 -1463.375000
-16 -1439.625000
-17 -1484.500000
-18 -1238.000000
-19 -1492.875000
-20 -1500.500000
-21 -1621.375000
-22 -1581.125000
-23 -1679.125000
-24 -1628.750000
-25 -1754.625000
-26 -1798.375000
-27 -2045.125000
-28 -1967.125000
-29 -2110.750000
-30 -1855.375000
-31 -2348.750000
-32 -2339.375000
-33 -2557.375000
-34 -2442.375000
-35 -2590.375000
-36 -2368.125000
-37 -2760.000000
-38 -2619.875000
-39 -2761.750000
-40 -2791.125000
-41 -2791.625000
-42 -2781.125000
-43 -2784.750000
-44 -2919.875000
-45 -2976.250000
-46 -2961.000000
-47 -3142.375000
-48 -3101.750000
-49 -3155.125000
-50 -3081.750000
-51 -3148.000000
-52 -3417.750000
-53 -3508.000000
-54 -3325.250000
-55 -3414.000000
-56 -3552.000000
-57 -3585.250000
-58 -3562.000000
-59 -3601.375000
-60 -3568.250000
-61 -3577.250000
-62 -3572.750000
-63 -3802.500000
-64 -3602.625000
-65 -3848.500000
-66 -3829.875000
-67 -3823.500000
-68 -4064.375000
-69 -4236.125000
-70 -4192.000000
-71 -4272.500000
-72 -4249.875000
-73 -4522.500000
-74 -4415.500000
-75 -4455.750000
-76 -4483.625000
-77 -4638.125000
-78 -4539.625000
-79 -4812.625000
-80 -4679.750000
-81 -4801.625000
-82 -4770.625000
-83 -4987.375000
-84 -4797.750000
-85 -5011.750000
-86 -5008.500000
-87 -5046.500000
-88 -5068.125000
-89 -5159.875000
-90 -5104.625000
-91 -5289.375000
-92 -5299.875000
-93 -5439.125000
-94 -5278.750000
-95 -5398.375000
-96 -5372.375000
-97 -5454.375000
-98 -5455.875000
-99 -5531.375000
-100 -5581.250000
-101 -5750.250000
-102 -5759.750000
-103 -5820.875000
-104 -5791.250000
-105 -5938.625000
-106 -5870.125000
-107 -5945.000000
-108 -6016.500000
-109 -6081.375000
-110 -6105.625000
-111 -6107.000000
-112 -6156.500000
-113 -6137.250000
-114 -6160.375000
-115 -6320.250000
-116 -6190.125000
-117 -6344.250000
-118 -6398.375000
-119 -6425.750000
-120 -6382.500000
-121 -6517.875000
-122 -6430.000000
-123 -6567.125000
-124 -6512.625000
-125 -6576.000000
-126 -6571.500000
-127 -6756.875000
-128 -6732.625000
-129 -6867.125000
-130 -6906.375000
-131 -6906.750000
-132 -6928.875000
-133 -7130.375000
-134 -7152.000000
-135 -7286.625000
-136 -7289.500000
-137 -7532.875000
-138 -7385.625000
-139 -7728.375000
-140 -7568.500000
-141 -7698.625000
-142 -7759.750000
-143 -7733.125000
-144 -7811.250000
-145 -7831.000000
-146 -7877.750000
-147 -7906.000000
-148 -7942.250000
-149 -7986.125000
-150 -7962.500000
-151 -8057.250000
-152 -7979.750000
-153 -8195.625000
-154 -8145.750000
-155 -8265.625000
-156 -8144.625000
-157 -8245.625000
-158 -8308.000000
-159 -8698.625000
-160 -8725.000000
-161 -8700.250000
-162 -8796.000000
-163 -8827.000000
-164 -8803.125000
-165 -8845.750000
-166 -8841.875000
-167 -8924.500000
-168 -9075.125000
-169 -9052.625000
-170 -9055.625000
-171 -9289.750000
-172 -9221.250000
-173 -9452.125000
-174 -9339.125000
-175 -9443.875000
-176 -9413.375000
-177 -9549.500000
-178 -9515.125000
-179 -9572.000000
-180 -9553.000000
-181 -9556.875000
-182 -9576.125000
-183 -9727.875000
-184 -9712.750000
-185 -9781.625000
-186 -9787.125000
-187 -9870.375000
-188 -9931.125000
-189 -10124.250000
-190 -10192.625000
-191 -10305.625000
-192 -10230.125000
-193 -10508.375000
-194 -10341.375000
-195 -10568.375000
-196 -10569.625000
-197 -10615.250000
-198 -10764.750000
-199 -10764.125000
-200 -10791.125000
-201 -10923.250000
-202 -10980.250000
-203 -10972.000000
-204 -11012.250000
-205 -11437.875000
-206 -11454.250000
-207 -11782.500000
-208 -11773.750000
-209 -11783.625000
-210 -11887.500000
-211 -11938.375000
-212 -11926.000000
-213 -11989.500000
-214 -11974.250000
-215 -12139.375000
-216 -12039.375000
-217 -12375.750000
-218 -12123.250000
-219 -12395.125000
-220 -12361.000000
-221 -12389.625000
-222 -12411.625000
-223 -12521.375000
-224 -12484.000000
-225 -12646.750000
-226 -12604.625000
-227 -12744.375000
-228 -12652.375000
-229 -12804.500000
-230 -12625.750000
-231 -13088.250000
-232 -12880.625000
-233 -13098.625000
-234 -13094.750000
-235 -13116.250000
-236 -13075.250000
-237 -13140.000000
-238 -13127.250000
-239 -13249.000000
-240 -13265.875000
-241 -13382.875000
-242 -13275.875000
-243 -13539.125000
-244 -13396.125000
-245 -13540.750000
-246 -13439.375000
-247 -13556.625000
-248 -13520.625000
-249 -13634.750000
-250 -13621.625000
-251 -13704.625000
-252 -13758.000000
-253 -13844.625000
-254 -13786.125000
-255 -13880.750000
-256 -13919.375000
-257 -13885.750000
-258 -13900.875000
-259 -13933.000000
-260 -13967.125000
-261 -13958.000000
-262 -13990.750000
-263 -13999.125000
-264 -13973.875000
-265 -13961.500000
-266 -14017.000000
-267 -14013.750000
-268 -14024.500000
-269 -14071.000000
-270 -14206.875000
-271 -14151.125000
-272 -14246.125000
-273 -14254.750000
-274 -14276.375000
-275 -14252.500000
-276 -14266.750000
-277 -14341.000000
-278 -14333.000000
-279 -14309.125000
-280 -14339.625000
-281 -14422.500000
-282 -14376.000000
-283 -14438.500000
-284 -14463.500000
-285 -14485.875000
-286 -14562.500000
-287 -14578.250000
-288 -14592.000000
-289 -14613.500000
-290 -14645.375000
-291 -14668.375000
-292 -14623.625000
-293 -14742.625000
-294 -14905.625000
-295 -14762.625000
-296 -14951.000000
-297 -14848.500000
-298 -14943.625000
-299 -14892.250000
-300 -14941.625000
-301 -14918.625000
-302 -15053.625000
-303 -15021.875000
-304 -15033.125000
-305 -15044.875000
-306 -15079.000000
-307 -15197.625000
-308 -15140.875000
-309 -15191.375000
-310 -15197.875000
-311 -15247.375000
-312 -15268.625000
-313 -15309.000000
-314 -15363.000000
-315 -15316.000000
-316 -15372.625000
-317 -15379.750000
-318 -15385.125000
-319 -15376.750000
-320 -15402.500000
-321 -15383.000000
-322 -15485.000000
-323 -15420.750000
-324 -15558.500000
-325 -15421.000000
-326 -15631.125000
-327 -15642.250000
-328 -15665.500000
-329 -15627.750000
-330 -15653.750000
-331 -15652.250000
-332 -15661.250000
-333 -15720.875000
-334 -15731.875000
-335 -15708.250000
-336 -15767.625000
-337 -15769.500000
-338 -15800.750000
-339 -15800.625000
-340 -15913.250000
-341 -15825.625000
-342 -15945.250000
-343 -15984.250000
-344 -16023.500000
-345 -16047.125000
-346 -16117.625000
-347 -16160.625000
-348 -16158.000000
-349 -16228.500000
-350 -16201.625000
-351 -16294.750000
-352 -16218.250000
-353 -16337.750000
-354 -16317.500000
-355 -16389.375000
-356 -16389.375000
-357 -16339.000000
-358 -16422.375000
-359 -16434.750000
-360 -16447.750000
-361 -16536.625000
-362 -16580.500000
-363 -16619.250000
-364 -16580.000000
-365 -16659.125000
-366 -16657.500000
-367 -16677.125000
-368 -16664.375000
-369 -16692.875000
-370 -16790.125000
-371 -16735.875000
-372 -16792.000000
-373 -16804.500000
-374 -16857.250000
-375 -16865.500000
-376 -16875.875000
-377 -16861.375000
-378 -16932.750000
-379 -16890.750000
-380 -17069.375000
-381 -17052.750000
-382 -17179.125000
-383 -17104.250000
-384 -17175.875000
-385 -17131.875000
-386 -17271.625000
-387 -17277.250000
-388 -17271.000000
-389 -17271.500000
-390 -17285.250000
-391 -17370.500000
-392 -17400.125000
-393 -17444.625000
-394 -17468.000000
-395 -17498.625000
-396 -17524.750000
-397 -17546.125000
-398 -17560.125000
-399 -17548.125000
-400 -17548.500000
-401 -17589.500000
-402 -17627.875000
-403 -17651.625000
-404 -17646.000000
-405 -17714.000000
-406 -17714.000000
-407 -17723.250000
-408 -17742.500000
-409 -17749.125000
-410 -17736.625000
-411 -17746.250000
-412 -17760.125000
-413 -17810.875000
-414 -17772.250000
-415 -17832.875000
-416 -17873.500000
-417 -17858.500000
-418 -17852.500000
-419 -17942.125000
-420 -17935.750000
-421 -18023.250000
-422 -18044.375000
-423 -17960.125000
-424 -18011.750000
-425 -18039.875000
-426 -18170.125000
-427 -18144.500000
-428 -18165.000000
-429 -18151.125000
-430 -18176.125000
-431 -18196.750000
-432 -18249.250000
-433 -18268.375000
-434 -18275.250000
-435 -18284.250000
-436 -18302.375000
-437 -18324.375000
-438 -18366.250000
-439 -18328.250000
-440 -18391.250000
-441 -18437.250000
-442 -18489.250000
-443 -18444.625000
-444 -18592.500000
-445 -18545.625000
-446 -18641.625000
-447 -18683.875000
-448 -18722.375000
-449 -18695.125000
-450 -18713.125000
-451 -18717.750000
-452 -18790.000000
-453 -18722.625000
-454 -18742.750000
-455 -18805.875000
-456 -18840.625000
-457 -18888.375000
-458 -19007.875000
-459 -18975.750000
-460 -18965.625000
-461 -19039.375000
-462 -19093.875000
-463 -19015.375000
-464 -19110.500000
-465 -19103.000000
-466 -19124.125000
-467 -19248.750000
-468 -19250.250000
-469 -19297.250000
-470 -19302.750000
-471 -19313.000000
-472 -19291.750000
-473 -19338.500000
-474 -19294.125000
-475 -19431.000000
-476 -19408.875000
-477 -19457.000000
-478 -19439.750000
-479 -19480.125000
-480 -19473.250000
-481 -19478.125000
-482 -19491.375000
-483 -19506.375000
-484 -19548.375000
-485 -19600.875000
-486 -19671.375000
-487 -19866.625000
-488 -19973.125000
-489 -19946.000000
-490 -20067.375000
-491 -20011.375000
-492 -20073.250000
-493 -20128.125000
-494 -20098.625000
-495 -20143.125000
-496 -20227.125000
-497 -20288.875000
-498 -20311.375000
-499 -20335.500000
-500 -20292.750000
-501 -20370.625000
-502 -20368.375000
-503 -20389.250000
-504 -20380.250000
-505 -20444.875000
-506 -20394.750000
-507 -20464.625000
-508 -20458.750000
-509 -20467.000000
-510 -20459.375000
-511 -20485.375000
-512 -20492.125000
-513 -20490.625000
-514 -20475.625000
-515 -20667.500000
-516 -20626.125000
-517 -20660.125000
-518 -20682.250000
-519 -20670.875000
-520 -20703.875000
-521 -20765.375000
-522 -20749.250000
-523 -20785.000000
-524 -20811.750000
-525 -20772.625000
-526 -20810.250000
-527 -20846.125000
-528 -20830.250000
-529 -20886.875000
-530 -20929.750000
-531 -20935.875000
-532 -20923.625000
-533 -20904.875000
-534 -20957.875000
-535 -20987.625000
-536 -20956.500000
-537 -20994.125000
-538 -20967.125000
-539 -21001.375000
-540 -21066.000000
-541 -21025.125000
-542 -21105.375000
-543 -21078.375000
-544 -21066.500000
-545 -21161.250000
-546 -21200.125000
-547 -21207.750000
-548 -21195.750000
-549 -21207.250000
-550 -21229.375000
-551 -21239.375000
-552 -21237.250000
-553 -21251.000000
-554 -21243.750000
-555 -21296.875000
-556 -21253.750000
-557 -21427.125000
-558 -21311.000000
-559 -21367.375000
-560 -21426.750000
-561 -21478.500000
-562 -21514.000000
-563 -21561.625000
-564 -21562.875000
-565 -21595.750000
-566 -21707.875000
-567 -21717.250000
-568 -21769.000000
-569 -21791.875000
-570 -21785.375000
-571 -21824.375000
-572 -21784.375000
-573 -21839.125000
-574 -21857.625000
-575 -21899.125000
-576 -22011.875000
-577 -21958.750000
-578 -22028.625000
-579 -22045.250000
-580 -22013.500000
-581 -22023.500000
-582 -22050.000000
-583 -22072.250000
-584 -22087.875000
-585 -22080.375000
-586 -22109.500000
-587 -22086.000000
-588 -22118.375000
-589 -22147.250000
-590 -22160.500000
-591 -22195.625000
-592 -22243.250000
-593 -22325.250000
-594 -22286.125000
-595 -22297.500000
-596 -22320.250000
-597 -22340.875000
-598 -22371.375000
-599 -22411.500000
-600 -22374.875000
-601 -22473.250000
-602 -22405.250000
-603 -22506.750000
-604 -22485.875000
-605 -22528.125000
-606 -22527.875000
-607 -22577.125000
-608 -22571.000000
-609 -22627.250000
-610 -22646.750000
-611 -22660.125000
-612 -22697.875000
-613 -22738.375000
-614 -22765.750000
-615 -22748.375000
-616 -22772.875000
-617 -22769.625000
-618 -22784.250000
-619 -22820.125000
-620 -22859.250000
-621 -22856.500000
-622 -22883.500000
-623 -22959.750000
-624 -22930.875000
-625 -22978.375000
-626 -22945.125000
-627 -23002.375000
-628 -23000.750000
-629 -22980.125000
-630 -23026.000000
-631 -23112.000000
-632 -23061.500000
-633 -23138.875000
-634 -23134.375000
-635 -23170.625000
-636 -23149.625000
-637 -23250.625000
-638 -23170.750000
-639 -23235.875000
-640 -23235.875000
-641 -23275.750000
-642 -23298.375000
-643 -23301.000000
-644 -23353.875000
-645 -23347.000000
-646 -23355.125000
-647 -23387.250000
-648 -23360.375000
-649 -23385.250000
-650 -23398.750000
-651 -23405.125000
-652 -23410.250000
-653 -23488.375000
-654 -23476.500000
-655 -23489.375000
-656 -23519.750000
-657 -23504.375000
-658 -23531.125000
-659 -23541.250000
-660 -23561.250000
-661 -23542.375000
-662 -23546.750000
-663 -23578.250000
-664 -23565.250000
-665 -23564.625000
-666 -23640.875000
-667 -23607.500000
-668 -23705.375000
-669 -23705.500000
-670 -23703.125000
-671 -23702.375000
-672 -23754.000000
-673 -23706.625000
-674 -23778.125000
-675 -23765.125000
-676 -23757.250000
-677 -23710.375000
-678 -23816.875000
-679 -23913.750000
-680 -23853.125000
-681 -23883.500000
-682 -23940.875000
-683 -23933.625000
-684 -23938.750000
-685 -24002.125000
-686 -23969.000000
-687 -24052.625000
-688 -23991.375000
-689 -24065.250000
-690 -24106.500000
-691 -24153.875000
-692 -24146.875000
-693 -24111.250000
-694 -24288.375000
-695 -24182.750000
-696 -24313.375000
-697 -24236.125000
-698 -24371.375000
-699 -24263.250000
