0 0.000000
-1 -3.923431
-2 -3.374435
-3 -6.915344
-4 -5.099762
-5 -8.718262
-6 -5.112839
-7 -9.010010
-8 -8.430634
-9 -12.060043
-10 -10.607590
-11 -14.375427
-12 -11.367294
-13 -15.002945
-14 -14.484756
-15 -18.192169
-16 -16.773788
-17 -20.380768
-18 -17.883499
-19 -21.709106
-20 -21.144730
-21 -24.815674
-22 -23.161438
-23 -26.852615
-24 -24.388046
-25 -28.255432
-26 -27.729156
-27 -31.674515
-28 -30.063065
-29 -33.737808
-30 -31.519730
-31 -35.402649
-32 -34.826492
-33 -38.287643
-34 -37.139160
-35 -40.712967
-36 -38.785965
-37 -42.527756
-38 -41.921799
-39 -45.531631
-40 -44.184616
-41 -47.820526
-42 -46.030243
-43 -49.751328
-44 -48.964920
-45 -52.696625
-46 -51.463760
-47 -55.103439
-48 -53.291489
-49 -57.118210
-50 -56.464706
-51 -60.289749
-52 -58.655045
-53 -62.625916
-54 -60.723495
-55 -64.747223
-56 -63.940811
-57 -67.651184
-58 -66.380508
-59 -70.272705
-60 -68.549149
-61 -72.548706
-62 -71.740967
-63 -75.509598
-64 -74.249222
-65 -77.866043
-66 -76.335754
-67 -80.242188
-68 -79.598373
-69 -83.407516
-70 -82.032959
-71 -85.887421
-72 -84.480469
-73 -88.242935
-74 -87.259567
-75 -91.124146
-76 -89.858810
-77 -93.550735
-78 -92.176361
-79 -96.101456
-80 -95.406403
-81 -99.012161
-82 -97.808151
-83 -101.515930
-84 -100.283981
-85 -104.303833
-86 -103.344345
-87 -107.091293
-88 -105.932831
-89 -109.579895
-90 -108.508881
-91 -112.462936
-92 -111.643188
-93 -115.578278
-94 -114.377213
-95 -118.135468
-96 -116.828705
-97 -120.564209
-98 -119.765518
-99 -123.627991
-100 -122.622894
-101 -126.397522
-102 -125.181641
-103 -129.098114
-104 -128.313385
-105 -132.310989
-106 -131.371780
-107 -135.029480
-108 -134.117218
-109 -137.879913
-110 -137.010208
-111 -140.813950
-112 -139.712234
-113 -143.546555
-114 -142.590775
-115 -146.340271
-116 -145.752274
-117 -149.318619
-118 -148.324921
-119 -152.258392
-120 -150.951752
-121 -155.054047
-122 -154.094360
-123 -158.253036
-124 -157.038498
-125 -161.212326
-126 -159.913681
-127 -163.756546
-128 -163.321152
-129 -167.371964
-130 -166.297211
-131 -170.225098
-132 -169.118790
-133 -172.884171
-134 -172.070450
-135 -175.913483
-136 -174.951004
-137 -178.701385
-138 -177.744995
-139 -181.520248
-140 -180.702118
-141 -184.706955
-142 -183.642334
-143 -187.419281
-144 -186.609619
-145 -190.428909
-146 -189.602539
-147 -193.509964
-148 -192.453140
-149 -196.501343
-150 -195.406906
-151 -199.506378
-152 -198.842392
-153 -202.813370
-154 -201.671677
-155 -205.632904
-156 -204.652893
-157 -208.845306
-158 -207.938370
-159 -211.708221
-160 -210.843842
-161 -214.650604
-162 -213.953308
-163 -217.751862
-164 -217.107254
-165 -220.896698
-166 -219.793259
-167 -223.685364
-168 -222.922272
-169 -226.491104
-170 -226.043152
-171 -229.846161
-172 -228.978287
-173 -233.032745
-174 -232.086121
-175 -235.912201
-176 -235.293076
-177 -239.023071
-178 -238.217850
-179 -242.056473
-180 -241.164505
-181 -244.947311
-182 -244.291519
-183 -248.035889
-184 -247.345520
-185 -251.370316
-186 -250.276825
-187 -254.226654
-188 -253.471039
-189 -257.370224
-190 -256.732025
-191 -260.774734
-192 -259.811966
-193 -264.045120
-194 -263.284531
-195 -267.409058
-196 -266.262955
-197 -270.106491
-198 -269.400635
-199 -273.055603
-200 -272.482117
-201 -276.284897
-202 -275.468079
-203 -279.367599
-204 -278.572540
-205 -282.621231
-206 -281.942474
-207 -285.799149
-208 -284.507584
-209 -288.653183
-210 -287.639633
-211 -291.624512
-212 -290.706940
-213 -294.770294
-214 -293.805283
-215 -297.564835
-216 -296.923172
-217 -300.757675
-218 -299.903046
-219 -303.595612
-220 -302.912415
-221 -306.626068
-222 -305.931702
-223 -309.738663
-224 -308.994736
-225 -312.894653
-226 -311.913177
-227 -315.835281
-228 -315.047852
-229 -318.905212
-230 -317.984207
-231 -321.854736
-232 -321.264938
-233 -325.106384
-234 -324.480865
-235 -328.283920
-236 -327.674713
-237 -331.272629
-238 -330.421753
-239 -334.441528
-240 -333.440430
-241 -337.487732
-242 -336.626450
-243 -340.482346
-244 -339.639786
-245 -343.521729
-246 -342.424927
-247 -346.412247
-248 -345.710907
-249 -349.290985
-250 -348.496140
-251 -352.489319
-252 -351.599915
-253 -355.538376
-254 -354.718292
-255 -358.693039
-256 -357.924454
-257 -361.732925
-258 -361.075714
-259 -364.887619
-260 -364.050507
-261 -367.916245
-262 -367.241608
-263 -371.036560
-264 -370.170319
-265 -374.084290
-266 -373.346558
-267 -377.243073
-268 -376.791779
-269 -380.682678
-270 -379.627747
-271 -383.552429
-272 -382.646301
-273 -386.518997
-274 -386.043610
-275 -389.615295
-276 -388.844223
-277 -392.666443
-278 -391.761139
-279 -395.878677
-280 -394.809280
-281 -398.896729
-282 -398.077682
-283 -401.871109
-284 -401.043411
-285 -405.190002
-286 -404.308365
-287 -408.299316
-288 -407.398438
-289 -411.359970
-290 -410.414398
-291 -414.309921
-292 -413.460526
-293 -417.357025
-294 -416.497391
-295 -420.405121
-296 -419.660736
-297 -423.342987
-298 -422.808197
-299 -426.336136
-300 -425.791061
-301 -429.698257
-302 -428.816132
-303 -432.669922
-304 -432.133820
-305 -435.697952
-306 -435.357224
-307 -438.920670
-308 -438.546387
-309 -442.055588
-310 -441.602966
-311 -445.225220
-312 -444.708588
-313 -448.482529
-314 -447.636520
-315 -451.301331
-316 -450.595184
-317 -454.235153
-318 -453.742920
-319 -457.436813
-320 -456.785339
-321 -460.456238
-322 -460.018051
-323 -463.359482
-324 -463.030365
-325 -466.518997
-326 -465.985077
-327 -469.475494
-328 -469.226227
-329 -472.823303
-330 -472.483673
-331 -475.867737
-332 -475.705536
-333 -479.169525
-334 -478.775986
-335 -482.232910
-336 -481.927811
-337 -485.212021
-338 -484.904816
-339 -488.062622
-340 -487.835083
-341 -491.010742
-342 -491.021500
-343 -494.002792
-344 -493.982132
-345 -496.761597
-346 -497.002823
-347 -500.076492
-348 -500.307602
-349 -502.999344
-350 -503.428391
-351 -505.796005
-352 -506.431076
-353 -508.825165
-354 -509.316055
-355 -511.865143
-356 -512.431137
-357 -515.008560
-358 -515.482330
-359 -517.968674
-360 -518.806274
-361 -521.285355
-362 -521.559753
-363 -523.962677
-364 -524.889297
-365 -526.984100
-366 -528.018753
-367 -530.276611
-368 -531.056763
-369 -533.104462
-370 -534.395233
-371 -536.451126
-372 -537.477676
-373 -539.175140
-374 -540.295578
-375 -542.110580
-376 -543.436325
-377 -545.010361
-378 -546.476135
-379 -547.807938
-380 -549.577194
-381 -551.074783
-382 -552.598480
-383 -554.107071
-384 -555.851135
-385 -556.948853
-386 -558.552979
-387 -559.955002
-388 -561.463806
-389 -562.754913
-390 -564.725555
-391 -565.782715
-392 -567.442261
-393 -569.082123
-394 -570.630188
-395 -572.275085
-396 -573.817505
-397 -575.219711
-398 -576.887482
-399 -578.192459
-400 -579.766449
-401 -581.287094
-402 -582.510132
-403 -584.181213
-404 -585.429276
-405 -587.198593
-406 -588.523911
-407 -590.051254
-408 -591.256226
-409 -593.172791
-410 -594.522827
-411 -596.218262
-412 -597.580612
-413 -599.372437
-414 -600.664276
-415 -602.176376
-416 -603.810013
-417 -604.979828
-418 -606.798218
-419 -608.010284
-420 -609.818359
-421 -610.930862
-422 -612.676514
-423 -613.993118
-424 -615.602982
-425 -616.863800
-426 -618.487946
-427 -620.117859
-428 -621.474197
-429 -622.988388
-430 -624.631577
-431 -626.327042
-432 -627.722321
-433 -629.600891
-434 -630.720398
-435 -632.466385
-436 -633.918793
-437 -635.336578
-438 -636.753113
-439 -638.758514
-440 -639.998154
-441 -641.539185
-442 -643.046875
-443 -644.582932
-444 -646.425476
-445 -647.604004
-446 -649.350693
-447 -650.823502
-448 -652.351913
-449 -653.804962
-450 -655.377884
-451 -656.881256
-452 -658.277802
-453 -660.023743
-454 -661.496567
-455 -663.270645
-456 -664.674118
-457 -666.261322
-458 -667.566376
-459 -669.059830
-460 -670.720230
-461 -672.367737
-462 -673.943619
-463 -675.523041
-464 -677.203598
-465 -678.401505
-466 -680.220795
-467 -681.819183
-468 -683.492676
-469 -684.817291
-470 -686.434402
-471 -687.819138
-472 -689.267380
-473 -690.815140
-474 -692.348633
-475 -694.001266
-476 -695.169250
-477 -697.006195
-478 -698.123093
-479 -700.262939
-480 -701.569092
-481 -703.425827
-482 -704.299911
-483 -706.348557
-484 -707.460602
-485 -709.419830
-486 -711.234146
-487 -712.635269
-488 -714.227875
-489 -715.617462
-490 -717.151596
-491 -718.527023
-492 -720.312729
-493 -721.590393
-494 -723.019562
-495 -724.618286
-496 -726.152466
-497 -727.764954
-498 -729.432678
-499 -730.853226
-500 -732.385208
-501 -734.177200
-502 -735.513184
-503 -736.973145
-504 -738.484955
-505 -740.302109
-506 -741.705750
-507 -743.242920
-508 -744.895172
-509 -746.130142
-510 -747.790771
-511 -749.385162
-512 -750.597580
-513 -752.208527
-514 -753.899612
-515 -755.362183
-516 -757.132736
-517 -758.598526
-518 -760.168747
-519 -761.472672
-520 -763.659790
-521 -764.958206
-522 -766.125305
-523 -767.912750
-524 -769.348038
-525 -770.644333
-526 -772.501419
-527 -773.888718
-528 -775.633759
-529 -777.191528
-530 -778.947784
-531 -779.935837
-532 -782.107819
-533 -783.231979
-534 -785.195038
-535 -786.208649
-536 -788.309097
-537 -789.459457
-538 -791.652969
-539 -793.255066
-540 -794.805298
-541 -796.516647
-542 -797.855331
-543 -799.416794
-544 -800.904770
-545 -802.291260
-546 -803.794815
-547 -805.662827
-548 -807.238495
-549 -808.600571
-550 -810.195694
-551 -811.628403
-552 -813.006180
-553 -814.658371
-554 -816.390472
-555 -817.870422
-556 -819.318497
-557 -821.010056
-558 -822.021866
-559 -823.631424
-560 -825.278763
-561 -826.748932
-562 -828.656708
-563 -829.909760
-564 -831.858673
-565 -833.133591
-566 -834.551544
-567 -836.377167
-568 -837.601761
-569 -839.378082
-570 -840.878784
-571 -842.441360
-572 -843.974304
-573 -845.602631
-574 -846.987473
-575 -848.787415
-576 -850.632645
-577 -852.262085
-578 -853.648407
-579 -855.290421
-580 -856.512070
-581 -858.335175
-582 -860.068161
-583 -861.688156
-584 -862.887527
-585 -864.828262
-586 -865.851654
-587 -867.532303
-588 -868.748688
-589 -870.408340
-590 -871.854538
-591 -873.930023
-592 -874.633499
-593 -876.390945
-594 -877.640549
-595 -879.606277
-596 -881.145233
-597 -882.999573
-598 -884.730377
-599 -886.164154
-600 -887.603271
-601 -889.168549
-602 -890.704330
-603 -892.468628
-604 -893.774048
-605 -895.586746
-606 -896.851532
-607 -898.914993
-608 -899.899841
-609 -901.722641
-610 -903.267776
-611 -905.014786
-612 -906.198608
-613 -908.857101
-614 -909.995438
-615 -912.150604
-616 -913.402924
-617 -914.943497
-618 -916.878281
-619 -918.495758
-620 -919.877838
-621 -921.384888
-622 -923.160309
-623 -924.702286
-624 -926.527176
-625 -927.618607
-626 -929.426163
-627 -930.954575
-628 -932.654846
-629 -933.907669
-630 -935.756607
-631 -937.531357
-632 -938.717789
-633 -940.510452
-634 -942.023651
-635 -943.860977
-636 -944.731506
-637 -947.124649
-638 -948.255020
-639 -950.388779
-640 -951.669342
-641 -953.403824
-642 -954.823669
-643 -956.530441
-644 -957.295761
-645 -959.668198
-646 -961.153076
-647 -962.754715
-648 -964.103210
-649 -966.517410
-650 -967.562378
-651 -969.591919
-652 -970.535126
-653 -972.916580
-654 -973.808762
-655 -976.193939
-656 -976.883621
-657 -979.334351
-658 -980.207001
-659 -982.395676
-660 -983.885742
-661 -985.127472
-662 -987.346603
-663 -988.486633
-664 -990.506210
-665 -992.045074
-666 -993.631836
-667 -994.842484
-668 -996.934525
-669 -998.311996
-670 -1000.448975
-671 -1001.385498
-672 -1003.341507
-673 -1004.453598
-674 -1006.684921
-675 -1007.663971
-676 -1009.660217
-677 -1010.795975
-678 -1013.149628
-679 -1013.996109
-680 -1015.659836
-681 -1017.258301
-682 -1019.108444
-683 -1020.974442
-684 -1022.613464
-685 -1023.917999
-686 -1025.410812
-687 -1027.593582
-688 -1028.699081
-689 -1030.309814
-690 -1031.989563
-691 -1033.582932
-692 -1035.513428
-693 -1036.829208
-694 -1038.270950
-695 -1039.862137
-696 -1041.588928
-697 -1043.173233
-698 -1044.730194
-699 -1046.346848
