0 0.000000
-1 -3.757355
-2 -3.108511
-3 -6.815891
-4 -5.166632
-5 -8.872326
-6 -5.308575
-7 -8.984566
-8 -8.349127
-9 -12.084509
-10 -10.508118
-11 -14.189203
-12 -11.268131
-13 -14.969318
-14 -14.305801
-15 -18.018408
-16 -16.471371
-17 -20.151968
-18 -17.707207
-19 -21.392643
-20 -20.720980
-21 -24.405729
-22 -22.941296
-23 -26.644613
-24 -24.384531
-25 -28.049940
-26 -27.381405
-27 -31.002903
-28 -29.652479
-29 -33.257383
-30 -31.286150
-31 -34.878183
-32 -34.255997
-33 -37.920328
-34 -36.576256
-35 -40.258486
-36 -38.407011
-37 -42.140263
-38 -41.418419
-39 -45.147720
-40 -43.757202
-41 -47.461395
-42 -45.758928
-43 -49.435375
-44 -48.734608
-45 -52.459074
-46 -51.112879
-47 -54.808617
-48 -53.027054
-49 -56.883926
-50 -56.049742
-51 -59.895561
-52 -58.569120
-53 -62.266066
-54 -60.612860
-55 -64.444288
-56 -63.703751
-57 -67.427525
-58 -66.201042
-59 -69.844419
-60 -68.425604
-61 -72.114220
-62 -71.376198
-63 -75.062550
-64 -73.876684
-65 -77.579165
-66 -76.097351
-67 -79.913982
-68 -79.106300
-69 -82.888903
-70 -81.655128
-71 -85.407539
-72 -84.060316
-73 -87.766071
-74 -87.100876
-75 -90.821650
-76 -89.647903
-77 -93.445112
-78 -92.068983
-79 -95.891806
-80 -95.106596
-81 -98.868509
-82 -97.718645
-83 -101.473747
-84 -100.246494
-85 -103.934212
-86 -103.253174
-87 -106.997957
-88 -105.847208
-89 -109.644295
-90 -108.351814
-91 -112.113358
-92 -111.373640
-93 -115.103292
-94 -113.971121
-95 -117.703962
-96 -116.583302
-97 -120.277914
-98 -119.550186
-99 -123.312733
-100 -122.186462
-101 -125.896473
-102 -124.657698
-103 -128.544815
-104 -127.807518
-105 -131.531706
-106 -130.460295
-107 -134.177599
-108 -133.064054
-109 -136.821079
-110 -136.114267
-111 -139.873692
-112 -138.766039
-113 -142.577766
-114 -141.473608
-115 -145.304556
-116 -144.591364
-117 -148.394510
-118 -147.339109
-119 -151.164650
-120 -150.069895
-121 -153.967165
-122 -153.272825
-123 -157.095692
-124 -156.102840
-125 -159.915119
-126 -158.932343
-127 -162.779324
-128 -162.106836
-129 -165.847027
-130 -164.898949
-131 -168.693531
-132 -167.584885
-133 -171.462080
-134 -170.679789
-135 -174.515816
-136 -173.629280
-137 -177.441971
-138 -176.478745
-139 -180.351278
-140 -179.623693
-141 -183.494865
-142 -182.530664
-143 -186.332596
-144 -185.370321
-145 -189.264950
-146 -188.498705
-147 -192.273571
-148 -191.318203
-149 -195.150709
-150 -194.180077
-151 -198.076500
-152 -197.249893
-153 -201.199520
-154 -200.207890
-155 -204.115461
-156 -203.111736
-157 -207.016453
-158 -206.251524
-159 -210.182713
-160 -209.235189
-161 -213.093851
-162 -212.242521
-163 -216.068024
-164 -215.386341
-165 -219.172384
-166 -218.234856
-167 -222.136011
-168 -221.251480
-169 -225.095081
-170 -224.381020
-171 -228.230791
-172 -227.302076
-173 -231.269648
-174 -230.286947
-175 -234.294247
-176 -233.504242
-177 -237.379942
-178 -236.469999
-179 -240.412909
-180 -239.503395
-181 -243.380140
-182 -242.609398
-183 -246.532209
-184 -245.733057
-185 -249.617748
-186 -248.758707
-187 -252.576353
-188 -251.911852
-189 -255.739523
-190 -254.937647
-191 -258.793449
-192 -257.945711
-193 -261.862444
-194 -261.108854
-195 -264.981897
-196 -264.125116
-197 -268.038387
-198 -267.139292
-199 -271.122747
-200 -270.369713
-201 -274.324396
-202 -273.480537
-203 -277.320948
-204 -276.521612
-205 -280.430891
-206 -279.680082
-207 -283.633585
-208 -282.856968
-209 -286.742868
-210 -285.921173
-211 -289.767654
-212 -289.044306
-213 -292.868814
-214 -292.025305
-215 -295.969740
-216 -295.142244
-217 -299.023947
-218 -298.286615
-219 -302.149137
-220 -301.382183
-221 -305.177132
-222 -304.366495
-223 -308.232149
-224 -307.462406
-225 -311.376320
-226 -310.558186
-227 -314.423485
-228 -313.621758
-229 -317.515574
-230 -316.695333
-231 -320.613518
-232 -319.780174
-233 -323.712025
-234 -322.861635
-235 -326.697149
-236 -325.993807
-237 -329.887728
-238 -329.062202
-239 -332.929041
-240 -332.119749
-241 -336.036373
-242 -335.137535
-243 -339.125544
-244 -338.235565
-245 -342.057005
-246 -341.239511
-247 -345.106363
-248 -344.367065
-249 -348.177473
-250 -347.351700
-251 -351.221272
-252 -350.311127
-253 -354.254305
-254 -353.312630
-255 -357.219206
-256 -356.379406
-257 -360.305466
-258 -359.408493
-259 -363.354490
-260 -362.501303
-261 -366.346062
-262 -365.477835
-263 -369.471443
-264 -368.557978
-265 -372.443098
-266 -371.655743
-267 -375.517763
-268 -374.753145
-269 -378.583570
-270 -377.802322
-271 -381.583673
-272 -380.790928
-273 -384.646734
-274 -383.878101
-275 -387.720133
-276 -386.999834
-277 -390.843889
-278 -390.127291
-279 -393.865623
-280 -393.208609
-281 -396.910221
-282 -396.260170
-283 -399.914648
-284 -399.319103
-285 -402.999176
-286 -402.358208
-287 -406.047905
-288 -405.463474
-289 -409.070715
-290 -408.614977
-291 -412.159863
-292 -411.687038
-293 -415.141800
-294 -414.746803
-295 -418.225321
-296 -417.890680
-297 -421.327309
-298 -420.958853
-299 -424.451565
-300 -424.001749
-301 -427.547523
-302 -427.167469
-303 -430.631811
-304 -430.217525
-305 -433.693773
-306 -433.249456
-307 -436.677021
-308 -436.430761
-309 -439.739855
-310 -439.520456
-311 -442.833063
-312 -442.580574
-313 -445.869036
-314 -445.624750
-315 -448.874506
-316 -448.748108
-317 -451.884630
-318 -451.761759
-319 -454.855549
-320 -454.787607
-321 -457.938429
-322 -457.998751
-323 -460.922009
-324 -461.059057
-325 -463.986845
-326 -464.127792
-327 -467.014002
-328 -467.153692
-329 -469.979252
-330 -470.167643
-331 -473.012913
-332 -473.275661
-333 -476.046640
-334 -476.451256
-335 -479.211634
-336 -479.394144
-337 -482.247648
-338 -482.492056
-339 -485.147182
-340 -485.627764
-341 -488.053909
-342 -488.732441
-343 -491.033157
-344 -491.707472
-345 -494.111822
-346 -494.823505
-347 -497.108416
-348 -497.776669
-349 -500.089542
-350 -500.774246
-351 -503.023449
-352 -503.923386
-353 -506.065540
-354 -506.983854
-355 -508.907248
-356 -510.041117
-357 -512.009039
-358 -513.054573
-359 -514.962000
-360 -516.032373
-361 -517.886494
-362 -518.989578
-363 -520.881590
-364 -522.005875
-365 -523.902761
-366 -525.051855
-367 -526.863087
-368 -528.081787
-369 -529.983717
-370 -531.038074
-371 -532.854309
-372 -534.174379
-373 -535.834412
-374 -537.161766
-375 -538.775648
-376 -540.105232
-377 -541.848038
-378 -543.133749
-379 -544.829632
-380 -546.203686
-381 -547.804674
-382 -549.167435
-383 -550.869999
-384 -552.223587
-385 -553.814857
-386 -555.345493
-387 -556.879992
-388 -558.286346
-389 -559.970455
-390 -561.260818
-391 -562.948872
-392 -564.355829
-393 -565.863178
-394 -567.403791
-395 -568.908310
-396 -570.390083
-397 -571.855040
-398 -573.370594
-399 -574.866659
-400 -576.318630
-401 -577.881926
-402 -579.292849
-403 -580.966621
-404 -582.268629
-405 -583.954115
-406 -585.333702
-407 -587.010530
-408 -588.436981
-409 -589.935673
-410 -591.399721
-411 -592.875425
-412 -594.444948
-413 -595.912413
-414 -597.540789
-415 -598.967266
-416 -600.480673
-417 -601.972282
-418 -603.495916
-419 -605.094706
-420 -606.521887
-421 -608.017872
-422 -609.640038
-423 -611.077991
-424 -612.587984
-425 -614.043356
-426 -615.568316
-427 -617.120966
-428 -618.584608
-429 -620.179321
-430 -621.685028
-431 -623.149284
-432 -624.661917
-433 -626.118687
-434 -627.713890
-435 -629.111605
-436 -630.788094
-437 -632.204893
-438 -633.756758
-439 -635.360636
-440 -636.782793
-441 -638.288298
-442 -639.836357
-443 -641.308931
-444 -642.808018
-445 -644.382359
-446 -645.806280
-447 -647.442932
-448 -648.913885
-449 -650.563633
-450 -652.044304
-451 -653.558073
-452 -654.977367
-453 -656.519865
-454 -658.065535
-455 -659.651941
-456 -661.094967
-457 -662.694344
-458 -664.162546
-459 -665.663603
-460 -667.259350
-461 -668.797213
-462 -670.348412
-463 -671.824759
-464 -673.445759
-465 -674.952518
-466 -676.310699
-467 -677.986694
-468 -679.445486
-469 -680.847054
-470 -682.382973
-471 -683.952684
-472 -685.460220
-473 -687.038671
-474 -688.515440
-475 -690.065752
-476 -691.501394
-477 -693.145874
-478 -694.521086
-479 -696.320374
-480 -697.585497
-481 -699.297035
-482 -700.600523
-483 -702.392996
-484 -703.762659
-485 -705.404507
-486 -706.838568
-487 -708.376200
-488 -709.835714
-489 -711.441212
-490 -712.849249
-491 -714.413233
-492 -715.955025
-493 -717.509863
-494 -719.063530
-495 -720.676910
-496 -722.202921
-497 -723.607758
-498 -725.181957
-499 -726.660061
-500 -728.290789
-501 -729.684511
-502 -731.314533
-503 -732.831667
-504 -734.329546
-505 -735.852180
-506 -737.485909
-507 -738.961824
-508 -740.603369
-509 -742.210850
-510 -743.820875
-511 -745.216965
-512 -746.882439
-513 -748.348270
-514 -749.961210
-515 -751.480513
-516 -752.983839
-517 -754.493689
-518 -756.159126
-519 -757.724915
-520 -759.251883
-521 -760.743805
-522 -762.178867
-523 -763.771877
-524 -765.353111
-525 -766.931355
-526 -768.530560
-527 -769.868042
-528 -771.552601
-529 -772.911247
-530 -774.598095
-531 -776.091412
-532 -777.697256
-533 -779.061697
-534 -780.753309
-535 -782.206572
-536 -783.943804
-537 -785.389664
-538 -786.972515
-539 -788.552317
-540 -790.203054
-541 -791.535002
-542 -793.196033
-543 -794.667986
-544 -796.265430
-545 -797.815504
-546 -799.546434
-547 -800.948071
-548 -802.665461
-549 -804.018539
-550 -805.861572
-551 -807.107656
-552 -808.947376
-553 -810.249063
-554 -811.961653
-555 -813.398932
-556 -815.285999
-557 -816.562922
-558 -818.326954
-559 -819.628855
-560 -821.298382
-561 -822.683966
-562 -824.438780
-563 -825.882986
-564 -827.676067
-565 -829.081036
-566 -830.626848
-567 -832.188526
-568 -833.827450
-569 -835.414549
-570 -837.058971
-571 -838.489962
-572 -840.220110
-573 -841.697916
-574 -843.413668
-575 -844.895287
-576 -846.462698
-577 -847.874123
-578 -849.520370
-579 -851.133568
-580 -852.596964
-581 -854.210382
-582 -855.688759
-583 -857.336334
-584 -858.922987
-585 -860.665113
-586 -862.083090
-587 -863.599623
-588 -864.942783
-589 -866.841850
-590 -868.186050
-591 -870.077017
-592 -871.405602
-593 -873.217430
-594 -874.676054
-595 -876.253498
-596 -877.831264
-597 -879.453627
-598 -880.959038
-599 -882.583202
-600 -884.108561
-601 -885.660599
-602 -887.067825
-603 -888.700628
-604 -890.307150
-605 -891.776451
-606 -893.478119
-607 -895.011524
-608 -896.536381
-609 -898.209272
-610 -899.784079
-611 -901.323215
-612 -902.889915
-613 -904.521389
-614 -906.146391
-615 -907.705379
-616 -909.113682
-617 -910.667957
-618 -912.343891
-619 -913.920813
-620 -915.458725
-621 -917.046097
-622 -918.644545
-623 -920.136995
-624 -921.782366
-625 -923.238487
-626 -924.936266
-627 -926.428862
-628 -928.197319
-629 -929.563301
-630 -931.295950
-631 -932.799658
-632 -934.271751
-633 -936.048180
-634 -937.493900
-635 -939.180382
-636 -940.621304
-637 -942.353416
-638 -943.789824
-639 -945.417019
-640 -946.955624
-641 -948.571032
-642 -950.147182
-643 -951.684435
-644 -953.117352
-645 -954.971043
-646 -956.379225
-647 -958.175495
-648 -959.551538
-649 -961.404482
-650 -962.843515
-651 -964.448908
-652 -965.891960
-653 -967.671259
-654 -969.133821
-655 -970.845150
-656 -972.350292
-657 -974.055035
-658 -975.842165
-659 -977.086700
-660 -978.866671
-661 -980.396563
-662 -982.001675
-663 -983.567909
-664 -985.325281
-665 -986.815271
-666 -988.706259
-667 -990.147118
-668 -991.884163
-669 -993.348108
-670 -995.060886
-671 -996.789055
-672 -998.248825
-673 -1000.082701
-674 -1001.453047
-675 -1003.148386
-676 -1004.677011
-677 -1006.536520
-678 -1008.020578
-679 -1009.768568
-680 -1011.338749
-681 -1012.984972
-682 -1014.753012
-683 -1016.317570
-684 -1017.719191
-685 -1019.454264
-686 -1021.148136
-687 -1022.767336
-688 -1024.203863
-689 -1025.883896
-690 -1027.660608
-691 -1029.031506
-692 -1030.849403
-693 -1032.292486
-694 -1034.172928
-695 -1035.668056
-696 -1037.558826
-697 -1039.016396
-698 -1040.524576
-699 -1042.236383
