0 0.000000
-1 -14.480469
-2 -13.972656
-3 -26.187500
-4 -19.406250
-5 -27.894531
-6 -21.425781
-7 -33.351562
-8 -31.800781
-9 -42.171875
-10 -27.699219
-11 -44.011719
-12 -32.382812
-13 -43.812500
-14 -46.480469
-15 -54.910156
-16 -44.156250
-17 -55.878906
-18 -53.949219
-19 -61.339844
-20 -60.480469
-21 -67.652344
-22 -66.562500
-23 -73.304688
-24 -73.898438
-25 -75.804688
-26 -75.480469
-27 -76.078125
-28 -77.132812
-29 -86.152344
-30 -82.691406
-31 -82.589844
-32 -86.613281
-33 -89.390625
-34 -90.898438
-35 -93.656250
-36 -92.843750
-37 -95.937500
-38 -94.285156
-39 -102.832031
-40 -95.414062
-41 -109.835938
-42 -97.765625
-43 -109.578125
-44 -108.472656
-45 -123.914062
-46 -111.097656
-47 -125.164062
-48 -109.578125
-49 -126.687500
-50 -124.128906
-51 -130.597656
-52 -127.183594
-53 -133.457031
-54 -131.367188
-55 -138.777344
-56 -134.613281
-57 -146.679688
-58 -136.597656
-59 -148.453125
-60 -143.429688
-61 -150.281250
-62 -154.628906
-63 -156.710938
-64 -157.148438
-65 -168.628906
-66 -163.925781
-67 -171.300781
-68 -171.910156
-69 -182.128906
-70 -175.765625
-71 -186.058594
-72 -181.218750
-73 -187.933594
-74 -188.281250
-75 -193.035156
-76 -193.050781
-77 -196.300781
-78 -193.976562
-79 -200.355469
-80 -196.992188
-81 -204.253906
-82 -200.324219
-83 -205.449219
-84 -202.359375
-85 -213.691406
-86 -211.132812
-87 -221.214844
-88 -218.894531
-89 -227.132812
-90 -221.386719
-91 -234.105469
-92 -226.050781
-93 -236.671875
-94 -232.250000
-95 -239.703125
-96 -239.824219
-97 -241.421875
-98 -242.125000
-99 -244.800781
-100 -244.750000
-101 -251.449219
-102 -249.757812
-103 -256.230469
-104 -255.015625
-105 -264.257812
-106 -255.519531
-107 -266.082031
-108 -262.300781
-109 -270.417969
-110 -269.593750
-111 -275.886719
-112 -272.726562
-113 -277.683594
-114 -278.980469
-115 -284.101562
-116 -285.878906
-117 -295.347656
-118 -287.597656
-119 -299.695312
-120 -288.320312
-121 -305.222656
-122 -304.718750
-123 -308.820312
-124 -308.367188
-125 -312.164062
-126 -308.628906
-127 -322.644531
-128 -319.992188
-129 -327.460938
-130 -322.578125
-131 -332.578125
-132 -326.703125
-133 -337.542969
-134 -331.390625
-135 -341.425781
-136 -338.863281
-137 -345.457031
-138 -343.781250
-139 -352.125000
-140 -347.945312
-141 -358.855469
-142 -355.886719
-143 -365.722656
-144 -358.585938
-145 -368.535156
-146 -370.718750
-147 -376.113281
-148 -372.984375
-149 -382.632812
-150 -381.746094
-151 -392.402344
-152 -388.996094
-153 -403.933594
-154 -394.921875
-155 -406.082031
-156 -405.117188
-157 -412.406250
-158 -409.613281
-159 -416.324219
-160 -417.144531
-161 -426.589844
-162 -427.441406
-163 -430.093750
-164 -433.273438
-165 -438.546875
-166 -438.269531
-167 -451.101562
-168 -449.011719
-169 -458.851562
-170 -452.773438
-171 -465.179688
-172 -456.859375
-173 -469.140625
-174 -464.917969
-175 -473.539062
-176 -471.011719
-177 -485.792969
-178 -473.550781
-179 -492.093750
-180 -495.230469
-181 -502.746094
-182 -497.988281
-183 -509.417969
-184 -505.757812
-185 -513.910156
-186 -508.031250
-187 -516.054688
-188 -512.984375
-189 -518.933594
-190 -519.476562
-191 -521.601562
-192 -522.023438
-193 -535.324219
-194 -528.300781
-195 -536.562500
-196 -535.535156
-197 -540.339844
-198 -539.410156
-199 -545.109375
-200 -546.234375
-201 -561.175781
-202 -557.210938
-203 -563.234375
-204 -566.746094
-205 -571.945312
-206 -570.718750
-207 -575.476562
-208 -575.730469
-209 -583.675781
-210 -587.757812
-211 -591.304688
-212 -592.773438
-213 -604.027344
-214 -599.644531
-215 -605.015625
-216 -600.773438
-217 -606.480469
-218 -606.589844
-219 -615.789062
-220 -610.644531
-221 -626.015625
-222 -627.144531
-223 -632.691406
-224 -634.554688
-225 -642.308594
-226 -639.746094
-227 -643.277344
-228 -642.949219
-229 -648.703125
-230 -648.941406
-231 -653.859375
-232 -650.664062
-233 -658.671875
-234 -653.390625
-235 -665.003906
-236 -662.792969
-237 -667.250000
-238 -665.144531
-239 -671.644531
-240 -668.167969
-241 -673.660156
-242 -672.828125
-243 -675.414062
-244 -677.253906
-245 -682.492188
-246 -681.613281
-247 -688.953125
-248 -685.867188
-249 -691.628906
-250 -690.953125
-251 -699.222656
-252 -695.964844
-253 -701.003906
-254 -698.484375
-255 -706.792969
-256 -702.542969
-257 -711.515625
-258 -705.285156
-259 -712.843750
-260 -709.855469
-261 -723.191406
-262 -716.679688
-263 -731.128906
-264 -727.164062
-265 -732.210938
-266 -730.300781
-267 -733.875000
-268 -737.082031
-269 -740.082031
-270 -741.070312
-271 -742.894531
-272 -747.937500
-273 -749.839844
-274 -747.492188
-275 -753.222656
-276 -752.164062
-277 -755.144531
-278 -754.027344
-279 -760.507812
-280 -762.031250
-281 -768.183594
-282 -766.656250
-283 -769.687500
-284 -772.273438
-285 -772.742188
-286 -773.765625
-287 -785.992188
-288 -782.933594
-289 -795.152344
-290 -794.394531
-291 -801.085938
-292 -800.828125
-293 -802.507812
-294 -806.605469
-295 -809.777344
-296 -807.140625
-297 -810.941406
-298 -808.964844
-299 -813.562500
-300 -812.769531
-301 -816.859375
-302 -819.960938
-303 -823.082031
-304 -822.101562
-305 -829.175781
-306 -833.097656
-307 -839.121094
-308 -837.664062
-309 -842.496094
-310 -842.027344
-311 -844.703125
-312 -842.730469
-313 -848.152344
-314 -846.816406
-315 -849.960938
-316 -846.800781
-317 -852.761719
-318 -860.628906
-319 -853.085938
-320 -863.605469
-321 -868.113281
-322 -875.539062
-323 -876.730469
-324 -880.085938
-325 -884.933594
-326 -883.937500
-327 -885.398438
-328 -889.320312
-329 -895.949219
-330 -897.703125
-331 -909.136719
-332 -899.496094
-333 -912.792969
-334 -904.992188
-335 -916.152344
-336 -915.121094
-337 -925.199219
-338 -923.757812
-339 -932.312500
-340 -926.113281
-341 -935.007812
-342 -941.300781
-343 -944.503906
-344 -950.613281
-345 -950.710938
-346 -951.863281
-347 -956.667969
-348 -962.097656
-349 -967.386719
-350 -971.718750
-351 -971.363281
-352 -972.085938
-353 -977.800781
-354 -979.761719
-355 -987.613281
-356 -983.480469
-357 -995.226562
-358 -995.421875
-359 -996.644531
-360 -1000.347656
-361 -999.039062
-362 -998.496094
-363 -1002.027344
-364 -1005.304688
-365 -1006.792969
-366 -1006.113281
-367 -1006.871094
-368 -1011.468750
-369 -1011.808594
-370 -1022.222656
-371 -1023.222656
-372 -1026.160156
-373 -1025.363281
-374 -1028.054688
-375 -1029.546875
-376 -1030.562500
-377 -1031.664062
-378 -1035.777344
-379 -1043.554688
-380 -1039.515625
-381 -1045.792969
-382 -1043.277344
-383 -1046.820312
-384 -1046.390625
-385 -1048.582031
-386 -1053.343750
-387 -1053.210938
-388 -1062.851562
-389 -1061.437500
-390 -1067.785156
-391 -1068.660156
-392 -1068.753906
-393 -1072.601562
-394 -1073.167969
-395 -1076.550781
-396 -1077.140625
-397 -1092.128906
-398 -1087.976562
-399 -1096.972656
-400 -1094.027344
-401 -1097.718750
-402 -1099.835938
-403 -1102.566406
-404 -1107.820312
-405 -1109.519531
-406 -1110.398438
-407 -1112.789062
-408 -1117.085938
-409 -1118.363281
-410 -1118.351562
-411 -1118.785156
-412 -1121.476562
-413 -1120.562500
-414 -1122.183594
-415 -1124.503906
-416 -1127.687500
-417 -1129.769531
-418 -1136.468750
-419 -1135.562500
-420 -1140.535156
-421 -1141.402344
-422 -1141.792969
-423 -1145.425781
-424 -1146.808594
-425 -1148.585938
-426 -1150.593750
-427 -1153.429688
-428 -1152.554688
-429 -1156.609375
-430 -1158.191406
-431 -1163.957031
-432 -1164.859375
-433 -1166.906250
-434 -1168.308594
-435 -1169.117188
-436 -1170.539062
-437 -1172.976562
-438 -1174.582031
-439 -1174.046875
-440 -1176.992188
-441 -1176.539062
-442 -1187.750000
-443 -1189.031250
-444 -1186.406250
-445 -1192.152344
-446 -1196.300781
-447 -1199.316406
-448 -1200.535156
-449 -1202.339844
-450 -1204.292969
-451 -1204.230469
-452 -1212.792969
-453 -1207.265625
-454 -1217.628906
-455 -1211.343750
-456 -1220.152344
-457 -1222.699219
-458 -1225.828125
-459 -1226.109375
-460 -1232.710938
-461 -1227.265625
-462 -1233.945312
-463 -1237.683594
-464 -1240.933594
-465 -1242.714844
-466 -1243.000000
-467 -1248.175781
-468 -1247.453125
-469 -1254.847656
-470 -1253.593750
-471 -1256.312500
-472 -1257.816406
-473 -1260.449219
-474 -1258.585938
-475 -1262.066406
-476 -1265.328125
-477 -1268.144531
-478 -1269.289062
-479 -1270.957031
-480 -1268.808594
-481 -1273.597656
-482 -1273.328125
-483 -1278.996094
-484 -1277.812500
-485 -1284.292969
-486 -1280.484375
-487 -1288.300781
-488 -1284.804688
-489 -1291.230469
-490 -1296.054688
-491 -1298.398438
-492 -1301.312500
-493 -1303.562500
-494 -1303.039062
-495 -1305.390625
-496 -1308.226562
-497 -1311.757812
-498 -1313.558594
-499 -1316.378906
-500 -1319.007812
-501 -1317.722656
-502 -1323.441406
-503 -1321.523438
-504 -1328.902344
-505 -1326.683594
-506 -1333.285156
-507 -1334.148438
-508 -1337.765625
-509 -1337.167969
-510 -1340.316406
-511 -1344.929688
-512 -1343.843750
-513 -1349.730469
-514 -1353.617188
-515 -1354.281250
-516 -1353.570312
-517 -1356.535156
-518 -1360.925781
-519 -1363.355469
-520 -1366.945312
-521 -1367.257812
-522 -1368.246094
-523 -1373.132812
-524 -1372.417969
-525 -1374.378906
-526 -1375.105469
-527 -1379.574219
-528 -1384.921875
-529 -1382.886719
-530 -1386.058594
-531 -1386.683594
-532 -1391.554688
-533 -1393.039062
-534 -1390.792969
-535 -1393.437500
-536 -1394.738281
-537 -1401.925781
-538 -1396.886719
-539 -1401.343750
-540 -1400.765625
-541 -1407.558594
-542 -1411.519531
-543 -1407.792969
-544 -1411.414062
-545 -1408.734375
-546 -1413.687500
-547 -1414.750000
-548 -1416.957031
-549 -1418.039062
-550 -1420.851562
-551 -1418.656250
-552 -1431.402344
-553 -1423.937500
-554 -1433.007812
-555 -1433.351562
-556 -1436.820312
-557 -1436.449219
-558 -1443.312500
-559 -1440.027344
-560 -1447.035156
-561 -1443.886719
-562 -1448.949219
-563 -1449.996094
-564 -1454.722656
-565 -1453.675781
-566 -1456.859375
-567 -1455.359375
-568 -1459.277344
-569 -1459.050781
-570 -1464.878906
-571 -1468.492188
-572 -1466.503906
-573 -1472.496094
-574 -1470.921875
-575 -1474.101562
-576 -1472.152344
-577 -1474.417969
-578 -1481.828125
-579 -1484.179688
-580 -1483.531250
-581 -1486.289062
-582 -1486.210938
-583 -1489.933594
-584 -1491.929688
-585 -1494.164062
-586 -1495.972656
-587 -1500.062500
-588 -1499.843750
-589 -1501.296875
-590 -1501.902344
-591 -1504.539062
-592 -1509.183594
-593 -1512.476562
-594 -1514.007812
-595 -1515.750000
-596 -1520.246094
-597 -1520.667969
-598 -1524.988281
-599 -1526.039062
-600 -1531.031250
-601 -1539.914062
-602 -1531.937500
-603 -1543.472656
-604 -1544.597656
-605 -1552.402344
-606 -1551.171875
-607 -1555.613281
-608 -1550.664062
-609 -1555.210938
-610 -1558.792969
-611 -1565.886719
-612 -1565.457031
-613 -1575.835938
-614 -1570.472656
-615 -1583.250000
-616 -1577.601562
-617 -1584.621094
-618 -1583.128906
-619 -1590.433594
-620 -1590.242188
-621 -1595.218750
-622 -1591.406250
-623 -1600.148438
-624 -1599.238281
-625 -1599.527344
-626 -1601.578125
-627 -1602.347656
-628 -1610.160156
-629 -1609.773438
-630 -1616.820312
-631 -1616.656250
-632 -1617.136719
-633 -1620.445312
-634 -1624.042969
-635 -1620.828125
-636 -1629.015625
-637 -1624.953125
-638 -1631.109375
-639 -1633.285156
-640 -1631.402344
-641 -1636.773438
-642 -1645.160156
-643 -1642.437500
-644 -1646.527344
-645 -1650.988281
-646 -1651.902344
-647 -1650.929688
-648 -1652.660156
-649 -1656.437500
-650 -1667.289062
-651 -1657.050781
-652 -1669.820312
-653 -1673.535156
-654 -1673.125000
-655 -1675.410156
-656 -1679.136719
-657 -1684.574219
-658 -1691.113281
-659 -1687.945312
-660 -1692.117188
-661 -1692.667969
-662 -1705.035156
-663 -1697.910156
-664 -1707.914062
-665 -1710.257812
-666 -1710.714844
-667 -1717.886719
-668 -1714.039062
-669 -1716.621094
-670 -1716.144531
-671 -1723.230469
-672 -1720.222656
-673 -1726.355469
-674 -1724.828125
-675 -1731.328125
-676 -1731.183594
-677 -1740.882812
-678 -1741.781250
-679 -1747.179688
-680 -1746.765625
-681 -1751.003906
-682 -1746.085938
-683 -1753.460938
-684 -1753.984375
-685 -1755.851562
-686 -1760.046875
-687 -1763.660156
-688 -1768.222656
-689 -1770.980469
-690 -1774.371094
-691 -1779.097656
-692 -1783.703125
-693 -1787.156250
-694 -1795.925781
-695 -1788.472656
-696 -1795.488281
-697 -1795.027344
-698 -1797.421875
-699 -1804.074219
