0 0.000000
-1 -73.750000
-2 -64.718750
-3 -86.000000
-4 -116.718750
-5 -128.093750
-6 -72.781250
-7 -94.437500
-8 -116.937500
-9 -135.593750
-10 -120.312500
-11 -176.031250
-12 -112.031250
-13 -117.656250
-14 -147.687500
-15 -170.218750
-16 -177.875000
-17 -183.687500
-18 -188.531250
-19 -199.343750
-20 -211.750000
-21 -259.343750
-22 -234.843750
-23 -282.656250
-24 -276.718750
-25 -284.906250
-26 -286.093750
-27 -305.750000
-28 -318.531250
-29 -352.843750
-30 -336.031250
-31 -354.906250
-32 -352.031250
-33 -384.656250
-34 -377.031250
-35 -406.031250
-36 -386.093750
-37 -457.031250
-38 -445.156250
-39 -485.031250
-40 -479.937500
-41 -495.437500
-42 -457.781250
-43 -491.656250
-44 -483.156250
-45 -553.500000
-46 -523.593750
-47 -607.156250
-48 -574.062500
-49 -603.281250
-50 -598.656250
-51 -651.531250
-52 -615.281250
-53 -687.531250
-54 -678.437500
-55 -690.031250
-56 -688.187500
-57 -699.062500
-58 -700.062500
-59 -748.750000
-60 -715.343750
-61 -767.187500
-62 -716.843750
-63 -784.343750
-64 -770.093750
-65 -800.968750
-66 -759.687500
-67 -802.437500
-68 -786.125000
-69 -829.625000
-70 -811.125000
-71 -851.718750
-72 -854.968750
-73 -864.937500
-74 -904.687500
-75 -911.312500
-76 -908.218750
-77 -927.218750
-78 -908.343750
-79 -942.718750
-80 -924.437500
-81 -967.406250
-82 -932.812500
-83 -970.187500
-84 -953.687500
-85 -979.812500
-86 -973.250000
-87 -980.187500
-88 -978.531250
-89 -981.656250
-90 -995.156250
-91 -1018.468750
-92 -1014.968750
-93 -1018.625000
-94 -1048.687500
-95 -1058.468750
-96 -1061.562500
-97 -1078.937500
-98 -1060.218750
-99 -1086.656250
-100 -1076.906250
-101 -1136.375000
-102 -1142.281250
-103 -1169.531250
-104 -1151.156250
-105 -1181.812500
-106 -1176.937500
-107 -1216.031250
-108 -1188.437500
-109 -1209.750000
-110 -1234.281250
-111 -1239.281250
-112 -1275.906250
-113 -1303.093750
-114 -1290.687500
-115 -1371.843750
-116 -1340.281250
-117 -1378.375000
-118 -1393.687500
-119 -1410.562500
-120 -1383.531250
-121 -1465.125000
-122 -1418.718750
-123 -1511.843750
-124 -1508.468750
-125 -1542.687500
-126 -1542.656250
-127 -1625.937500
-128 -1581.406250
-129 -1718.531250
-130 -1697.406250
-131 -1767.125000
-132 -1765.062500
-133 -1787.312500
-134 -1785.593750
-135 -1850.281250
-136 -1823.468750
-137 -1875.750000
-138 -1870.062500
-139 -1896.906250
-140 -1875.843750
-141 -1893.468750
-142 -1904.187500
-143 -1899.343750
-144 -1902.875000
-145 -1912.875000
-146 -1910.437500
-147 -1916.093750
-148 -1916.843750
-149 -1954.312500
-150 -1944.312500
-151 -1957.343750
-152 -1944.687500
-153 -1975.000000
-154 -1971.437500
-155 -1999.000000
-156 -1986.031250
-157 -2000.687500
-158 -2004.218750
-159 -2036.687500
-160 -2014.906250
-161 -2047.156250
-162 -2042.312500
-163 -2045.718750
-164 -2053.843750
-165 -2074.375000
-166 -2065.781250
-167 -2076.187500
-168 -2085.187500
-169 -2118.218750
-170 -2087.218750
-171 -2134.218750
-172 -2119.343750
-173 -2144.312500
-174 -2135.562500
-175 -2152.281250
-176 -2159.500000
-177 -2196.125000
-178 -2167.125000
-179 -2185.343750
-180 -2170.718750
-181 -2226.906250
-182 -2221.343750
-183 -2246.593750
-184 -2264.156250
-185 -2338.593750
-186 -2298.906250
-187 -2362.937500
-188 -2338.531250
-189 -2359.218750
-190 -2359.812500
-191 -2396.250000
-192 -2379.625000
-193 -2395.781250
-194 -2373.468750
-195 -2407.062500
-196 -2405.750000
-197 -2421.531250
-198 -2418.500000
-199 -2467.718750
-200 -2470.500000
-201 -2512.312500
-202 -2521.531250
-203 -2528.468750
-204 -2556.062500
-205 -2582.812500
-206 -2562.468750
-207 -2597.781250
-208 -2608.000000
-209 -2607.312500
-210 -2609.687500
-211 -2611.343750
-212 -2631.531250
-213 -2653.500000
-214 -2634.656250
-215 -2656.250000
-216 -2651.125000
-217 -2710.906250
-218 -2684.312500
-219 -2717.312500
-220 -2712.656250
-221 -2745.093750
-222 -2730.968750
-223 -2796.187500
-224 -2750.125000
-225 -2799.718750
-226 -2788.375000
-227 -2818.437500
-228 -2804.687500
-229 -2821.218750
-230 -2840.062500
-231 -2854.468750
-232 -2885.718750
-233 -2887.375000
-234 -2888.625000
-235 -2946.843750
-236 -2955.375000
-237 -2990.281250
-238 -2961.312500
-239 -3011.031250
-240 -2975.218750
-241 -3034.062500
-242 -3010.593750
-243 -3047.500000
-244 -3029.875000
-245 -3080.687500
-246 -3053.218750
-247 -3109.531250
-248 -3118.437500
-249 -3122.750000
-250 -3129.375000
-251 -3137.375000
-252 -3130.093750
-253 -3148.500000
-254 -3135.781250
-255 -3149.187500
-256 -3146.406250
-257 -3206.125000
-258 -3194.031250
-259 -3231.687500
-260 -3199.531250
-261 -3221.000000
-262 -3244.562500
-263 -3256.156250
-264 -3258.031250
-265 -3271.875000
-266 -3253.593750
-267 -3278.281250
-268 -3261.468750
-269 -3281.125000
-270 -3272.281250
-271 -3290.000000
-272 -3296.468750
-273 -3297.125000
-274 -3313.062500
-275 -3359.187500
-276 -3303.781250
-277 -3354.312500
-278 -3339.593750
-279 -3384.437500
-280 -3382.750000
-281 -3388.812500
-282 -3368.531250
-283 -3422.718750
-284 -3407.062500
-285 -3433.968750
-286 -3441.656250
-287 -3462.968750
-288 -3557.343750
-289 -3568.281250
-290 -3574.437500
-291 -3573.031250
-292 -3585.750000
-293 -3593.968750
-294 -3599.718750
-295 -3599.187500
-296 -3624.468750
-297 -3653.343750
-298 -3644.531250
-299 -3657.593750
-300 -3657.125000
-301 -3685.406250
-302 -3702.781250
-303 -3707.968750
-304 -3718.875000
-305 -3730.093750
-306 -3723.656250
-307 -3735.187500
-308 -3732.031250
-309 -3771.406250
-310 -3734.750000
-311 -3784.281250
-312 -3777.312500
-313 -3822.187500
-314 -3799.281250
-315 -3825.125000
-316 -3803.343750
-317 -3829.437500
-318 -3828.375000
-319 -3839.031250
-320 -3868.437500
-321 -3872.656250
-322 -3882.812500
-323 -3925.250000
-324 -3955.375000
-325 -3981.468750
-326 -4037.062500
-327 -4014.781250
-328 -4068.562500
-329 -4065.000000
-330 -4083.031250
-331 -4089.562500
-332 -4083.906250
-333 -4091.125000
-334 -4099.343750
-335 -4126.875000
-336 -4134.187500
-337 -4134.781250
-338 -4146.750000
-339 -4146.781250
-340 -4145.781250
-341 -4145.343750
-342 -4158.218750
-343 -4166.750000
-344 -4165.937500
-345 -4164.031250
-346 -4169.031250
-347 -4171.218750
-348 -4177.656250
-349 -4186.562500
-350 -4186.281250
-351 -4197.687500
-352 -4212.312500
-353 -4212.937500
-354 -4219.937500
-355 -4209.906250
-356 -4224.031250
-357 -4216.687500
-358 -4249.375000
-359 -4236.593750
-360 -4251.781250
-361 -4269.593750
-362 -4257.125000
-363 -4271.125000
-364 -4282.875000
-365 -4275.625000
-366 -4288.312500
-367 -4290.687500
-368 -4292.593750
-369 -4312.406250
-370 -4301.625000
-371 -4316.218750
-372 -4309.062500
-373 -4336.937500
-374 -4330.562500
-375 -4338.531250
-376 -4342.187500
-377 -4344.531250
-378 -4341.718750
-379 -4357.906250
-380 -4348.187500
-381 -4358.687500
-382 -4347.906250
-383 -4361.687500
-384 -4356.218750
-385 -4367.343750
-386 -4394.843750
-387 -4425.156250
-388 -4419.156250
-389 -4432.406250
-390 -4441.875000
-391 -4435.000000
-392 -4452.093750
-393 -4452.093750
-394 -4462.218750
-395 -4454.937500
-396 -4465.625000
-397 -4487.937500
-398 -4474.781250
-399 -4495.093750
-400 -4486.312500
-401 -4502.375000
-402 -4502.687500
-403 -4522.031250
-404 -4528.093750
-405 -4536.562500
-406 -4535.062500
-407 -4540.187500
-408 -4545.906250
-409 -4560.406250
-410 -4575.656250
-411 -4570.906250
-412 -4605.250000
-413 -4629.187500
-414 -4605.281250
-415 -4635.937500
-416 -4649.406250
-417 -4641.687500
-418 -4653.062500
-419 -4649.250000
-420 -4657.812500
-421 -4660.968750
-422 -4659.937500
-423 -4665.906250
-424 -4664.781250
-425 -4673.562500
-426 -4667.593750
-427 -4671.312500
-428 -4669.156250
-429 -4688.781250
-430 -4677.687500
-431 -4712.093750
-432 -4696.718750
-433 -4707.656250
-434 -4721.906250
-435 -4717.281250
-436 -4722.218750
-437 -4722.156250
-438 -4731.031250
-439 -4727.218750
-440 -4747.218750
-441 -4755.625000
-442 -4770.500000
-443 -4776.093750
-444 -4775.062500
-445 -4773.093750
-446 -4772.000000
-447 -4776.937500
-448 -4783.468750
-449 -4780.000000
-450 -4794.187500
-451 -4780.031250
-452 -4798.781250
-453 -4797.093750
-454 -4833.562500
-455 -4832.906250
-456 -4845.718750
-457 -4834.250000
-458 -4867.312500
-459 -4863.031250
-460 -4861.062500
-461 -4918.625000
-462 -4900.812500
-463 -4918.843750
-464 -4926.468750
-465 -4946.437500
-466 -4956.218750
-467 -4962.187500
-468 -4963.031250
-469 -4967.812500
-470 -4963.625000
-471 -4972.281250
-472 -4981.406250
-473 -4980.218750
-474 -4992.656250
-475 -5005.031250
-476 -5006.000000
-477 -5010.156250
-478 -5011.125000
-479 -5016.656250
-480 -5014.406250
-481 -5018.687500
-482 -5024.156250
-483 -5023.312500
-484 -5027.406250
-485 -5057.906250
-486 -5061.062500
-487 -5057.093750
-488 -5058.125000
-489 -5084.875000
-490 -5070.906250
-491 -5085.312500
-492 -5091.531250
-493 -5095.093750
-494 -5127.000000
-495 -5119.281250
-496 -5148.937500
-497 -5144.343750
-498 -5181.468750
-499 -5218.812500
-500 -5212.031250
-501 -5222.781250
-502 -5231.000000
-503 -5229.187500
-504 -5235.312500
-505 -5224.062500
-506 -5235.843750
-507 -5236.750000
-508 -5241.500000
-509 -5282.937500
-510 -5288.531250
-511 -5287.000000
-512 -5275.250000
-513 -5290.187500
-514 -5299.531250
-515 -5319.937500
-516 -5342.656250
-517 -5340.468750
-518 -5348.250000
-519 -5342.875000
-520 -5356.968750
-521 -5356.125000
-522 -5357.343750
-523 -5355.906250
-524 -5358.625000
-525 -5362.125000
-526 -5359.281250
-527 -5367.718750
-528 -5361.531250
-529 -5371.843750
-530 -5361.500000
-531 -5394.750000
-532 -5405.187500
-533 -5429.906250
-534 -5403.593750
-535 -5444.687500
-536 -5449.968750
-537 -5457.406250
-538 -5467.531250
-539 -5468.187500
-540 -5469.656250
-541 -5483.312500
-542 -5477.812500
-543 -5492.500000
-544 -5498.437500
-545 -5501.281250
-546 -5511.562500
-547 -5528.343750
-548 -5536.375000
-549 -5550.687500
-550 -5557.156250
-551 -5563.156250
-552 -5580.875000
-553 -5585.218750
-554 -5595.468750
-555 -5596.218750
-556 -5614.968750
-557 -5616.968750
-558 -5612.500000
-559 -5642.781250
-560 -5626.656250
-561 -5645.562500
-562 -5662.843750
-563 -5651.031250
-564 -5668.375000
-565 -5660.718750
-566 -5728.843750
-567 -5667.468750
-568 -5711.125000
-569 -5725.937500
-570 -5732.218750
-571 -5748.968750
-572 -5741.281250
-573 -5748.187500
-574 -5762.156250
-575 -5765.250000
-576 -5747.812500
-577 -5780.531250
-578 -5771.343750
-579 -5787.093750
-580 -5781.187500
-581 -5812.156250
-582 -5798.968750
-583 -5822.250000
-584 -5815.843750
-585 -5823.531250
-586 -5826.218750
-587 -5856.000000
-588 -5866.593750
-589 -5876.687500
-590 -5878.437500
-591 -5886.718750
-592 -5894.156250
-593 -5901.812500
-594 -5926.781250
-595 -5947.156250
-596 -5956.062500
-597 -5946.062500
-598 -5962.937500
-599 -5948.000000
-600 -5981.156250
-601 -5974.781250
-602 -5983.875000
-603 -5984.343750
-604 -6003.281250
-605 -6001.500000
-606 -6018.218750
-607 -6008.906250
-608 -6022.125000
-609 -6014.218750
-610 -6034.343750
-611 -6027.937500
-612 -6052.843750
-613 -6038.500000
-614 -6044.406250
-615 -6061.031250
-616 -6062.656250
-617 -6072.593750
-618 -6103.718750
-619 -6097.531250
-620 -6138.000000
-621 -6121.218750
-622 -6140.812500
-623 -6138.437500
-624 -6149.750000
-625 -6150.718750
-626 -6150.406250
-627 -6167.218750
-628 -6169.468750
-629 -6170.687500
-630 -6177.781250
-631 -6177.468750
-632 -6181.375000
-633 -6183.250000
-634 -6190.656250
-635 -6194.906250
-636 -6181.187500
-637 -6189.593750
-638 -6243.562500
-639 -6211.625000
-640 -6241.875000
-641 -6239.156250
-642 -6249.250000
-643 -6248.656250
-644 -6257.062500
-645 -6256.343750
-646 -6249.968750
-647 -6265.375000
-648 -6265.031250
-649 -6285.531250
-650 -6269.875000
-651 -6304.593750
-652 -6328.000000
-653 -6333.562500
-654 -6353.125000
-655 -6334.218750
-656 -6358.437500
-657 -6399.718750
-658 -6404.062500
-659 -6410.125000
-660 -6396.937500
-661 -6425.875000
-662 -6415.437500
-663 -6423.468750
-664 -6427.062500
-665 -6435.000000
-666 -6432.343750
-667 -6464.812500
-668 -6453.531250
-669 -6468.906250
-670 -6469.312500
-671 -6472.750000
-672 -6494.250000
-673 -6493.468750
-674 -6508.031250
-675 -6508.375000
-676 -6507.968750
-677 -6527.406250
-678 -6528.500000
-679 -6555.750000
-680 -6575.812500
-681 -6565.687500
-682 -6578.937500
-683 -6583.937500
-684 -6600.312500
-685 -6604.406250
-686 -6606.656250
-687 -6638.968750
-688 -6620.406250
-689 -6630.156250
-690 -6642.812500
-691 -6651.375000
-692 -6640.625000
-693 -6647.625000
-694 -6654.500000
-695 -6661.093750
-696 -6715.000000
-697 -6677.312500
-698 -6718.250000
-699 -6722.250000
