0 0.000000
-1 -3.486816
-2 -2.409790
-3 -7.038086
-4 -5.458252
-5 -9.207642
-6 -5.187256
-7 -9.229004
-8 -8.704590
-9 -12.479004
-10 -10.611206
-11 -14.978394
-12 -11.938599
-13 -16.241821
-14 -15.129883
-15 -18.535767
-16 -17.538208
-17 -21.009277
-18 -18.263184
-19 -22.193848
-20 -22.594849
-21 -26.227295
-22 -24.720947
-23 -27.531250
-24 -26.042114
-25 -29.385132
-26 -28.929199
-27 -32.380005
-28 -30.850830
-29 -34.255737
-30 -32.343994
-31 -36.195435
-32 -35.541626
-33 -39.102539
-34 -37.734375
-35 -41.335205
-36 -39.486694
-37 -42.963745
-38 -42.853027
-39 -46.151367
-40 -44.485840
-41 -48.281616
-42 -46.837646
-43 -50.501953
-44 -49.958862
-45 -53.980591
-46 -52.146973
-47 -56.314697
-48 -54.708374
-49 -58.298462
-50 -57.317749
-51 -60.958374
-52 -59.752441
-53 -63.944702
-54 -61.479736
-55 -65.544556
-56 -64.641968
-57 -67.994873
-58 -67.114502
-59 -70.536743
-60 -69.210571
-61 -72.905273
-62 -72.290894
-63 -76.062012
-64 -74.831177
-65 -78.476685
-66 -76.595459
-67 -80.679932
-68 -79.829712
-69 -85.076416
-70 -83.074829
-71 -86.958618
-72 -85.594604
-73 -89.869507
-74 -88.527222
-75 -92.802368
-76 -91.073608
-77 -95.602905
-78 -94.033325
-79 -98.036743
-80 -97.298462
-81 -101.538818
-82 -99.407471
-83 -104.218750
-84 -101.561279
-85 -105.858032
-86 -105.132202
-87 -109.111694
-88 -108.028076
-89 -111.980835
-90 -110.933838
-91 -114.903687
-92 -114.046509
-93 -117.868408
-94 -116.405151
-95 -120.553955
-96 -119.044556
-97 -122.921631
-98 -122.109985
-99 -126.451416
-100 -124.786621
-101 -129.185669
-102 -127.423218
-103 -131.405518
-104 -130.951416
-105 -134.602417
-106 -133.875244
-107 -137.545044
-108 -136.345215
-109 -140.070679
-110 -139.459473
-111 -143.052734
-112 -141.848389
-113 -145.800537
-114 -144.961304
-115 -148.764893
-116 -147.440308
-117 -152.213745
-118 -150.215454
-119 -155.280273
-120 -153.240723
-121 -157.953613
-122 -157.070190
-123 -161.207886
-124 -159.905151
-125 -163.763306
-126 -162.472412
-127 -166.676514
-128 -165.705688
-129 -169.086670
-130 -168.147217
-131 -171.828735
-132 -171.275269
-133 -174.574097
-134 -174.112549
-135 -177.240356
-136 -176.856934
-137 -180.818726
-138 -179.593262
-139 -183.472534
-140 -182.674072
-141 -186.542603
-142 -185.143677
-143 -189.283447
-144 -187.956177
-145 -192.726929
-146 -191.770264
-147 -196.262329
-148 -195.120239
-149 -198.818115
-150 -198.154785
-151 -201.536499
-152 -201.013916
-153 -204.873047
-154 -204.124023
-155 -207.738037
-156 -206.728638
-157 -211.244995
-158 -209.691650
-159 -214.409668
-160 -213.411865
-161 -217.305176
-162 -216.684937
-163 -220.572144
-164 -220.428345
-165 -223.596069
-166 -223.381592
-167 -227.027100
-168 -226.319824
-169 -230.708740
-170 -230.046631
-171 -233.774658
-172 -232.909790
-173 -237.021973
-174 -235.754150
-175 -240.039062
-176 -238.851807
-177 -243.226074
-178 -241.899170
-179 -245.785278
-180 -244.495239
-181 -249.445679
-182 -248.223389
-183 -252.701660
-184 -251.303955
-185 -255.816528
-186 -255.024170
-187 -259.510132
-188 -258.013306
-189 -262.132690
-190 -260.893677
-191 -265.351196
-192 -264.174194
-193 -268.207886
-194 -267.333618
-195 -271.310181
-196 -270.829224
-197 -274.790649
-198 -274.059814
-199 -277.811401
-200 -276.939331
-201 -280.670776
-202 -280.568604
-203 -284.040405
-204 -283.971558
-205 -287.313843
-206 -286.555908
-207 -290.446533
-208 -289.660767
-209 -293.603394
-210 -292.698120
-211 -296.760620
-212 -296.216919
-213 -299.887329
-214 -299.188110
-215 -303.411865
-216 -302.763550
-217 -306.407104
-218 -306.053345
-219 -310.196045
-220 -308.353516
-221 -312.900757
-222 -312.085693
-223 -315.923096
-224 -315.121094
-225 -319.023804
-226 -317.982422
-227 -321.997559
-228 -320.869019
-229 -325.086792
-230 -324.617798
-231 -328.514648
-232 -327.451538
-233 -331.095215
-234 -330.419189
-235 -334.467041
-236 -334.276123
-237 -337.445923
-238 -337.036865
-239 -340.677734
-240 -340.120850
-241 -344.058594
-242 -343.338013
-243 -347.279907
-244 -346.427856
-245 -350.331299
-246 -349.394287
-247 -353.615479
-248 -352.279053
-249 -356.448730
-250 -355.764038
-251 -359.455078
-252 -359.209839
-253 -363.214966
-254 -362.553711
-255 -366.506836
-256 -365.787720
-257 -369.255127
-258 -369.118042
-259 -372.701172
-260 -372.180176
-261 -376.036987
-262 -375.266235
-263 -379.200806
-264 -378.321167
-265 -382.390747
-266 -382.190674
-267 -385.625488
-268 -385.082275
-269 -388.853149
-270 -388.109619
-271 -391.701050
-272 -390.410522
-273 -395.044800
-274 -393.982544
-275 -398.467651
-276 -397.722778
-277 -401.729248
-278 -401.015381
-279 -404.378296
-280 -404.251709
-281 -407.214966
-282 -407.114990
-283 -410.372192
-284 -410.638306
-285 -413.258179
-286 -413.806885
-287 -416.795410
-288 -416.431885
-289 -420.011841
-290 -419.820801
-291 -422.190918
-292 -423.155518
-293 -425.835449
-294 -426.199097
-295 -429.413208
-296 -429.281738
-297 -432.180908
-298 -432.027832
-299 -434.815063
-300 -435.329712
-301 -438.718384
-302 -438.829468
-303 -441.676025
-304 -442.017578
-305 -445.335449
-306 -445.422607
-307 -448.160156
-308 -447.992310
-309 -451.689453
-310 -452.270630
-311 -454.051025
-312 -455.874023
-313 -457.683594
-314 -458.821045
-315 -461.183716
-316 -461.627808
-317 -464.689453
-318 -464.462646
-319 -466.802368
-320 -467.525635
-321 -469.619995
-322 -471.144287
-323 -472.785889
-324 -474.300659
-325 -475.463257
-326 -477.385254
-327 -478.181763
-328 -480.613525
-329 -481.340454
-330 -483.893066
-331 -484.801392
-332 -487.093262
-333 -488.198486
-334 -489.326782
-335 -490.614624
-336 -492.400635
-337 -493.494751
-338 -494.204590
-339 -496.680420
-340 -498.212402
-341 -499.443726
-342 -500.655273
-343 -502.124634
-344 -503.600952
-345 -505.517822
-346 -506.107178
-347 -508.830200
-348 -509.441162
-349 -511.181519
-350 -512.747314
-351 -515.029297
-352 -515.223022
-353 -517.457031
-354 -518.323975
-355 -520.286255
-356 -521.215332
-357 -523.390259
-358 -524.913086
-359 -526.634644
-360 -528.169556
-361 -529.241821
-362 -531.345337
-363 -532.326172
-364 -534.363892
-365 -535.699463
-366 -537.265381
-367 -538.844971
-368 -540.774048
-369 -541.942749
-370 -543.612549
-371 -544.515991
-372 -547.456177
-373 -548.317261
-374 -551.371460
-375 -551.465820
-376 -554.485107
-377 -555.391602
-378 -557.297363
-379 -558.438843
-380 -560.268921
-381 -561.777100
-382 -563.422363
-383 -565.378906
-384 -566.617432
-385 -568.286987
-386 -570.104492
-387 -571.345093
-388 -573.038940
-389 -574.968262
-390 -576.172852
-391 -577.890869
-392 -578.347412
-393 -580.400635
-394 -581.406250
-395 -583.421387
-396 -584.438721
-397 -586.308105
-398 -587.769409
-399 -588.818848
-400 -590.874634
-401 -592.462891
-402 -592.886963
-403 -594.953125
-404 -596.142578
-405 -597.590820
-406 -599.773804
-407 -600.271729
-408 -602.104858
-409 -603.250000
-410 -605.211548
-411 -606.832031
-412 -607.993774
-413 -609.470093
-414 -611.520142
-415 -612.384399
-416 -614.194946
-417 -614.881958
-418 -617.542969
-419 -618.377686
-420 -620.349609
-421 -620.784668
-422 -624.073730
-423 -624.770996
-424 -626.509888
-425 -627.921509
-426 -630.015503
-427 -631.394531
-428 -634.009155
-429 -634.622437
-430 -636.064819
-431 -638.175415
-432 -639.831787
-433 -641.600464
-434 -643.010376
-435 -644.735352
-436 -646.498047
-437 -647.625977
-438 -649.561646
-439 -651.144287
-440 -652.112305
-441 -653.877441
-442 -655.032349
-443 -657.552734
-444 -658.815552
-445 -660.093018
-446 -661.588745
-447 -663.393188
-448 -664.947388
-449 -666.620239
-450 -667.059937
-451 -669.137695
-452 -670.921753
-453 -672.297485
-454 -673.139893
-455 -675.362061
-456 -676.253784
-457 -678.458496
-458 -679.479370
-459 -681.859985
-460 -682.911743
-461 -685.589478
-462 -685.251953
-463 -688.275635
-464 -688.635132
-465 -690.554199
-466 -692.035034
-467 -693.692993
-468 -695.046875
-469 -697.506714
-470 -698.490479
-471 -700.693726
-472 -701.505127
-473 -703.133911
-474 -704.290894
-475 -706.323486
-476 -707.786255
-477 -708.475098
-478 -710.562744
-479 -711.180664
-480 -713.208740
-481 -714.918945
-482 -715.968140
-483 -717.691040
-484 -718.764404
-485 -720.756470
-486 -721.583496
-487 -723.938354
-488 -724.938721
-489 -728.149780
-490 -728.600342
-491 -729.694580
-492 -731.413086
-493 -733.450073
-494 -734.084229
-495 -736.346436
-496 -736.513672
-497 -738.808716
-498 -740.973022
-499 -742.172729
-500 -743.606934
-501 -744.812622
-502 -745.879761
-503 -747.949219
-504 -749.035156
-505 -752.033081
-506 -752.063721
-507 -754.352539
-508 -755.030518
-509 -757.693726
-510 -757.591309
-511 -759.513672
-512 -760.833618
-513 -762.625977
-514 -763.936523
-515 -764.997437
-516 -766.861084
-517 -768.713379
-518 -769.881470
-519 -770.916138
-520 -771.391968
-521 -774.753662
-522 -774.919922
-523 -777.261108
-524 -777.749390
-525 -779.147827
-526 -780.496704
-527 -782.160400
-528 -782.296143
-529 -785.779419
-530 -785.590454
-531 -787.924316
-532 -788.708984
-533 -790.457642
-534 -791.369751
-535 -793.818359
-536 -794.839722
-537 -796.139526
-538 -798.012451
-539 -799.477661
-540 -801.455444
-541 -801.596313
-542 -803.789795
-543 -805.456055
-544 -806.541016
-545 -808.252319
-546 -810.106323
-547 -812.161743
-548 -814.139038
-549 -814.990112
-550 -817.177856
-551 -818.090698
-552 -819.338257
-553 -821.252197
-554 -822.806519
-555 -823.792358
-556 -826.833862
-557 -826.940186
-558 -828.799316
-559 -830.328247
-560 -833.027222
-561 -834.108887
-562 -835.633545
-563 -837.304077
-564 -839.455200
-565 -839.038208
-566 -841.654907
-567 -843.722900
-568 -844.987915
-569 -847.286377
-570 -848.174194
-571 -852.019043
-572 -851.966553
-573 -855.154297
-574 -856.511230
-575 -859.026733
-576 -859.500977
-577 -862.163940
-578 -863.094482
-579 -864.793701
-580 -866.558960
-581 -868.556152
-582 -868.938354
-583 -871.968140
-584 -873.538330
-585 -874.126709
-586 -877.161133
-587 -878.494263
-588 -880.294556
-589 -881.277344
-590 -883.544678
-591 -883.773804
-592 -886.409424
-593 -887.945435
-594 -889.382690
-595 -891.224243
-596 -892.990601
-597 -894.424927
-598 -896.024902
-599 -898.188965
-600 -900.497559
-601 -900.951538
-602 -903.202271
-603 -905.029785
-604 -906.859253
-605 -908.682861
-606 -910.483765
-607 -911.388428
-608 -913.074829
-609 -914.653198
-610 -915.584473
-611 -918.262695
-612 -919.174072
-613 -921.488037
-614 -921.888794
-615 -924.929443
-616 -925.727905
-617 -926.895386
-618 -928.380981
-619 -931.297119
-620 -932.777344
-621 -934.770996
-622 -935.219360
-623 -937.704224
-624 -939.496826
-625 -940.156250
-626 -942.628296
-627 -944.650269
-628 -945.518921
-629 -947.784912
-630 -948.615234
-631 -950.968018
-632 -951.371338
-633 -954.689453
-634 -954.822632
-635 -957.847656
-636 -958.556274
-637 -960.873291
-638 -961.602173
-639 -964.754761
-640 -964.972290
-641 -967.920654
-642 -968.599243
-643 -971.048096
-644 -971.679443
-645 -974.491577
-646 -976.648804
-647 -977.439819
-648 -979.585815
-649 -981.473389
-650 -982.279053
-651 -984.275146
-652 -986.680908
-653 -987.883789
-654 -989.892822
-655 -991.864868
-656 -992.275635
-657 -994.724487
-658 -996.622681
-659 -998.069702
-660 -999.439941
-661 -1001.103638
-662 -1002.586060
-663 -1004.467651
-664 -1005.675781
-665 -1007.074097
-666 -1008.155029
-667 -1010.096313
-668 -1011.070801
-669 -1013.988647
-670 -1014.431396
-671 -1017.212280
-672 -1017.493774
-673 -1019.504517
-674 -1020.548218
-675 -1023.773438
-676 -1026.058960
-677 -1026.337158
-678 -1028.128662
-679 -1030.991943
-680 -1031.750244
-681 -1034.896606
-682 -1035.391235
-683 -1036.449951
-684 -1038.437378
-685 -1039.438721
-686 -1041.790771
-687 -1043.732422
-688 -1045.733643
-689 -1046.623657
-690 -1048.085205
-691 -1048.743042
-692 -1050.538330
-693 -1052.974243
-694 -1054.544678
-695 -1056.412109
-696 -1056.775513
-697 -1059.920166
-698 -1060.600464
-699 -1062.317505
