0 0.000000
-1 -5.734375
-2 -3.355469
-3 -9.365234
-4 -6.424805
-5 -11.071289
-6 -5.055664
-7 -10.834961
-8 -12.643555
-9 -16.458984
-10 -14.627930
-11 -19.312500
-12 -14.044922
-13 -20.076172
-14 -21.293945
-15 -25.057617
-16 -22.538086
-17 -26.923828
-18 -21.091797
-19 -27.456055
-20 -26.243164
-21 -30.340820
-22 -28.710938
-23 -33.904297
-24 -29.546875
-25 -34.644531
-26 -32.867188
-27 -39.294922
-28 -35.267578
-29 -41.443359
-30 -39.696289
-31 -43.185547
-32 -41.480469
-33 -45.560547
-34 -43.315430
-35 -50.027344
-36 -46.883789
-37 -51.005859
-38 -49.053711
-39 -53.919922
-40 -50.936523
-41 -54.425781
-42 -51.835938
-43 -56.901367
-44 -57.238281
-45 -61.818359
-46 -58.252930
-47 -63.146484
-48 -62.000000
-49 -66.708984
-50 -64.876953
-51 -71.194336
-52 -68.485352
-53 -71.882812
-54 -69.709961
-55 -74.887695
-56 -73.142578
-57 -79.054688
-58 -77.859375
-59 -81.381836
-60 -80.203125
-61 -87.854492
-62 -82.312500
-63 -92.103516
-64 -88.340820
-65 -96.223633
-66 -93.778320
-67 -97.362305
-68 -97.496094
-69 -103.249023
-70 -101.367188
-71 -105.634766
-72 -104.068359
-73 -109.385742
-74 -108.570312
-75 -111.674805
-76 -112.581055
-77 -116.497070
-78 -114.593750
-79 -118.400391
-80 -118.450195
-81 -121.521484
-82 -122.202148
-83 -126.446289
-84 -125.761719
-85 -129.526367
-86 -127.949219
-87 -131.984375
-88 -131.488281
-89 -137.032227
-90 -135.331055
-91 -138.932617
-92 -139.445312
-93 -142.424805
-94 -141.610352
-95 -145.193359
-96 -143.850586
-97 -147.338867
-98 -147.496094
-99 -150.162109
-100 -149.868164
-101 -156.252930
-102 -155.046875
-103 -158.524414
-104 -158.106445
-105 -161.898438
-106 -162.005859
-107 -167.578125
-108 -165.954102
-109 -170.271484
-110 -168.772461
-111 -173.936523
-112 -172.205078
-113 -174.446289
-114 -174.975586
-115 -180.149414
-116 -180.800781
-117 -187.041016
-118 -184.817383
-119 -190.170898
-120 -189.644531
-121 -193.216797
-122 -192.776367
-123 -195.822266
-124 -195.571289
-125 -199.377930
-126 -198.225586
-127 -201.365234
-128 -200.814453
-129 -205.834961
-130 -204.412109
-131 -208.172852
-132 -206.083008
-133 -211.984375
-134 -210.343750
-135 -213.284180
-136 -212.989258
-137 -216.289062
-138 -216.898438
-139 -220.125977
-140 -220.615234
-141 -222.165039
-142 -223.464844
-143 -225.067383
-144 -226.363281
-145 -228.716797
-146 -227.511719
-147 -233.690430
-148 -233.114258
-149 -236.495117
-150 -236.841797
-151 -239.082031
-152 -239.371094
-153 -242.974609
-154 -241.097656
-155 -247.182617
-156 -243.562500
-157 -247.988281
-158 -247.693359
-159 -253.926758
-160 -250.350586
-161 -256.595703
-162 -253.835938
-163 -259.007812
-164 -256.604492
-165 -261.341797
-166 -260.664062
-167 -263.959961
-168 -263.624023
-169 -267.351562
-170 -267.670898
-171 -271.240234
-172 -269.310547
-173 -275.133789
-174 -272.329102
-175 -278.566406
-176 -277.379883
-177 -282.023438
-178 -280.750000
-179 -285.638672
-180 -282.750000
-181 -288.357422
-182 -287.462891
-183 -292.124023
-184 -293.247070
-185 -295.766602
-186 -295.539062
-187 -299.513672
-188 -298.228516
-189 -303.070312
-190 -302.302734
-191 -306.519531
-192 -305.066406
-193 -309.194336
-194 -308.221680
-195 -312.714844
-196 -311.943359
-197 -314.070312
-198 -313.626953
-199 -323.184570
-200 -317.509766
-201 -324.935547
-202 -322.948242
-203 -327.102539
-204 -327.541016
-205 -330.954102
-206 -331.058594
-207 -334.352539
-208 -333.881836
-209 -337.880859
-210 -336.708008
-211 -342.225586
-212 -342.512695
-213 -346.585938
-214 -345.095703
-215 -350.022461
-216 -347.490234
-217 -354.582031
-218 -350.080078
-219 -358.443359
-220 -355.567383
-221 -362.283203
-222 -359.355469
-223 -366.381836
-224 -363.934570
-225 -368.522461
-226 -369.693359
-227 -375.111328
-228 -373.206055
-229 -378.768555
-230 -377.907227
-231 -383.748047
-232 -382.065430
-233 -386.684570
-234 -385.737305
-235 -390.823242
-236 -389.949219
-237 -395.986328
-238 -394.020508
-239 -398.732422
-240 -396.954102
-241 -407.268555
-242 -401.984375
-243 -413.054688
-244 -407.743164
-245 -416.303711
-246 -413.684570
-247 -418.672852
-248 -419.452148
-249 -425.158203
-250 -423.623047
-251 -427.624023
-252 -427.081055
-253 -429.934570
-254 -428.932617
-255 -434.171875
-256 -432.791992
-257 -435.707031
-258 -435.666992
-259 -441.863281
-260 -439.500977
-261 -448.167969
-262 -442.439453
-263 -451.239258
-264 -451.284180
-265 -455.422852
-266 -456.364258
-267 -458.074219
-268 -459.493164
-269 -460.540039
-270 -463.294922
-271 -463.338867
-272 -465.644531
-273 -467.703125
-274 -468.061523
-275 -473.981445
-276 -473.265625
-277 -475.510742
-278 -475.622070
-279 -478.039062
-280 -479.293945
-281 -479.934570
-282 -484.767578
-283 -483.885742
-284 -488.364258
-285 -487.573242
-286 -490.079102
-287 -491.458984
-288 -494.024414
-289 -494.961914
-290 -497.017578
-291 -499.884766
-292 -499.667969
-293 -503.144531
-294 -504.335938
-295 -505.514648
-296 -507.035156
-297 -506.204102
-298 -510.338867
-299 -511.543945
-300 -516.641602
-301 -513.839844
-302 -519.126953
-303 -517.007812
-304 -521.470703
-305 -521.449219
-306 -527.480469
-307 -526.821289
-308 -529.786133
-309 -533.636719
-310 -533.462891
-311 -536.266602
-312 -536.951172
-313 -539.116211
-314 -541.151367
-315 -543.205078
-316 -542.637695
-317 -546.934570
-318 -546.415039
-319 -549.735352
-320 -550.524414
-321 -553.776367
-322 -553.888672
-323 -555.044922
-324 -557.083008
-325 -560.700195
-326 -561.147461
-327 -564.593750
-328 -561.849609
-329 -565.926758
-330 -564.807617
-331 -569.277344
-332 -568.893555
-333 -572.113281
-334 -571.502930
-335 -574.809570
-336 -576.022461
-337 -577.155273
-338 -578.984375
-339 -579.648438
-340 -581.735352
-341 -580.625977
-342 -583.656250
-343 -583.558594
-344 -588.667969
-345 -588.629883
-346 -591.139648
-347 -591.118164
-348 -594.189453
-349 -595.020508
-350 -595.709961
-351 -597.831055
-352 -602.489258
-353 -602.254883
-354 -607.395508
-355 -606.175781
-356 -609.743164
-357 -608.927734
-358 -613.226562
-359 -612.153320
-360 -616.322266
-361 -615.505859
-362 -619.960938
-363 -616.974609
-364 -621.282227
-365 -621.117188
-366 -625.214844
-367 -625.365234
-368 -629.296875
-369 -627.562500
-370 -631.587891
-371 -634.773438
-372 -635.744141
-373 -636.005859
-374 -638.505859
-375 -638.625000
-376 -639.683594
-377 -640.372070
-378 -643.174805
-379 -643.982422
-380 -644.792969
-381 -646.450195
-382 -649.385742
-383 -648.989258
-384 -651.656250
-385 -650.728516
-386 -654.842773
-387 -655.206055
-388 -661.108398
-389 -658.666992
-390 -662.933594
-391 -664.070312
-392 -666.378906
-393 -663.890625
-394 -668.410156
-395 -667.913086
-396 -671.469727
-397 -671.562500
-398 -676.182617
-399 -676.384766
-400 -678.094727
-401 -677.660156
-402 -680.222656
-403 -679.215820
-404 -682.155273
-405 -681.814453
-406 -686.085938
-407 -684.104492
-408 -689.133789
-409 -687.038086
-410 -692.448242
-411 -693.168945
-412 -696.336914
-413 -698.093750
-414 -702.265625
-415 -702.583984
-416 -704.844727
-417 -705.967773
-418 -707.071289
-419 -708.029297
-420 -711.832031
-421 -710.642578
-422 -713.117188
-423 -715.106445
-424 -717.059570
-425 -718.150391
-426 -720.737305
-427 -722.137695
-428 -722.154297
-429 -725.424805
-430 -729.046875
-431 -726.973633
-432 -730.641602
-433 -731.121094
-434 -734.183594
-435 -736.031250
-436 -736.662109
-437 -740.323242
-438 -739.325195
-439 -743.884766
-440 -742.803711
-441 -747.851562
-442 -745.832031
-443 -748.863281
-444 -751.823242
-445 -753.886719
-446 -754.906250
-447 -757.875000
-448 -757.410156
-449 -759.724609
-450 -762.370117
-451 -761.392578
-452 -764.915039
-453 -766.876953
-454 -768.143555
-455 -769.458984
-456 -772.277344
-457 -770.962891
-458 -774.868164
-459 -773.958008
-460 -776.460938
-461 -778.118164
-462 -779.959961
-463 -782.999023
-464 -782.125000
-465 -785.504883
-466 -785.021484
-467 -787.367188
-468 -789.047852
-469 -790.292969
-470 -789.372070
-471 -792.964844
-472 -794.347656
-473 -796.980469
-474 -796.263672
-475 -799.214844
-476 -799.787109
-477 -803.713867
-478 -803.317383
-479 -807.313477
-480 -810.354492
-481 -811.313477
-482 -811.832031
-483 -814.521484
-484 -814.587891
-485 -819.345703
-486 -819.817383
-487 -822.464844
-488 -822.336914
-489 -825.863281
-490 -827.290039
-491 -830.697266
-492 -830.081055
-493 -834.726562
-494 -834.883789
-495 -838.351562
-496 -839.112305
-497 -842.532227
-498 -841.692383
-499 -844.833984
-500 -845.970703
-501 -850.983398
-502 -853.649414
-503 -854.284180
-504 -852.850586
-505 -856.670898
-506 -858.270508
-507 -860.926758
-508 -862.600586
-509 -862.371094
-510 -866.491211
-511 -867.341797
-512 -870.216797
-513 -871.010742
-514 -873.578125
-515 -874.732422
-516 -875.589844
-517 -877.365234
-518 -880.372070
-519 -877.494141
-520 -881.514648
-521 -883.765625
-522 -884.386719
-523 -886.514648
-524 -887.587891
-525 -890.911133
-526 -894.995117
-527 -896.495117
-528 -899.739258
-529 -900.731445
-530 -901.820312
-531 -902.808594
-532 -905.291016
-533 -906.381836
-534 -906.962891
-535 -907.502930
-536 -913.554688
-537 -913.608398
-538 -915.223633
-539 -916.047852
-540 -919.190430
-541 -921.574219
-542 -923.994141
-543 -924.907227
-544 -928.503906
-545 -928.993164
-546 -931.004883
-547 -932.456055
-548 -936.041992
-549 -937.041992
-550 -936.931641
-551 -940.459961
-552 -941.286133
-553 -942.973633
-554 -943.869141
-555 -944.166016
-556 -944.714844
-557 -945.743164
-558 -948.218750
-559 -949.359375
-560 -953.665039
-561 -950.691406
-562 -958.454102
-563 -958.220703
-564 -962.460938
-565 -961.505859
-566 -965.445312
-567 -962.446289
-568 -967.928711
-569 -969.034180
-570 -968.736328
-571 -971.580078
-572 -972.055664
-573 -974.305664
-574 -976.393555
-575 -977.152344
-576 -979.979492
-577 -980.440430
-578 -980.916016
-579 -982.756836
-580 -984.063477
-581 -988.388672
-582 -987.267578
-583 -992.564453
-584 -993.335938
-585 -994.769531
-586 -996.084961
-587 -999.576172
-588 -999.464844
-589 -1002.623047
-590 -1003.374023
-591 -1007.101562
-592 -1007.984375
-593 -1009.024414
-594 -1010.670898
-595 -1012.208008
-596 -1012.007812
-597 -1013.975586
-598 -1014.606445
-599 -1018.597656
-600 -1019.797852
-601 -1021.161133
-602 -1024.735352
-603 -1026.289062
-604 -1027.268555
-605 -1030.306641
-606 -1031.187500
-607 -1034.506836
-608 -1036.187500
-609 -1040.599609
-610 -1040.878906
-611 -1043.325195
-612 -1044.080078
-613 -1046.923828
-614 -1046.549805
-615 -1048.256836
-616 -1048.407227
-617 -1054.580078
-618 -1050.911133
-619 -1056.943359
-620 -1055.073242
-621 -1060.351562
-622 -1058.031250
-623 -1062.736328
-624 -1062.245117
-625 -1065.274414
-626 -1063.086914
-627 -1068.307617
-628 -1067.701172
-629 -1068.744141
-630 -1071.306641
-631 -1073.352539
-632 -1072.291992
-633 -1078.980469
-634 -1079.637695
-635 -1081.252930
-636 -1081.751953
-637 -1083.335938
-638 -1085.192383
-639 -1088.317383
-640 -1089.750977
-641 -1091.015625
-642 -1094.484375
-643 -1095.705078
-644 -1102.791016
-645 -1100.541016
-646 -1103.819336
-647 -1100.554688
-648 -1105.713867
-649 -1106.505859
-650 -1109.491211
-651 -1110.104492
-652 -1114.112305
-653 -1113.604492
-654 -1116.969727
-655 -1120.200195
-656 -1122.062500
-657 -1124.750000
-658 -1124.153320
-659 -1128.312500
-660 -1126.128906
-661 -1129.937500
-662 -1131.797852
-663 -1133.946289
-664 -1135.730469
-665 -1135.086914
-666 -1139.889648
-667 -1142.139648
-668 -1143.086914
-669 -1148.158203
-670 -1147.250977
-671 -1149.925781
-672 -1152.009766
-673 -1151.728516
-674 -1153.973633
-675 -1155.178711
-676 -1156.320312
-677 -1157.310547
-678 -1161.341797
-679 -1161.893555
-680 -1164.625000
-681 -1163.510742
-682 -1168.761719
-683 -1167.366211
-684 -1173.598633
-685 -1170.721680
-686 -1175.967773
-687 -1173.697266
-688 -1180.326172
-689 -1177.154297
-690 -1183.301758
-691 -1183.704102
-692 -1187.222656
-693 -1188.708008
-694 -1189.587891
-695 -1192.759766
-696 -1196.250000
-697 -1195.897461
-698 -1200.147461
-699 -1201.635742
