0 0.000000
-1 -3.668671
-2 -3.076367
-3 -6.755602
-4 -5.121777
-5 -8.783360
-6 -5.211554
-7 -8.929228
-8 -8.278669
-9 -11.957529
-10 -10.400764
-11 -14.060849
-12 -11.178063
-13 -14.894795
-14 -14.211105
-15 -17.980392
-16 -16.316107
-17 -20.107663
-18 -17.542615
-19 -21.267029
-20 -20.604576
-21 -24.262061
-22 -22.812435
-23 -26.397182
-24 -24.234076
-25 -27.887950
-26 -27.227748
-27 -30.869602
-28 -29.431046
-29 -33.118597
-30 -31.116544
-31 -34.800488
-32 -34.094825
-33 -37.754336
-34 -36.395912
-35 -40.063521
-36 -38.195721
-37 -41.924830
-38 -41.121813
-39 -44.869975
-40 -43.494227
-41 -47.238369
-42 -45.486041
-43 -49.182201
-44 -48.521539
-45 -52.230791
-46 -50.912577
-47 -54.615127
-48 -52.947033
-49 -56.598334
-50 -55.891086
-51 -59.634993
-52 -58.327415
-53 -62.065926
-54 -60.506474
-55 -64.263642
-56 -63.549717
-57 -67.243417
-58 -65.944577
-59 -69.688620
-60 -68.291539
-61 -71.958284
-62 -71.258191
-63 -74.999191
-64 -73.720864
-65 -77.476336
-66 -76.046200
-67 -79.819201
-68 -79.052174
-69 -82.813356
-70 -81.562024
-71 -85.340167
-72 -84.018536
-73 -87.732651
-74 -86.932791
-75 -90.701024
-76 -89.518303
-77 -93.267426
-78 -91.953055
-79 -95.715533
-80 -94.970211
-81 -98.720550
-82 -97.570035
-83 -101.336917
-84 -100.035322
-85 -103.741995
-86 -103.009938
-87 -106.783932
-88 -105.664916
-89 -109.433118
-90 -108.208729
-91 -111.983111
-92 -111.238267
-93 -114.994498
-94 -113.868075
-95 -117.576715
-96 -116.407084
-97 -120.204393
-98 -119.489199
-99 -123.252577
-100 -122.124097
-101 -125.978512
-102 -124.732028
-103 -128.599913
-104 -127.796441
-105 -131.588324
-106 -130.494273
-107 -134.212224
-108 -133.085922
-109 -136.865099
-110 -136.144422
-111 -139.880001
-112 -138.857251
-113 -142.592977
-114 -141.542953
-115 -145.305929
-116 -144.618130
-117 -148.381170
-118 -147.352491
-119 -151.125159
-120 -150.083237
-121 -153.910985
-122 -153.166837
-123 -156.947255
-124 -155.924431
-125 -159.751313
-126 -158.743264
-127 -162.516276
-128 -161.801477
-129 -165.583269
-130 -164.598142
-131 -168.324944
-132 -167.386480
-133 -171.213357
-134 -170.521485
-135 -174.313002
-136 -173.283651
-137 -177.129256
-138 -176.154637
-139 -180.000421
-140 -179.205933
-141 -183.049262
-142 -182.103548
-143 -185.856250
-144 -184.866752
-145 -188.786415
-146 -187.987367
-147 -191.840122
-148 -190.882045
-149 -194.737204
-150 -193.756212
-151 -197.655423
-152 -196.880203
-153 -200.734303
-154 -199.812322
-155 -203.675538
-156 -202.735955
-157 -206.557096
-158 -205.833894
-159 -209.710165
-160 -208.755799
-161 -212.604302
-162 -211.669742
-163 -215.587162
-164 -214.810227
-165 -218.686623
-166 -217.765039
-167 -221.632619
-168 -220.773787
-169 -224.568476
-170 -223.859679
-171 -227.669030
-172 -226.790767
-173 -230.658145
-174 -229.803855
-175 -233.659076
-176 -232.911741
-177 -236.809840
-178 -235.938076
-179 -239.763029
-180 -238.965353
-181 -242.834437
-182 -242.070800
-183 -245.937187
-184 -245.069491
-185 -248.969055
-186 -248.132677
-187 -251.968971
-188 -251.208711
-189 -255.046109
-190 -254.193406
-191 -258.060941
-192 -257.246412
-193 -261.109370
-194 -260.343338
-195 -264.214511
-196 -263.370390
-197 -267.214357
-198 -266.393707
-199 -270.225063
-200 -269.537488
-201 -273.376678
-202 -272.564839
-203 -276.426307
-204 -275.593565
-205 -279.473487
-206 -278.712211
-207 -282.567903
-208 -281.780325
-209 -285.640087
-210 -284.766220
-211 -288.622903
-212 -287.832054
-213 -291.727858
-214 -290.843573
-215 -294.735359
-216 -293.889402
-217 -297.749370
-218 -296.944486
-219 -300.806139
-220 -300.014161
-221 -303.890885
-222 -303.045419
-223 -306.974537
-224 -306.125916
-225 -309.989684
-226 -309.119912
-227 -313.048569
-228 -312.185248
-229 -316.069383
-230 -315.313338
-231 -319.187084
-232 -318.336324
-233 -322.269248
-234 -321.386391
-235 -325.312719
-236 -324.403045
-237 -328.297953
-238 -327.475596
-239 -331.379692
-240 -330.552011
-241 -334.425823
-242 -333.624449
-243 -337.473468
-244 -336.645896
-245 -340.513361
-246 -339.660110
-247 -343.584724
-248 -342.661423
-249 -346.651849
-250 -345.772818
-251 -349.736621
-252 -348.873376
-253 -352.801601
-254 -351.917944
-255 -355.846364
-256 -354.969302
-257 -358.951075
-258 -358.056783
-259 -361.985826
-260 -361.117730
-261 -365.030284
-262 -364.118114
-263 -368.045702
-264 -367.207062
-265 -371.143401
-266 -370.274476
-267 -374.214711
-268 -373.378037
-269 -377.227035
-270 -376.354947
-271 -380.320835
-272 -379.461176
-273 -383.359249
-274 -382.519201
-275 -386.404885
-276 -385.623806
-277 -389.526253
-278 -388.629233
-279 -392.571450
-280 -391.704437
-281 -395.682878
-282 -394.814781
-283 -398.735954
-284 -397.908407
-285 -401.827822
-286 -401.003790
-287 -404.909112
-288 -404.117499
-289 -407.948362
-290 -407.177436
-291 -411.030211
-292 -410.278874
-293 -414.086058
-294 -413.369939
-295 -417.118356
-296 -416.428515
-297 -420.200512
-298 -419.534767
-299 -423.319694
-300 -422.638148
-301 -426.382976
-302 -425.783414
-303 -429.362580
-304 -428.816705
-305 -432.435534
-306 -431.941087
-307 -435.456141
-308 -435.044297
-309 -438.515042
-310 -438.116502
-311 -441.562515
-312 -441.154785
-313 -444.571240
-314 -444.296386
-315 -447.614861
-316 -447.384684
-317 -450.629753
-318 -450.450211
-319 -453.721671
-320 -453.628649
-321 -456.758393
-322 -456.621724
-323 -459.804310
-324 -459.759544
-325 -462.829806
-326 -462.936866
-327 -465.842859
-328 -466.051235
-329 -468.886703
-330 -469.125618
-331 -471.877478
-332 -472.156168
-333 -474.944203
-334 -475.342293
-335 -477.996223
-336 -478.423992
-337 -481.061616
-338 -481.458700
-339 -484.091466
-340 -484.650804
-341 -487.190709
-342 -487.735568
-343 -490.187721
-344 -490.826124
-345 -493.187420
-346 -493.969488
-347 -496.236576
-348 -496.959096
-349 -499.172488
-350 -500.018238
-351 -502.089645
-352 -503.058750
-353 -505.152913
-354 -506.101788
-355 -508.083714
-356 -509.079046
-357 -511.089322
-358 -512.115592
-359 -514.014819
-360 -515.124020
-361 -517.026647
-362 -518.098499
-363 -520.066235
-364 -521.211816
-365 -523.042602
-366 -524.261670
-367 -526.029956
-368 -527.297592
-369 -529.012753
-370 -530.314623
-371 -532.013306
-372 -533.280835
-373 -535.057563
-374 -536.348181
-375 -537.994268
-376 -539.412151
-377 -541.061790
-378 -542.395495
-379 -544.085736
-380 -545.479736
-381 -547.021942
-382 -548.479997
-383 -550.112490
-384 -551.549191
-385 -553.100066
-386 -554.521934
-387 -556.048576
-388 -557.600664
-389 -559.080906
-390 -560.583573
-391 -562.083756
-392 -563.635400
-393 -564.999779
-394 -566.613305
-395 -568.055716
-396 -569.660504
-397 -571.090375
-398 -572.564260
-399 -574.052375
-400 -575.544690
-401 -577.082893
-402 -578.551487
-403 -580.080353
-404 -581.649302
-405 -583.036155
-406 -584.641325
-407 -586.021289
-408 -587.623330
-409 -589.168605
-410 -590.645391
-411 -592.192993
-412 -593.663812
-413 -595.113198
-414 -596.687717
-415 -598.134475
-416 -599.701982
-417 -601.174454
-418 -602.764980
-419 -604.198075
-420 -605.786086
-421 -607.205825
-422 -608.802469
-423 -610.239571
-424 -611.730205
-425 -613.282022
-426 -614.876318
-427 -616.361326
-428 -617.928282
-429 -619.375178
-430 -620.904782
-431 -622.368091
-432 -623.937849
-433 -625.347239
-434 -626.942532
-435 -628.381787
-436 -629.937880
-437 -631.484380
-438 -633.038708
-439 -634.545247
-440 -636.052213
-441 -637.603269
-442 -639.099495
-443 -640.618497
-444 -642.125123
-445 -643.698491
-446 -645.171549
-447 -646.624900
-448 -648.150050
-449 -649.651420
-450 -651.136550
-451 -652.720423
-452 -654.245698
-453 -655.768200
-454 -657.315325
-455 -658.757338
-456 -660.273254
-457 -661.776876
-458 -663.368836
-459 -664.855774
-460 -666.369492
-461 -667.930032
-462 -669.402884
-463 -670.976275
-464 -672.482424
-465 -674.098624
-466 -675.464513
-467 -677.132712
-468 -678.499190
-469 -680.082223
-470 -681.579461
-471 -683.185414
-472 -684.596576
-473 -686.223055
-474 -687.659130
-475 -689.250356
-476 -690.673503
-477 -692.242878
-478 -693.789293
-479 -695.278917
-480 -696.826874
-481 -698.400294
-482 -699.945904
-483 -701.510840
-484 -702.890910
-485 -704.507617
-486 -705.974261
-487 -707.529669
-488 -709.046834
-489 -710.649461
-490 -712.066458
-491 -713.689334
-492 -715.136320
-493 -716.638591
-494 -718.230108
-495 -719.718384
-496 -721.332605
-497 -722.850813
-498 -724.303436
-499 -725.893405
-500 -727.343499
-501 -728.911439
-502 -730.364135
-503 -732.079332
-504 -733.392050
-505 -735.152870
-506 -736.544869
-507 -738.189622
-508 -739.712154
-509 -741.214669
-510 -742.790423
-511 -744.322823
-512 -745.925446
-513 -747.424114
-514 -749.051702
-515 -750.564369
-516 -752.145003
-517 -753.524007
-518 -755.277141
-519 -756.747986
-520 -758.344069
-521 -759.830396
-522 -761.357852
-523 -762.931571
-524 -764.407573
-525 -765.974670
-526 -767.494063
-527 -769.163817
-528 -770.637065
-529 -772.216165
-530 -773.735704
-531 -775.320002
-532 -776.883702
-533 -778.428332
-534 -779.938261
-535 -781.521568
-536 -783.058718
-537 -784.579298
-538 -786.141740
-539 -787.618840
-540 -789.185063
-541 -790.772256
-542 -792.270168
-543 -793.803420
-544 -795.338979
-545 -796.937880
-546 -798.503336
-547 -800.126350
-548 -801.601809
-549 -803.220679
-550 -804.693815
-551 -806.323490
-552 -807.808840
-553 -809.474364
-554 -810.813691
-555 -812.501251
-556 -814.020465
-557 -815.634377
-558 -817.124130
-559 -818.637343
-560 -820.168064
-561 -821.748592
-562 -823.289696
-563 -824.880986
-564 -826.349727
-565 -827.997494
-566 -829.463600
-567 -831.160254
-568 -832.644659
-569 -834.168452
-570 -835.654651
-571 -837.282669
-572 -838.891458
-573 -840.429546
-574 -841.977221
-575 -843.569785
-576 -845.154523
-577 -846.708212
-578 -848.225776
-579 -849.806506
-580 -851.353971
-581 -852.917605
-582 -854.441013
-583 -856.161724
-584 -857.635520
-585 -859.294164
-586 -860.767781
-587 -862.346103
-588 -863.948879
-589 -865.518472
-590 -867.026013
-591 -868.718180
-592 -870.137714
-593 -871.828897
-594 -873.303435
-595 -874.923191
-596 -876.459460
-597 -878.087317
-598 -879.565574
-599 -881.295711
-600 -882.764181
-601 -884.398798
-602 -885.994911
-603 -887.480521
-604 -889.037477
-605 -890.632342
-606 -892.250835
-607 -893.724545
-608 -895.395507
-609 -897.012480
-610 -898.570877
-611 -900.093981
-612 -901.735606
-613 -903.189208
-614 -904.884518
-615 -906.428757
-616 -908.123906
-617 -909.607863
-618 -911.247507
-619 -912.806756
-620 -914.305008
-621 -915.919828
-622 -917.598307
-623 -919.231244
-624 -920.755682
-625 -922.230800
-626 -923.759683
-627 -925.445296
-628 -927.029834
-629 -928.557014
-630 -930.174322
-631 -931.836229
-632 -933.415258
-633 -934.951672
-634 -936.570686
-635 -938.063000
-636 -939.656322
-637 -941.223054
-638 -942.942999
-639 -944.431303
-640 -946.083750
-641 -947.635685
-642 -949.253995
-643 -950.842529
-644 -952.428219
-645 -954.036266
-646 -955.563466
-647 -957.179541
-648 -958.834462
-649 -960.384296
-650 -961.886796
-651 -963.589952
-652 -965.069254
-653 -966.705803
-654 -968.237351
-655 -969.837229
-656 -971.367914
-657 -972.988324
-658 -974.587821
-659 -976.186122
-660 -977.878391
-661 -979.400688
-662 -981.103373
-663 -982.488529
-664 -984.201949
-665 -985.807944
-666 -987.426888
-667 -989.061977
-668 -990.764693
-669 -992.190642
-670 -993.964403
-671 -995.421225
-672 -997.110293
-673 -998.676955
-674 -1000.359487
-675 -1001.882539
-676 -1003.478809
-677 -1005.114710
-678 -1006.752799
-679 -1008.247770
-680 -1009.976048
-681 -1011.593202
-682 -1013.180974
-683 -1014.766336
-684 -1016.429828
-685 -1018.025525
-686 -1019.658398
-687 -1021.172956
-688 -1022.814435
-689 -1024.453397
-690 -1026.022907
-691 -1027.691238
-692 -1029.231347
-693 -1031.097079
-694 -1032.411589
-695 -1034.399748
-696 -1035.684433
-697 -1037.592196
-698 -1038.992043
-699 -1040.898824
