0 0.000000
-1 -237.062500
-2 -212.187500
-3 -369.625000
-4 -362.562500
-5 -487.562500
-6 -251.500000
-7 -412.250000
-8 -441.625000
-9 -542.812500
-10 -551.625000
-11 -596.812500
-12 -565.062500
-13 -644.312500
-14 -529.812500
-15 -704.062500
-16 -564.437500
-17 -710.937500
-18 -651.250000
-19 -708.125000
-20 -748.000000
-21 -815.062500
-22 -775.937500
-23 -836.062500
-24 -799.625000
-25 -862.875000
-26 -911.812500
-27 -943.812500
-28 -925.375000
-29 -989.625000
-30 -933.250000
-31 -951.562500
-32 -950.875000
-33 -990.625000
-34 -984.437500
-35 -995.250000
-36 -953.562500
-37 -992.375000
-38 -1003.750000
-39 -1003.000000
-40 -1001.125000
-41 -1041.250000
-42 -1063.625000
-43 -1103.000000
-44 -1106.062500
-45 -1106.875000
-46 -1075.187500
-47 -1130.562500
-48 -1116.250000
-49 -1135.625000
-50 -1111.375000
-51 -1154.937500
-52 -1123.625000
-53 -1224.000000
-54 -1132.937500
-55 -1217.187500
-56 -1169.562500
-57 -1252.687500
-58 -1238.062500
-59 -1265.562500
-60 -1253.625000
-61 -1265.812500
-62 -1255.062500
-63 -1284.625000
-64 -1261.812500
-65 -1268.375000
-66 -1274.937500
-67 -1400.250000
-68 -1399.562500
-69 -1534.125000
-70 -1540.812500
-71 -1639.437500
-72 -1569.750000
-73 -1641.687500
-74 -1688.375000
-75 -1739.812500
-76 -1700.250000
-77 -1915.312500
-78 -1876.312500
-79 -2090.312500
-80 -2031.062500
-81 -2136.875000
-82 -2086.437500
-83 -2221.187500
-84 -2117.437500
-85 -2217.375000
-86 -2182.125000
-87 -2242.500000
-88 -2266.937500
-89 -2367.875000
-90 -2344.000000
-91 -2453.000000
-92 -2385.687500
-93 -2455.750000
-94 -2419.250000
-95 -2588.875000
-96 -2531.875000
-97 -2621.312500
-98 -2642.375000
-99 -2659.937500
-100 -2648.000000
-101 -2686.312500
-102 -2726.500000
-103 -2799.062500
-104 -2784.125000
-105 -2789.312500
-106 -2764.500000
-107 -2815.687500
-108 -2797.625000
-109 -2860.000000
-110 -2844.062500
-111 -2973.500000
-112 -2970.062500
-113 -3042.625000
-114 -3061.250000
-115 -3102.687500
-116 -3156.125000
-117 -3222.000000
-118 -3184.625000
-119 -3247.562500
-120 -3214.125000
-121 -3261.750000
-122 -3255.187500
-123 -3327.375000
-124 -3247.062500
-125 -3321.250000
-126 -3278.125000
-127 -3330.500000
-128 -3292.500000
-129 -3366.750000
-130 -3370.812500
-131 -3381.750000
-132 -3382.812500
-133 -3440.187500
-134 -3429.687500
-135 -3448.500000
-136 -3452.312500
-137 -3524.187500
-138 -3457.437500
-139 -3532.875000
-140 -3526.500000
-141 -3602.250000
-142 -3559.625000
-143 -3648.687500
-144 -3579.562500
-145 -3663.937500
-146 -3661.375000
-147 -3665.125000
-148 -3678.562500
-149 -3670.625000
-150 -3689.812500
-151 -3706.875000
-152 -3663.812500
-153 -3667.812500
-154 -3681.500000
-155 -3772.187500
-156 -3716.250000
-157 -3799.750000
-158 -3753.875000
-159 -3825.500000
-160 -3781.125000
-161 -3883.562500
-162 -3875.750000
-163 -3933.187500
-164 -3860.000000
-165 -3929.562500
-166 -3937.000000
-167 -4016.187500
-168 -3998.875000
-169 -4045.562500
-170 -4105.687500
-171 -4188.187500
-172 -4123.312500
-173 -4160.500000
-174 -4141.687500
-175 -4184.625000
-176 -4197.437500
-177 -4223.125000
-178 -4196.437500
-179 -4243.875000
-180 -4231.000000
-181 -4245.375000
-182 -4283.375000
-183 -4308.312500
-184 -4306.875000
-185 -4329.250000
-186 -4335.062500
-187 -4348.625000
-188 -4358.187500
-189 -4344.312500
-190 -4338.375000
-191 -4462.125000
-192 -4399.750000
-193 -4457.937500
-194 -4406.125000
-195 -4468.312500
-196 -4434.437500
-197 -4618.250000
-198 -4470.437500
-199 -4602.437500
-200 -4603.125000
-201 -4634.250000
-202 -4662.750000
-203 -4663.812500
-204 -4664.312500
-205 -4699.625000
-206 -4674.437500
-207 -4700.125000
-208 -4683.625000
-209 -4754.437500
-210 -4708.250000
-211 -4767.187500
-212 -4735.562500
-213 -4834.250000
-214 -4832.125000
-215 -4839.125000
-216 -4835.812500
-217 -4844.375000
-218 -4845.375000
-219 -4870.625000
-220 -4872.062500
-221 -4917.437500
-222 -4964.437500
-223 -4974.250000
-224 -4980.687500
-225 -5065.875000
-226 -5027.000000
-227 -5079.187500
-228 -5026.875000
-229 -5090.625000
-230 -5038.562500
-231 -5090.937500
-232 -5098.562500
-233 -5210.562500
-234 -5175.187500
-235 -5213.562500
-236 -5200.937500
-237 -5313.437500
-238 -5278.625000
-239 -5344.625000
-240 -5345.687500
-241 -5335.187500
-242 -5354.687500
-243 -5434.062500
-244 -5378.750000
-245 -5499.062500
-246 -5475.625000
-247 -5526.625000
-248 -5522.000000
-249 -5524.937500
-250 -5520.000000
-251 -5548.625000
-252 -5563.562500
-253 -5551.187500
-254 -5667.375000
-255 -5634.437500
-256 -5706.937500
-257 -5685.125000
-258 -5726.375000
-259 -5716.125000
-260 -5743.187500
-261 -5737.375000
-262 -5746.750000
-263 -5744.000000
-264 -5755.250000
-265 -5758.375000
-266 -5781.937500
-267 -5815.937500
-268 -5823.375000
-269 -5844.187500
-270 -5846.562500
-271 -5865.687500
-272 -5905.437500
-273 -5936.625000
-274 -5911.187500
-275 -5946.437500
-276 -5940.062500
-277 -5945.437500
-278 -6049.687500
-279 -6067.250000
-280 -6073.750000
-281 -6087.937500
-282 -6109.500000
-283 -6156.125000
-284 -6115.437500
-285 -6215.500000
-286 -6167.000000
-287 -6233.125000
-288 -6306.250000
-289 -6239.937500
-290 -6302.687500
-291 -6295.062500
-292 -6306.187500
-293 -6422.437500
-294 -6388.500000
-295 -6409.562500
-296 -6427.562500
-297 -6446.500000
-298 -6455.500000
-299 -6490.750000
-300 -6479.562500
-301 -6533.750000
-302 -6548.250000
-303 -6537.750000
-304 -6550.437500
-305 -6613.875000
-306 -6613.562500
-307 -6605.625000
-308 -6608.812500
-309 -6613.812500
-310 -6634.875000
-311 -6634.750000
-312 -6632.312500
-313 -6683.562500
-314 -6635.312500
-315 -6743.312500
-316 -6767.875000
-317 -6828.562500
-318 -6892.187500
-319 -6876.375000
-320 -6922.687500
-321 -6925.125000
-322 -6936.187500
-323 -6928.375000
-324 -6951.625000
-325 -6950.812500
-326 -6974.437500
-327 -6967.062500
-328 -7006.750000
-329 -7006.000000
-330 -7049.562500
-331 -7022.125000
-332 -7125.750000
-333 -7092.875000
-334 -7133.375000
-335 -7112.000000
-336 -7137.750000
-337 -7236.562500
-338 -7245.312500
-339 -7228.687500
-340 -7282.937500
-341 -7263.250000
-342 -7273.812500
-343 -7291.750000
-344 -7284.812500
-345 -7300.750000
-346 -7314.312500
-347 -7301.375000
-348 -7329.000000
-349 -7316.375000
-350 -7340.250000
-351 -7336.562500
-352 -7337.125000
-353 -7342.312500
-354 -7347.687500
-355 -7361.875000
-356 -7448.625000
-357 -7462.062500
-358 -7481.875000
-359 -7437.562500
-360 -7517.187500
-361 -7535.125000
-362 -7542.937500
-363 -7571.875000
-364 -7612.125000
-365 -7590.375000
-366 -7597.750000
-367 -7600.250000
-368 -7614.375000
-369 -7619.125000
-370 -7626.250000
-371 -7698.500000
-372 -7663.187500
-373 -7679.125000
-374 -7677.375000
-375 -7728.812500
-376 -7721.187500
-377 -7755.812500
-378 -7821.375000
-379 -7819.625000
-380 -7828.687500
-381 -7814.562500
-382 -7870.000000
-383 -7842.062500
-384 -7876.437500
-385 -7865.250000
-386 -7907.625000
-387 -7890.562500
-388 -7938.437500
-389 -7935.187500
-390 -7912.750000
-391 -7953.437500
-392 -7959.437500
-393 -7968.687500
-394 -7972.625000
-395 -7980.312500
-396 -8031.187500
-397 -8027.750000
-398 -8059.812500
-399 -8062.500000
-400 -8084.250000
-401 -8071.312500
-402 -8076.562500
-403 -8065.250000
-404 -8092.625000
-405 -8106.250000
-406 -8123.687500
-407 -8121.437500
-408 -8123.312500
-409 -8118.250000
-410 -8173.875000
-411 -8152.625000
-412 -8161.625000
-413 -8182.750000
-414 -8175.000000
-415 -8164.687500
-416 -8176.750000
-417 -8198.125000
-418 -8199.687500
-419 -8199.875000
-420 -8230.062500
-421 -8228.687500
-422 -8233.625000
-423 -8229.812500
-424 -8238.625000
-425 -8249.937500
-426 -8262.187500
-427 -8261.437500
-428 -8275.437500
-429 -8264.437500
-430 -8317.062500
-431 -8291.937500
-432 -8331.062500
-433 -8314.375000
-434 -8324.687500
-435 -8343.125000
-436 -8351.250000
-437 -8360.687500
-438 -8383.250000
-439 -8379.500000
-440 -8434.187500
-441 -8450.625000
-442 -8433.625000
-443 -8429.750000
-444 -8525.062500
-445 -8550.625000
-446 -8543.437500
-447 -8559.437500
-448 -8529.625000
-449 -8563.437500
-450 -8545.750000
-451 -8564.250000
-452 -8581.125000
-453 -8576.500000
-454 -8580.187500
-455 -8593.312500
-456 -8596.562500
-457 -8625.187500
-458 -8603.625000
-459 -8622.562500
-460 -8631.875000
-461 -8638.125000
-462 -8645.812500
-463 -8634.875000
-464 -8653.750000
-465 -8674.125000
-466 -8671.937500
-467 -8669.750000
-468 -8688.937500
-469 -8718.437500
-470 -8709.687500
-471 -8721.312500
-472 -8695.375000
-473 -8720.312500
-474 -8721.750000
-475 -8767.250000
-476 -8751.187500
-477 -8785.250000
-478 -8779.625000
-479 -8808.062500
-480 -8802.875000
-481 -8826.437500
-482 -8813.875000
-483 -8831.500000
-484 -8812.125000
-485 -8899.062500
-486 -8874.937500
-487 -8914.312500
-488 -8897.687500
-489 -8923.687500
-490 -8926.500000
-491 -8942.375000
-492 -9026.562500
-493 -8954.250000
-494 -9023.375000
-495 -9038.812500
-496 -9072.062500
-497 -9163.250000
-498 -9163.437500
-499 -9178.125000
-500 -9202.437500
-501 -9221.375000
-502 -9208.812500
-503 -9223.875000
-504 -9219.750000
-505 -9245.500000
-506 -9241.750000
-507 -9256.687500
-508 -9247.687500
-509 -9275.750000
-510 -9308.937500
-511 -9309.562500
-512 -9336.812500
-513 -9338.750000
-514 -9393.062500
-515 -9347.437500
-516 -9431.812500
-517 -9404.687500
-518 -9457.875000
-519 -9446.375000
-520 -9483.375000
-521 -9462.625000
-522 -9486.750000
-523 -9487.437500
-524 -9504.187500
-525 -9503.500000
-526 -9502.312500
-527 -9504.250000
-528 -9548.062500
-529 -9556.312500
-530 -9566.750000
-531 -9593.062500
-532 -9582.187500
-533 -9615.062500
-534 -9620.750000
-535 -9640.312500
-536 -9630.937500
-537 -9685.250000
-538 -9632.875000
-539 -9702.250000
-540 -9725.562500
-541 -9740.375000
-542 -9798.437500
-543 -9802.250000
-544 -9801.625000
-545 -9849.437500
-546 -9816.500000
-547 -9864.562500
-548 -9840.000000
-549 -9877.000000
-550 -9893.187500
-551 -9885.437500
-552 -9911.062500
-553 -9898.125000
-554 -9912.187500
-555 -9902.500000
-556 -9913.625000
-557 -9924.187500
-558 -9940.750000
-559 -9952.187500
-560 -9954.437500
-561 -9968.750000
-562 -10034.062500
-563 -10028.937500
-564 -10069.562500
-565 -10065.000000
-566 -10075.250000
-567 -10060.125000
-568 -10090.937500
-569 -10081.500000
-570 -10096.500000
-571 -10078.937500
-572 -10101.250000
-573 -10104.875000
-574 -10102.375000
-575 -10119.937500
-576 -10127.875000
-577 -10138.812500
-578 -10143.125000
-579 -10141.750000
-580 -10180.312500
-581 -10166.000000
-582 -10177.250000
-583 -10189.437500
-584 -10201.000000
-585 -10207.500000
-586 -10223.125000
-587 -10240.750000
-588 -10253.500000
-589 -10241.750000
-590 -10252.437500
-591 -10268.062500
-592 -10279.812500
-593 -10274.875000
-594 -10282.125000
-595 -10284.937500
-596 -10289.687500
-597 -10315.312500
-598 -10352.437500
-599 -10320.250000
-600 -10336.750000
-601 -10357.375000
-602 -10355.437500
-603 -10372.625000
-604 -10369.062500
-605 -10375.375000
-606 -10389.812500
-607 -10421.875000
-608 -10424.750000
-609 -10436.687500
-610 -10452.375000
-611 -10447.062500
-612 -10446.375000
-613 -10440.312500
-614 -10454.750000
-615 -10486.687500
-616 -10489.250000
-617 -10502.062500
-618 -10525.625000
-619 -10500.312500
-620 -10514.125000
-621 -10506.937500
-622 -10526.062500
-623 -10536.250000
-624 -10523.812500
-625 -10577.250000
-626 -10550.125000
-627 -10593.812500
-628 -10563.750000
-629 -10635.312500
-630 -10619.500000
-631 -10625.937500
-632 -10661.875000
-633 -10644.375000
-634 -10660.937500
-635 -10684.625000
-636 -10685.312500
-637 -10701.000000
-638 -10715.562500
-639 -10708.375000
-640 -10740.812500
-641 -10752.312500
-642 -10756.625000
-643 -10773.687500
-644 -10775.875000
-645 -10787.687500
-646 -10820.500000
-647 -10784.187500
-648 -10883.062500
-649 -10902.937500
-650 -10895.437500
-651 -10913.812500
-652 -10920.437500
-653 -10917.750000
-654 -10974.062500
-655 -10927.125000
-656 -10986.937500
-657 -11010.000000
-658 -11022.812500
-659 -11051.875000
-660 -11054.187500
-661 -11069.062500
-662 -11068.312500
-663 -11088.000000
-664 -11087.687500
-665 -11136.437500
-666 -11109.500000
-667 -11109.250000
-668 -11132.812500
-669 -11139.375000
-670 -11148.875000
-671 -11223.187500
-672 -11224.187500
-673 -11234.687500
-674 -11280.812500
-675 -11257.750000
-676 -11302.937500
-677 -11276.562500
-678 -11334.687500
-679 -11303.312500
-680 -11345.687500
-681 -11363.562500
-682 -11351.062500
-683 -11351.687500
-684 -11378.500000
-685 -11370.062500
-686 -11387.000000
-687 -11395.125000
-688 -11400.437500
-689 -11401.000000
-690 -11484.875000
-691 -11426.500000
-692 -11495.625000
-693 -11485.625000
-694 -11506.500000
-695 -11492.375000
-696 -11514.312500
-697 -11509.937500
-698 -11539.125000
-699 -11537.250000
