0 0.000000
-1 -3.826660
-2 -2.286133
-3 -7.548340
-4 -5.145508
-5 -7.907227
-6 -4.470703
-7 -9.470215
-8 -8.519043
-9 -11.603027
-10 -10.928223
-11 -14.749023
-12 -11.214355
-13 -16.644043
-14 -14.883301
-15 -19.034180
-16 -17.585938
-17 -22.761230
-18 -18.918945
-19 -23.647949
-20 -23.190918
-21 -26.062500
-22 -24.541992
-23 -30.390137
-24 -28.100098
-25 -31.423340
-26 -30.376953
-27 -34.370605
-28 -33.071289
-29 -36.842285
-30 -34.188477
-31 -38.064453
-32 -37.224121
-33 -41.510254
-34 -40.366211
-35 -43.508789
-36 -40.354004
-37 -44.410156
-38 -45.083008
-39 -48.876953
-40 -46.801758
-41 -51.262695
-42 -50.956543
-43 -54.956543
-44 -55.122070
-45 -57.633789
-46 -56.504395
-47 -60.200684
-48 -58.492676
-49 -62.407715
-50 -61.598633
-51 -63.802734
-52 -64.520508
-53 -67.243164
-54 -66.914551
-55 -70.145020
-56 -70.125488
-57 -73.149414
-58 -72.729980
-59 -76.598633
-60 -73.782715
-61 -77.977539
-62 -76.583496
-63 -80.649414
-64 -79.790527
-65 -83.534180
-66 -82.301758
-67 -86.240234
-68 -85.295898
-69 -89.636719
-70 -88.345215
-71 -91.611816
-72 -90.488281
-73 -93.713867
-74 -93.394043
-75 -97.119629
-76 -96.974609
-77 -99.600098
-78 -98.670410
-79 -102.724121
-80 -101.374512
-81 -107.538086
-82 -104.085449
-83 -109.382324
-84 -106.348633
-85 -112.071777
-86 -110.008301
-87 -115.019531
-88 -114.291504
-89 -118.390137
-90 -116.433105
-91 -120.761719
-92 -121.058105
-93 -125.083496
-94 -124.718750
-95 -129.211914
-96 -127.183105
-97 -130.741211
-98 -131.180664
-99 -135.728516
-100 -133.870605
-101 -137.973145
-102 -135.981934
-103 -140.012207
-104 -139.537109
-105 -143.106934
-106 -142.268066
-107 -145.836426
-108 -144.686035
-109 -149.027344
-110 -148.227051
-111 -152.364746
-112 -150.693848
-113 -153.969238
-114 -153.597168
-115 -156.899902
-116 -154.900391
-117 -160.865234
-118 -158.598633
-119 -163.906250
-120 -162.482422
-121 -167.885742
-122 -166.607422
-123 -171.514648
-124 -169.457520
-125 -173.484375
-126 -171.991699
-127 -177.400391
-128 -175.600586
-129 -179.860840
-130 -178.848145
-131 -182.346680
-132 -181.095703
-133 -185.253418
-134 -185.238281
-135 -188.127930
-136 -188.774902
-137 -193.630371
-138 -191.911133
-139 -196.169922
-140 -195.824707
-141 -200.431641
-142 -200.070801
-143 -203.762207
-144 -202.706543
-145 -207.320801
-146 -206.271973
-147 -210.270020
-148 -207.941406
-149 -212.783203
-150 -211.911621
-151 -214.961426
-152 -214.677246
-153 -219.014160
-154 -220.940918
-155 -222.367188
-156 -222.582031
-157 -226.855957
-158 -225.479492
-159 -231.071777
-160 -227.989258
-161 -233.785156
-162 -232.505371
-163 -235.861816
-164 -236.481934
-165 -241.084961
-166 -239.477051
-167 -243.291992
-168 -242.515625
-169 -245.406738
-170 -246.250977
-171 -251.169922
-172 -248.689941
-173 -256.118652
-174 -254.810547
-175 -259.465820
-176 -259.064453
-177 -262.815918
-178 -262.812988
-179 -266.718262
-180 -265.202148
-181 -268.924805
-182 -268.833984
-183 -273.319336
-184 -271.648926
-185 -275.709961
-186 -274.945312
-187 -278.874512
-188 -278.626953
-189 -281.749023
-190 -281.211914
-191 -285.074219
-192 -283.771484
-193 -288.177734
-194 -287.213379
-195 -290.915039
-196 -290.068359
-197 -293.851562
-198 -293.992676
-199 -297.854492
-200 -297.167480
-201 -301.307129
-202 -299.660156
-203 -304.299805
-204 -302.523438
-205 -308.558105
-206 -306.738281
-207 -311.184570
-208 -311.550293
-209 -314.851562
-210 -314.385742
-211 -317.159180
-212 -317.688965
-213 -320.935547
-214 -320.834961
-215 -323.633789
-216 -323.986328
-217 -326.031250
-218 -327.447266
-219 -329.868652
-220 -329.560547
-221 -332.792969
-222 -332.955566
-223 -338.376953
-224 -336.293457
-225 -341.914062
-226 -340.561035
-227 -344.895020
-228 -343.388672
-229 -348.730469
-230 -346.370605
-231 -349.929688
-232 -348.646484
-233 -353.680176
-234 -354.146484
-235 -356.961426
-236 -356.493164
-237 -360.513184
-238 -359.021484
-239 -363.496582
-240 -362.984863
-241 -366.926758
-242 -365.141602
-243 -369.807129
-244 -368.249023
-245 -372.580078
-246 -371.076660
-247 -375.169922
-248 -374.239258
-249 -377.826172
-250 -377.330566
-251 -380.928223
-252 -380.099121
-253 -384.447754
-254 -383.530762
-255 -386.835449
-256 -386.242188
-257 -391.644043
-258 -389.865234
-259 -394.295898
-260 -392.579102
-261 -396.541992
-262 -395.334961
-263 -399.724609
-264 -398.854004
-265 -403.498047
-266 -402.243164
-267 -407.204102
-268 -405.721191
-269 -410.576660
-270 -409.118164
-271 -412.839355
-272 -412.180176
-273 -416.572266
-274 -414.858398
-275 -420.134766
-276 -418.831543
-277 -423.247070
-278 -421.789062
-279 -425.823242
-280 -424.661133
-281 -430.192871
-282 -428.002441
-283 -432.346680
-284 -431.310059
-285 -437.868164
-286 -436.927734
-287 -441.031250
-288 -441.398438
-289 -443.192383
-290 -444.163086
-291 -446.566895
-292 -447.045898
-293 -449.877930
-294 -449.767090
-295 -452.165527
-296 -452.609863
-297 -455.259277
-298 -456.219238
-299 -458.258789
-300 -459.780762
-301 -461.743652
-302 -462.958008
-303 -465.316895
-304 -466.817871
-305 -469.558594
-306 -469.058594
-307 -471.641113
-308 -472.141602
-309 -475.438477
-310 -475.604980
-311 -479.095215
-312 -479.354980
-313 -481.562988
-314 -482.647461
-315 -487.879395
-316 -486.573242
-317 -491.477539
-318 -491.344238
-319 -495.244141
-320 -494.083496
-321 -498.115234
-322 -497.446777
-323 -500.875977
-324 -500.905273
-325 -504.975098
-326 -504.634766
-327 -508.762695
-328 -508.700684
-329 -512.016602
-330 -511.495605
-331 -515.346680
-332 -514.865234
-333 -517.569336
-334 -517.494141
-335 -521.070312
-336 -519.544434
-337 -525.011719
-338 -524.274902
-339 -527.340332
-340 -529.452637
-341 -531.209473
-342 -532.285156
-343 -533.100586
-344 -536.134277
-345 -537.868652
-346 -538.453613
-347 -540.929688
-348 -541.955566
-349 -544.858398
-350 -543.810059
-351 -547.891602
-352 -547.560547
-353 -549.608887
-354 -551.354980
-355 -553.069824
-356 -553.569824
-357 -556.739746
-358 -555.593262
-359 -558.144531
-360 -561.308105
-361 -561.481445
-362 -563.713867
-363 -564.225098
-364 -567.574219
-365 -567.191895
-366 -569.770020
-367 -569.902832
-368 -572.937500
-369 -572.703613
-370 -575.341309
-371 -576.010254
-372 -579.577637
-373 -577.961426
-374 -580.747559
-375 -582.582031
-376 -585.966797
-377 -584.998535
-378 -587.348145
-379 -588.886719
-380 -590.500488
-381 -591.791504
-382 -592.495117
-383 -594.299316
-384 -595.167969
-385 -596.469727
-386 -599.901367
-387 -599.739258
-388 -601.879395
-389 -602.408203
-390 -605.250488
-391 -605.025879
-392 -606.366699
-393 -609.631836
-394 -611.661621
-395 -612.969238
-396 -614.374023
-397 -615.150391
-398 -616.047363
-399 -617.994629
-400 -620.161621
-401 -622.425781
-402 -622.705566
-403 -626.132812
-404 -626.325684
-405 -629.090332
-406 -629.302734
-407 -632.213867
-408 -633.030762
-409 -637.715332
-410 -635.210938
-411 -640.969727
-412 -641.250000
-413 -643.679199
-414 -646.239746
-415 -646.629883
-416 -648.353027
-417 -649.203613
-418 -650.690430
-419 -652.815918
-420 -653.206055
-421 -655.908203
-422 -655.408691
-423 -658.495117
-424 -659.210938
-425 -660.980957
-426 -661.964355
-427 -664.089355
-428 -665.541504
-429 -666.544434
-430 -669.478027
-431 -670.065430
-432 -671.295898
-433 -674.207031
-434 -675.083008
-435 -677.211914
-436 -676.706543
-437 -679.817383
-438 -681.397949
-439 -682.888184
-440 -683.349121
-441 -684.048828
-442 -686.361816
-443 -688.150879
-444 -689.556152
-445 -689.639648
-446 -691.825684
-447 -694.083984
-448 -694.475586
-449 -697.172363
-450 -697.534180
-451 -699.156738
-452 -701.351562
-453 -701.484863
-454 -703.067871
-455 -704.711426
-456 -706.647949
-457 -707.108887
-458 -709.579590
-459 -711.273926
-460 -712.782715
-461 -713.457520
-462 -716.103027
-463 -715.833496
-464 -718.744141
-465 -720.285156
-466 -721.803711
-467 -721.644531
-468 -724.340332
-469 -724.104980
-470 -726.609375
-471 -726.232422
-472 -729.673828
-473 -730.118652
-474 -731.701660
-475 -734.174316
-476 -735.234375
-477 -737.337891
-478 -736.798340
-479 -739.131348
-480 -739.746582
-481 -742.461914
-482 -741.067383
-483 -746.102051
-484 -746.204590
-485 -748.510742
-486 -751.956543
-487 -753.230469
-488 -755.548340
-489 -757.165527
-490 -757.677734
-491 -760.223145
-492 -760.182129
-493 -761.711914
-494 -762.144531
-495 -764.926270
-496 -766.699219
-497 -769.519043
-498 -770.525391
-499 -771.912598
-500 -771.808105
-501 -775.847656
-502 -775.978516
-503 -779.505859
-504 -778.316895
-505 -781.998535
-506 -782.205566
-507 -785.076660
-508 -784.795898
-509 -787.761719
-510 -787.955078
-511 -790.734375
-512 -791.496582
-513 -793.697266
-514 -794.870605
-515 -799.147461
-516 -798.759277
-517 -802.425293
-518 -803.049805
-519 -805.879883
-520 -805.685547
-521 -808.597168
-522 -808.055176
-523 -811.711914
-524 -812.104492
-525 -815.307129
-526 -815.101074
-527 -817.904297
-528 -819.604980
-529 -820.290039
-530 -821.988770
-531 -822.674316
-532 -823.901367
-533 -826.051270
-534 -827.227051
-535 -828.136230
-536 -829.958496
-537 -830.982910
-538 -833.411133
-539 -833.734863
-540 -835.843750
-541 -836.691406
-542 -838.245605
-543 -841.317871
-544 -840.854492
-545 -843.873047
-546 -843.144531
-547 -846.610840
-548 -846.371094
-549 -850.713867
-550 -850.475098
-551 -853.923828
-552 -854.414062
-553 -856.058594
-554 -857.262695
-555 -859.629395
-556 -863.131348
-557 -861.801758
-558 -866.252441
-559 -865.999512
-560 -868.266602
-561 -870.023438
-562 -871.689941
-563 -870.498047
-564 -873.577148
-565 -873.981934
-566 -878.934570
-567 -878.852051
-568 -882.751465
-569 -883.540527
-570 -887.767090
-571 -889.590332
-572 -890.570312
-573 -890.874512
-574 -892.039062
-575 -893.499023
-576 -895.043945
-577 -896.657227
-578 -900.451660
-579 -900.583984
-580 -902.607422
-581 -903.479980
-582 -905.431152
-583 -905.772949
-584 -907.659180
-585 -909.421387
-586 -911.711426
-587 -910.302246
-588 -914.420898
-589 -913.826172
-590 -917.531250
-591 -917.243164
-592 -919.879883
-593 -917.864746
-594 -922.461914
-595 -923.610352
-596 -926.704590
-597 -927.366211
-598 -928.739746
-599 -930.163574
-600 -932.228027
-601 -931.343750
-602 -934.979492
-603 -935.330078
-604 -937.297363
-605 -937.099609
-606 -941.029297
-607 -940.224121
-608 -942.654785
-609 -944.821777
-610 -945.357422
-611 -946.740234
-612 -948.897461
-613 -950.836426
-614 -951.708984
-615 -954.946289
-616 -954.913574
-617 -958.076660
-618 -958.927734
-619 -960.193359
-620 -963.215820
-621 -962.549805
-622 -967.254883
-623 -969.169922
-624 -969.865234
-625 -971.742188
-626 -973.527832
-627 -976.475098
-628 -976.035156
-629 -979.481445
-630 -978.418457
-631 -983.373535
-632 -981.565430
-633 -986.628418
-634 -985.969238
-635 -988.629395
-636 -990.121582
-637 -993.276367
-638 -994.744629
-639 -996.416992
-640 -997.313477
-641 -999.083984
-642 -1000.927734
-643 -1002.288086
-644 -1002.730957
-645 -1006.926758
-646 -1007.102051
-647 -1011.343750
-648 -1011.009766
-649 -1014.926758
-650 -1015.239746
-651 -1019.171387
-652 -1017.524414
-653 -1020.479980
-654 -1023.325684
-655 -1024.788574
-656 -1026.856934
-657 -1029.234375
-658 -1029.192383
-659 -1030.616211
-660 -1033.113770
-661 -1035.223633
-662 -1036.371094
-663 -1036.833984
-664 -1040.947754
-665 -1042.703613
-666 -1043.980469
-667 -1047.082031
-668 -1046.790527
-669 -1049.344727
-670 -1052.038574
-671 -1052.302734
-672 -1055.437988
-673 -1053.729980
-674 -1057.110352
-675 -1060.557129
-676 -1063.082520
-677 -1065.620117
-678 -1068.122070
-679 -1068.650879
-680 -1069.962891
-681 -1073.909180
-682 -1075.267090
-683 -1076.300781
-684 -1077.364258
-685 -1078.348633
-686 -1080.014160
-687 -1080.272949
-688 -1083.407715
-689 -1085.289551
-690 -1086.516113
-691 -1087.809570
-692 -1091.877930
-693 -1093.969727
-694 -1095.973145
-695 -1098.475098
-696 -1099.224609
-697 -1098.873047
-698 -1102.817383
-699 -1102.728027
