0 0.000000
-1 -1115.000000
-2 -1079.000000
-3 -2021.000000
-4 -1948.000000
-5 -1985.000000
-6 -358.000000
-7 -3840.000000
-8 -3915.000000
-9 -4652.000000
-10 -4382.000000
-11 -5016.000000
-12 -3797.000000
-13 -5308.000000
-14 -5302.000000
-15 -5465.000000
-16 -5722.000000
-17 -6659.000000
-18 -6301.000000
-19 -6822.000000
-20 -8693.000000
-21 -9891.000000
-22 -8941.000000
-23 -9947.000000
-24 -9121.000000
-25 -10098.000000
-26 -10204.000000
-27 -12074.000000
-28 -11093.000000
-29 -12322.000000
-30 -11645.000000
-31 -14777.000000
-32 -14902.000000
-33 -15558.000000
-34 -15613.000000
-35 -17236.000000
-36 -15674.000000
-37 -18288.000000
-38 -18363.000000
-39 -18644.000000
-40 -18482.000000
-41 -19166.000000
-42 -18950.000000
-43 -19697.000000
-44 -19967.000000
-45 -20784.000000
-46 -20115.000000
-47 -21129.000000
-48 -21034.000000
-49 -21568.000000
-50 -21102.000000
-51 -22513.000000
-52 -21669.000000
-53 -22485.000000
-54 -22243.000000
-55 -22984.000000
-56 -22790.000000
-57 -23622.000000
-58 -22813.000000
-59 -23605.000000
-60 -23300.000000
-61 -24318.000000
-62 -24045.000000
-63 -24454.000000
-64 -25404.000000
-65 -25809.000000
-66 -25506.000000
-67 -25804.000000
-68 -25526.000000
-69 -26014.000000
-70 -25721.000000
-71 -26509.000000
-72 -26805.000000
-73 -26731.000000
-74 -26995.000000
-75 -27981.000000
-76 -28461.000000
-77 -29097.000000
-78 -27847.000000
-79 -28903.000000
-80 -29117.000000
-81 -29338.000000
-82 -29759.000000
-83 -30640.000000
-84 -30586.000000
-85 -31168.000000
-86 -30700.000000
-87 -31842.000000
-88 -31489.000000
-89 -32063.000000
-90 -31646.000000
-91 -32384.000000
-92 -31697.000000
-93 -33189.000000
-94 -32446.000000
-95 -33550.000000
-96 -33685.000000
-97 -36211.000000
-98 -35765.000000
-99 -36956.000000
-100 -36403.000000
-101 -36813.000000
-102 -36856.000000
-103 -37046.000000
-104 -37106.000000
-105 -37182.000000
-106 -37445.000000
-107 -38399.000000
-108 -38347.000000
-109 -38640.000000
-110 -38872.000000
-111 -38852.000000
-112 -39005.000000
-113 -39332.000000
-114 -39226.000000
-115 -39797.000000
-116 -39750.000000
-117 -41022.000000
-118 -41214.000000
-119 -41474.000000
-120 -42618.000000
-121 -41867.000000
-122 -43760.000000
-123 -43657.000000
-124 -43991.000000
-125 -45447.000000
-126 -45310.000000
-127 -45995.000000
-128 -46564.000000
-129 -46543.000000
-130 -46713.000000
-131 -47162.000000
-132 -47797.000000
-133 -47168.000000
-134 -48091.000000
-135 -47982.000000
-136 -48303.000000
-137 -48303.000000
-138 -48697.000000
-139 -50496.000000
-140 -50152.000000
-141 -51530.000000
-142 -51296.000000
-143 -51597.000000
-144 -52290.000000
-145 -52477.000000
-146 -52488.000000
-147 -53499.000000
-148 -53305.000000
-149 -54587.000000
-150 -54429.000000
-151 -54820.000000
-152 -54906.000000
-153 -55177.000000
-154 -55193.000000
-155 -55166.000000
-156 -55379.000000
-157 -55778.000000
-158 -56105.000000
-159 -56353.000000
-160 -56900.000000
-161 -56873.000000
-162 -57608.000000
-163 -59872.000000
-164 -58494.000000
-165 -59943.000000
-166 -59911.000000
-167 -60106.000000
-168 -60033.000000
-169 -60221.000000
-170 -60218.000000
-171 -60315.000000
-172 -60995.000000
-173 -60355.000000
-174 -61183.000000
-175 -61071.000000
-176 -61360.000000
-177 -62054.000000
-178 -61875.000000
-179 -61892.000000
-180 -64330.000000
-181 -65081.000000
-182 -64368.000000
-183 -65354.000000
-184 -65559.000000
-185 -65550.000000
-186 -65538.000000
-187 -65526.000000
-188 -65970.000000
-189 -65728.000000
-190 -65805.000000
-191 -65958.000000
-192 -66015.000000
-193 -66056.000000
-194 -66203.000000
-195 -66446.000000
-196 -67135.000000
-197 -66602.000000
-198 -66894.000000
-199 -67683.000000
-200 -67713.000000
-201 -68539.000000
-202 -68400.000000
-203 -68874.000000
-204 -68349.000000
-205 -69256.000000
-206 -68512.000000
-207 -69834.000000
-208 -70022.000000
-209 -70045.000000
-210 -70172.000000
-211 -70152.000000
-212 -70032.000000
-213 -70417.000000
-214 -70707.000000
-215 -70851.000000
-216 -70839.000000
-217 -70912.000000
-218 -71321.000000
-219 -71503.000000
-220 -71984.000000
-221 -71668.000000
-222 -71830.000000
-223 -72178.000000
-224 -72253.000000
-225 -72242.000000
-226 -72775.000000
-227 -72501.000000
-228 -72593.000000
-229 -73051.000000
-230 -72644.000000
-231 -74201.000000
-232 -73150.000000
-233 -74186.000000
-234 -73768.000000
-235 -74200.000000
-236 -74536.000000
-237 -74568.000000
-238 -74519.000000
-239 -74653.000000
-240 -75097.000000
-241 -75131.000000
-242 -75626.000000
-243 -75574.000000
-244 -75603.000000
-245 -75642.000000
-246 -76021.000000
-247 -76075.000000
-248 -77009.000000
-249 -76899.000000
-250 -78154.000000
-251 -78190.000000
-252 -78257.000000
-253 -78274.000000
-254 -78338.000000
-255 -78725.000000
-256 -78691.000000
-257 -79889.000000
-258 -79799.000000
-259 -79971.000000
-260 -80425.000000
-261 -80188.000000
-262 -80705.000000
-263 -80849.000000
-264 -81480.000000
-265 -81430.000000
-266 -81568.000000
-267 -81882.000000
-268 -81697.000000
-269 -82116.000000
-270 -82291.000000
-271 -83103.000000
-272 -84025.000000
-273 -83935.000000
-274 -84310.000000
-275 -83951.000000
-276 -84349.000000
-277 -84418.000000
-278 -85652.000000
-279 -85696.000000
-280 -86308.000000
-281 -86672.000000
-282 -86780.000000
-283 -86936.000000
-284 -87402.000000
-285 -87787.000000
-286 -87683.000000
-287 -87815.000000
-288 -88247.000000
-289 -88054.000000
-290 -88387.000000
-291 -88445.000000
-292 -88380.000000
-293 -88474.000000
-294 -88655.000000
-295 -88909.000000
-296 -88763.000000
-297 -88999.000000
-298 -89234.000000
-299 -89146.000000
-300 -89093.000000
-301 -89463.000000
-302 -89328.000000
-303 -89248.000000
-304 -89463.000000
-305 -89782.000000
-306 -89637.000000
-307 -89683.000000
-308 -89575.000000
-309 -89881.000000
-310 -89874.000000
-311 -89963.000000
-312 -89905.000000
-313 -90254.000000
-314 -90076.000000
-315 -90402.000000
-316 -90818.000000
-317 -90640.000000
-318 -90407.000000
-319 -91559.000000
-320 -91484.000000
-321 -91584.000000
-322 -91812.000000
-323 -91661.000000
-324 -92012.000000
-325 -91814.000000
-326 -92119.000000
-327 -92328.000000
-328 -92554.000000
-329 -92641.000000
-330 -92745.000000
-331 -92860.000000
-332 -92681.000000
-333 -92886.000000
-334 -93018.000000
-335 -93391.000000
-336 -94078.000000
-337 -93861.000000
-338 -93368.000000
-339 -94095.000000
-340 -94196.000000
-341 -94209.000000
-342 -94534.000000
-343 -95019.000000
-344 -94643.000000
-345 -95278.000000
-346 -95189.000000
-347 -95326.000000
-348 -96204.000000
-349 -96324.000000
-350 -96172.000000
-351 -96561.000000
-352 -97104.000000
-353 -97155.000000
-354 -97000.000000
-355 -97409.000000
-356 -97215.000000
-357 -97660.000000
-358 -97718.000000
-359 -97674.000000
-360 -97950.000000
-361 -97825.000000
-362 -98278.000000
-363 -98206.000000
-364 -98890.000000
-365 -99639.000000
-366 -99153.000000
-367 -99987.000000
-368 -100317.000000
-369 -100299.000000
-370 -100410.000000
-371 -100190.000000
-372 -100712.000000
-373 -100702.000000
-374 -100766.000000
-375 -101004.000000
-376 -101199.000000
-377 -101331.000000
-378 -101138.000000
-379 -101152.000000
-380 -101231.000000
-381 -101397.000000
-382 -101467.000000
-383 -101273.000000
-384 -102010.000000
-385 -102222.000000
-386 -101974.000000
-387 -102231.000000
-388 -102219.000000
-389 -102758.000000
-390 -102578.000000
-391 -102841.000000
-392 -102717.000000
-393 -103323.000000
-394 -103072.000000
-395 -103421.000000
-396 -103415.000000
-397 -103459.000000
-398 -103895.000000
-399 -104003.000000
-400 -103926.000000
-401 -104035.000000
-402 -104005.000000
-403 -104026.000000
-404 -104093.000000
-405 -104440.000000
-406 -104706.000000
-407 -104528.000000
-408 -104670.000000
-409 -104860.000000
-410 -104873.000000
-411 -105043.000000
-412 -105245.000000
-413 -105300.000000
-414 -105219.000000
-415 -105777.000000
-416 -105871.000000
-417 -105911.000000
-418 -105865.000000
-419 -106100.000000
-420 -105978.000000
-421 -106508.000000
-422 -106394.000000
-423 -107005.000000
-424 -107211.000000
-425 -107323.000000
-426 -107331.000000
-427 -107973.000000
-428 -107917.000000
-429 -108170.000000
-430 -108052.000000
-431 -108589.000000
-432 -108657.000000
-433 -108698.000000
-434 -108851.000000
-435 -108944.000000
-436 -109203.000000
-437 -109558.000000
-438 -109668.000000
-439 -109708.000000
-440 -109783.000000
-441 -109994.000000
-442 -109924.000000
-443 -110074.000000
-444 -110115.000000
-445 -110328.000000
-446 -110329.000000
-447 -110208.000000
-448 -110563.000000
-449 -110434.000000
-450 -110611.000000
-451 -111121.000000
-452 -111939.000000
-453 -111961.000000
-454 -111967.000000
-455 -111988.000000
-456 -112085.000000
-457 -112190.000000
-458 -112303.000000
-459 -112190.000000
-460 -112260.000000
-461 -113143.000000
-462 -112533.000000
-463 -113975.000000
-464 -113578.000000
-465 -114439.000000
-466 -113737.000000
-467 -114809.000000
-468 -114900.000000
-469 -115022.000000
-470 -115050.000000
-471 -115195.000000
-472 -115223.000000
-473 -115202.000000
-474 -115320.000000
-475 -115473.000000
-476 -115803.000000
-477 -115754.000000
-478 -116318.000000
-479 -116116.000000
-480 -116785.000000
-481 -116989.000000
-482 -116621.000000
-483 -117014.000000
-484 -116650.000000
-485 -116974.000000
-486 -117008.000000
-487 -117186.000000
-488 -117130.000000
-489 -117189.000000
-490 -117778.000000
-491 -117504.000000
-492 -117764.000000
-493 -117681.000000
-494 -118370.000000
-495 -118559.000000
-496 -118827.000000
-497 -118854.000000
-498 -118584.000000
-499 -119097.000000
-500 -119178.000000
-501 -119471.000000
-502 -119305.000000
-503 -119510.000000
-504 -119314.000000
-505 -120506.000000
-506 -120147.000000
-507 -120716.000000
-508 -121646.000000
-509 -122025.000000
-510 -122504.000000
-511 -122463.000000
-512 -122544.000000
-513 -122748.000000
-514 -123021.000000
-515 -123084.000000
-516 -123401.000000
-517 -124356.000000
-518 -124625.000000
-519 -124717.000000
-520 -124653.000000
-521 -124653.000000
-522 -124696.000000
-523 -124888.000000
-524 -124821.000000
-525 -124852.000000
-526 -125375.000000
-527 -125307.000000
-528 -125610.000000
-529 -125525.000000
-530 -125782.000000
-531 -126114.000000
-532 -126079.000000
-533 -126208.000000
-534 -127001.000000
-535 -127291.000000
-536 -127319.000000
-537 -127293.000000
-538 -127747.000000
-539 -128275.000000
-540 -128057.000000
-541 -128393.000000
-542 -128374.000000
-543 -128057.000000
-544 -128401.000000
-545 -128596.000000
-546 -129163.000000
-547 -128622.000000
-548 -129056.000000
-549 -129552.000000
-550 -129591.000000
-551 -130674.000000
-552 -130149.000000
-553 -131050.000000
-554 -131073.000000
-555 -131103.000000
-556 -131366.000000
-557 -131550.000000
-558 -131435.000000
-559 -131597.000000
-560 -131929.000000
-561 -132590.000000
-562 -131864.000000
-563 -133050.000000
-564 -132849.000000
-565 -133027.000000
-566 -133002.000000
-567 -133317.000000
-568 -133007.000000
-569 -133216.000000
-570 -133559.000000
-571 -133619.000000
-572 -133657.000000
-573 -133615.000000
-574 -133640.000000
-575 -133806.000000
-576 -133721.000000
-577 -134355.000000
-578 -134414.000000
-579 -134340.000000
-580 -134829.000000
-581 -134722.000000
-582 -134923.000000
-583 -134784.000000
-584 -135259.000000
-585 -135203.000000
-586 -135916.000000
-587 -135897.000000
-588 -136712.000000
-589 -136827.000000
-590 -137185.000000
-591 -137349.000000
-592 -137347.000000
-593 -137263.000000
-594 -137334.000000
-595 -137605.000000
-596 -137883.000000
-597 -137600.000000
-598 -137838.000000
-599 -137811.000000
-600 -137899.000000
-601 -137964.000000
-602 -138492.000000
-603 -138833.000000
-604 -138909.000000
-605 -140255.000000
-606 -140305.000000
-607 -140297.000000
-608 -141471.000000
-609 -141406.000000
-610 -141405.000000
-611 -141429.000000
-612 -141704.000000
-613 -141534.000000
-614 -141761.000000
-615 -142096.000000
-616 -142728.000000
-617 -142682.000000
-618 -142799.000000
-619 -143068.000000
-620 -143246.000000
-621 -143190.000000
-622 -143475.000000
-623 -143407.000000
-624 -143478.000000
-625 -143481.000000
-626 -143486.000000
-627 -143940.000000
-628 -143868.000000
-629 -143803.000000
-630 -144144.000000
-631 -144165.000000
-632 -144551.000000
-633 -144683.000000
-634 -145298.000000
-635 -145161.000000
-636 -145413.000000
-637 -145702.000000
-638 -145818.000000
-639 -146522.000000
-640 -146900.000000
-641 -147604.000000
-642 -147418.000000
-643 -147292.000000
-644 -147994.000000
-645 -147656.000000
-646 -148020.000000
-647 -148329.000000
-648 -148414.000000
-649 -148620.000000
-650 -148631.000000
-651 -149173.000000
-652 -148670.000000
-653 -149292.000000
-654 -149208.000000
-655 -149916.000000
-656 -149816.000000
-657 -149883.000000
-658 -149817.000000
-659 -150279.000000
-660 -150019.000000
-661 -150511.000000
-662 -150404.000000
-663 -150517.000000
-664 -150434.000000
-665 -150593.000000
-666 -150584.000000
-667 -150634.000000
-668 -150633.000000
-669 -150608.000000
-670 -151861.000000
-671 -152304.000000
-672 -152317.000000
-673 -152523.000000
-674 -152692.000000
-675 -152992.000000
-676 -152780.000000
-677 -153099.000000
-678 -153446.000000
-679 -153348.000000
-680 -153185.000000
-681 -153567.000000
-682 -154189.000000
-683 -153419.000000
-684 -154250.000000
-685 -154082.000000
-686 -154227.000000
-687 -154233.000000
-688 -154685.000000
-689 -155537.000000
-690 -154955.000000
-691 -155493.000000
-692 -156677.000000
-693 -156431.000000
-694 -156841.000000
-695 -157627.000000
-696 -157614.000000
-697 -158247.000000
-698 -158209.000000
-699 -158474.000000
