118300000 -274 1 24 13.000000 1.846154 7.048402 0.986306
118300000 -274 3 3 3.000000 1.000000 2.200907 0.000000
118300000 -274 14 2 2.000000 1.000000 1.732051 0.000000
118300000 -274 67 1 1.000000 1.000000 0.000000 0.000000
118400000 -296 1 29 15.000000 1.933333 8.381724 0.997602
118400000 -296 3 3 3.000000 1.000000 2.200907 0.000000
118400000 -296 12 2 2.000000 1.000000 1.732051 0.000000
118400000 -296 66 1 1.000000 1.000000 0.000000 0.000000
118500000 -460 1 62 16.000000 3.875000 8.958962 2.232169
118500000 -460 3 3 3.000000 1.000000 2.200907 0.000000
118500000 -460 2 2 2.000000 1.000000 1.732051 0.000000
118500000 -460 53 1 1.000000 1.000000 0.000000 0.000000
118600000 -581 1 81 22.000000 3.681818 11.779488 2.217130
118600000 -581 1 3 3.000000 1.000000 2.200907 0.000000
118600000 -581 3 2 2.000000 1.000000 1.732051 0.000000
118600000 -581 38 1 1.000000 1.000000 0.000000 0.000000
118700000 -673 1 92 24.000000 3.833333 13.294786 2.215812
118700000 -673 6 2 2.000000 1.000000 1.732051 0.000000
118700000 -673 24 1 1.000000 1.000000 0.000000 0.000000
118800000 -620 1 85 24.000000 3.541667 12.617260 2.178674
118800000 -620 1 4 4.000000 1.000000 2.869855 0.000000
118800000 -620 4 2 2.000000 1.000000 1.732051 0.000000
118800000 -620 31 1 1.000000 1.000000 0.000000 0.000000
118900000 -408 1 55 16.000000 3.437500 8.261256 2.155350
118900000 -408 1 3 3.000000 1.000000 2.200907 0.000000
118900000 -408 6 2 2.000000 1.000000 1.732051 0.000000
118900000 -408 58 1 1.000000 1.000000 0.000000 0.000000
119000000 -361 1 42 12.000000 3.500000 6.240174 2.211371
119000000 -361 1 3 3.000000 1.000000 2.200907 0.000000
119000000 -361 13 2 2.000000 1.000000 1.732051 0.000000
119000000 -361 57 1 1.000000 1.000000 0.000000 0.000000
119100000 -300 1 19 10.000000 1.900000 5.500709 0.994351
119100000 -300 1 8 4.000000 2.000000 2.236068 1.000000
119100000 -300 1 7 4.000000 1.750000 2.077687 0.952736
119100000 -300 2 3 3.000000 1.000000 2.200907 0.000000
119100000 -300 14 2 2.000000 1.000000 1.732051 0.000000
119100000 -300 60 1 1.000000 1.000000 0.000000 0.000000
119200000 -192 1 13 7.000000 1.857143 3.777186 0.987659
119200000 -192 3 4 4.000000 1.000000 2.869855 0.000000
119200000 -192 1 3 3.000000 1.000000 2.200907 0.000000
119200000 -192 9 2 2.000000 1.000000 1.732051 0.000000
119200000 -192 82 1 1.000000 1.000000 0.000000 0.000000
119300000 -215 1 3 2.000000 1.500000 1.154701 0.666667
119300000 -215 1 3 2.000000 1.500000 1.154701 0.666667
119300000 -215 1 7 4.000000 1.750000 2.077687 0.952736
119300000 -215 3 3 3.000000 1.000000 2.200907 0.000000
119300000 -215 22 2 2.000000 1.000000 1.732051 0.000000
119300000 -215 62 1 1.000000 1.000000 0.000000 0.000000
119400000 -48 8 2 2.000000 1.000000 1.732051 0.000000
119400000 -48 112 1 1.000000 1.000000 0.000000 0.000000
119500000 -177 1 5 3.000000 1.666667 1.549193 0.894427
119500000 -177 1 3 2.000000 1.500000 1.154701 0.666667
119500000 -177 3 3 3.000000 1.000000 2.200907 0.000000
119500000 -177 20 2 2.000000 1.000000 1.732051 0.000000
119500000 -177 71 1 1.000000 1.000000 0.000000 0.000000
119600000 -103 2 4 4.000000 1.000000 2.869855 0.000000
119600000 -103 14 2 2.000000 1.000000 1.732051 0.000000
119600000 -103 92 1 1.000000 1.000000 0.000000 0.000000
119700000 -510 1 66 17.000000 3.882353 9.535620 2.232647
119700000 -510 1 4 4.000000 1.000000 2.869855 0.000000
119700000 -510 2 3 3.000000 1.000000 2.200907 0.000000
119700000 -510 4 2 2.000000 1.000000 1.732051 0.000000
119700000 -510 44 1 1.000000 1.000000 0.000000 0.000000
119800000 -241 1 3 2.000000 1.500000 1.154701 0.666667
119800000 -241 1 11 6.000000 1.833333 3.205374 0.982470
119800000 -241 1 4 2.000000 2.000000 1.000000 1.000000
119800000 -241 2 4 4.000000 1.000000 2.869855 0.000000
119800000 -241 4 3 3.000000 1.000000 2.200907 0.000000
119800000 -241 13 2 2.000000 1.000000 1.732051 0.000000
119800000 -241 64 1 1.000000 1.000000 0.000000 0.000000
119900000 -288 1 20 10.000000 2.000000 5.744563 1.000000
119900000 -288 1 5 5.000000 1.000000 3.401343 0.000000
119900000 -288 3 3 3.000000 1.000000 2.200907 0.000000
119900000 -288 17 2 2.000000 1.000000 1.732051 0.000000
119900000 -288 60 1 1.000000 1.000000 0.000000 0.000000
120000000 -309 1 36 18.000000 2.000000 10.376255 1.000000
120000000 -309 1 3 2.000000 1.500000 1.154701 0.666667
120000000 -309 1 3 3.000000 1.000000 2.200907 0.000000
120000000 -309 10 2 2.000000 1.000000 1.732051 0.000000
120000000 -309 66 1 1.000000 1.000000 0.000000 0.000000
120100000 -391 1 48 14.000000 3.428571 7.048553 2.156673
120100000 -391 1 6 3.000000 2.000000 1.632993 1.000000
120100000 -391 1 4 4.000000 1.000000 2.869855 0.000000
120100000 -391 2 3 3.000000 1.000000 2.200907 0.000000
120100000 -391 2 2 2.000000 1.000000 1.732051 0.000000
120100000 -391 60 1 1.000000 1.000000 0.000000 0.000000
120200000 -699 1 97 25.000000 3.880000 14.019904 2.225576
120200000 -699 1 3 3.000000 1.000000 2.200907 0.000000
120200000 -699 4 2 2.000000 1.000000 1.732051 0.000000
120200000 -699 20 1 1.000000 1.000000 0.000000 0.000000
120300000 -521 1 64 18.000000 3.555556 9.424592 2.213971
120300000 -521 1 4 4.000000 1.000000 2.869855 0.000000
120300000 -521 3 3 3.000000 1.000000 2.200907 0.000000
120300000 -521 5 2 2.000000 1.000000 1.732051 0.000000
120300000 -521 41 1 1.000000 1.000000 0.000000 0.000000
120400000 -218 1 10 5.000000 2.000000 2.828427 1.000000
120400000 -218 3 3 3.000000 1.000000 2.200907 0.000000
120400000 -218 22 2 2.000000 1.000000 1.732051 0.000000
120400000 -218 65 1 1.000000 1.000000 0.000000 0.000000
120500000 -520 1 71 19.000000 3.736842 10.274970 2.221086
120500000 -520 2 3 3.000000 1.000000 2.200907 0.000000
120500000 -520 3 2 2.000000 1.000000 1.732051 0.000000
120500000 -520 45 1 1.000000 1.000000 0.000000 0.000000
120600000 -567 1 77 20.000000 3.850000 11.160928 2.217030
120600000 -567 7 2 2.000000 1.000000 1.732051 0.000000
120600000 -567 37 1 1.000000 1.000000 0.000000 0.000000
120700000 -588 1 78 20.000000 3.900000 11.266086 2.233647
120700000 -588 11 2 2.000000 1.000000 1.732051 0.000000
120700000 -588 28 1 1.000000 1.000000 0.000000 0.000000
120800000 -450 1 61 19.000000 3.210526 9.938997 2.092847
120800000 -450 1 3 3.000000 1.000000 2.200907 0.000000
120800000 -450 6 2 2.000000 1.000000 1.732051 0.000000
120800000 -450 52 1 1.000000 1.000000 0.000000 0.000000
120900000 -697 1 95 25.000000 3.800000 13.732008 2.244187
120900000 -697 1 3 3.000000 1.000000 2.200907 0.000000
120900000 -697 4 2 2.000000 1.000000 1.732051 0.000000
120900000 -697 22 1 1.000000 1.000000 0.000000 0.000000
121000000 -560 1 73 20.000000 3.650000 10.586947 2.218474
121000000 -560 2 3 3.000000 1.000000 2.200907 0.000000
121000000 -560 6 2 2.000000 1.000000 1.732051 0.000000
121000000 -560 37 1 1.000000 1.000000 0.000000 0.000000
121100000 -416 1 50 13.000000 3.846154 7.229847 2.229914
121100000 -416 2 3 3.000000 1.000000 2.200907 0.000000
121100000 -416 9 2 2.000000 1.000000 1.732051 0.000000
121100000 -416 54 1 1.000000 1.000000 0.000000 0.000000
121200000 -322 1 40 12.000000 3.333333 5.978722 2.114802
121200000 -322 1 3 3.000000 1.000000 2.200907 0.000000
121200000 -322 9 2 2.000000 1.000000 1.732051 0.000000
121200000 -322 67 1 1.000000 1.000000 0.000000 0.000000
121300000 -619 1 86 24.000000 3.583333 12.544095 2.189615
121300000 -619 1 3 3.000000 1.000000 2.200907 0.000000
121300000 -619 3 2 2.000000 1.000000 1.732051 0.000000
121300000 -619 33 1 1.000000 1.000000 0.000000 0.000000
121400000 -520 1 64 19.000000 3.368421 9.592494 2.203886
121400000 -520 2 3 3.000000 1.000000 2.200907 0.000000
121400000 -520 10 2 2.000000 1.000000 1.732051 0.000000
121400000 -520 38 1 1.000000 1.000000 0.000000 0.000000
121500000 -580 1 79 23.000000 3.434783 11.753801 2.209444
121500000 -580 7 2 2.000000 1.000000 1.732051 0.000000
121500000 -580 35 1 1.000000 1.000000 0.000000 0.000000
121600000 -654 1 91 24.000000 3.791667 13.192752 2.222243
121600000 -654 4 2 2.000000 1.000000 1.732051 0.000000
121600000 -654 29 1 1.000000 1.000000 0.000000 0.000000
121700000 -554 1 72 21.000000 3.428571 10.695386 2.211936
121700000 -554 1 3 3.000000 1.000000 2.200907 0.000000
121700000 -554 9 2 2.000000 1.000000 1.732051 0.000000
121700000 -554 35 1 1.000000 1.000000 0.000000 0.000000
121800000 -605 1 83 21.000000 3.952381 11.981663 2.224104
121800000 -605 1 3 3.000000 1.000000 2.200907 0.000000
121800000 -605 5 2 2.000000 1.000000 1.732051 0.000000
121800000 -605 32 1 1.000000 1.000000 0.000000 0.000000
121900000 -610 1 85 22.000000 3.863636 12.330474 2.196783
121900000 -610 5 2 2.000000 1.000000 1.732051 0.000000
121900000 -610 33 1 1.000000 1.000000 0.000000 0.000000
122000000 -664 1 87 23.000000 3.782609 12.617713 2.200083
122000000 -664 1 5 3.000000 1.666667 1.549193 0.894427
122000000 -664 1 3 3.000000 1.000000 2.200907 0.000000
122000000 -664 5 2 2.000000 1.000000 1.732051 0.000000
122000000 -664 23 1 1.000000 1.000000 0.000000 0.000000
122100000 -610 1 83 22.000000 3.772727 12.003791 2.241777
122100000 -610 1 3 3.000000 1.000000 2.200907 0.000000
122100000 -610 4 2 2.000000 1.000000 1.732051 0.000000
122100000 -610 34 1 1.000000 1.000000 0.000000 0.000000
122200000 -355 1 39 12.000000 3.250000 6.226371 2.063160
122200000 -355 3 3 3.000000 1.000000 2.200907 0.000000
122200000 -355 12 2 2.000000 1.000000 1.732051 0.000000
122200000 -355 56 1 1.000000 1.000000 0.000000 0.000000
122300000 -49 1 4 3.000000 1.333333 1.414214 0.866025
122300000 -49 1 3 3.000000 1.000000 2.200907 0.000000
122300000 -49 4 2 2.000000 1.000000 1.732051 0.000000
122300000 -49 113 1 1.000000 1.000000 0.000000 0.000000
122400000 -96 2 3 3.000000 1.000000 2.200907 0.000000
122400000 -96 12 2 2.000000 1.000000 1.732051 0.000000
122400000 -96 98 1 1.000000 1.000000 0.000000 0.000000
122500000 -117 1 4 3.000000 1.333333 1.414214 0.866025
122500000 -117 2 3 3.000000 1.000000 2.200907 0.000000
122500000 -117 15 2 2.000000 1.000000 1.732051 0.000000
122500000 -117 88 1 1.000000 1.000000 0.000000 0.000000
122600000 -6 2 2 2.000000 1.000000 1.732051 0.000000
122600000 -6 124 1 1.000000 1.000000 0.000000 0.000000
122700000 -126 4 3 3.000000 1.000000 2.200907 0.000000
122700000 -126 13 2 2.000000 1.000000 1.732051 0.000000
122700000 -126 90 1 1.000000 1.000000 0.000000 0.000000
122800000 -91 2 3 3.000000 1.000000 2.200907 0.000000
122800000 -91 12 2 2.000000 1.000000 1.732051 0.000000
122800000 -91 98 1 1.000000 1.000000 0.000000 0.000000
122900000 -376 1 41 22.000000 1.863636 11.927471 0.991714
122900000 -376 1 4 4.000000 1.000000 2.869855 0.000000
122900000 -376 3 3 3.000000 1.000000 2.200907 0.000000
122900000 -376 9 2 2.000000 1.000000 1.732051 0.000000
122900000 -376 56 1 1.000000 1.000000 0.000000 0.000000
123000000 -242 1 16 7.000000 2.285714 4.127556 1.296930
123000000 -242 1 5 5.000000 1.000000 3.401343 0.000000
123000000 -242 1 4 4.000000 1.000000 2.869855 0.000000
123000000 -242 4 3 3.000000 1.000000 2.200907 0.000000
123000000 -242 11 2 2.000000 1.000000 1.732051 0.000000
123000000 -242 69 1 1.000000 1.000000 0.000000 0.000000
123100000 -260 1 20 12.000000 1.666667 6.163188 0.967010
123100000 -260 1 3 2.000000 1.500000 1.154701 0.666667
123100000 -260 3 3 3.000000 1.000000 2.200907 0.000000
123100000 -260 16 2 2.000000 1.000000 1.732051 0.000000
123100000 -260 64 1 1.000000 1.000000 0.000000 0.000000
123200000 -322 1 29 15.000000 1.933333 8.381724 0.997602
123200000 -322 1 4 4.000000 1.000000 2.869855 0.000000
123200000 -322 2 3 3.000000 1.000000 2.200907 0.000000
123200000 -322 16 2 2.000000 1.000000 1.732051 0.000000
123200000 -322 57 1 1.000000 1.000000 0.000000 0.000000
123300000 -245 1 21 10.000000 2.100000 5.928442 1.147243
123300000 -245 1 4 4.000000 1.000000 2.869855 0.000000
123300000 -245 2 3 3.000000 1.000000 2.200907 0.000000
123300000 -245 13 2 2.000000 1.000000 1.732051 0.000000
123300000 -245 71 1 1.000000 1.000000 0.000000 0.000000
123400000 -137 1 3 2.000000 1.500000 1.154701 0.666667
123400000 -137 2 3 3.000000 1.000000 2.200907 0.000000
123400000 -137 18 2 2.000000 1.000000 1.732051 0.000000
123400000 -137 83 1 1.000000 1.000000 0.000000 0.000000
123500000 -160 5 3 3.000000 1.000000 2.200907 0.000000
123500000 -160 17 2 2.000000 1.000000 1.732051 0.000000
123500000 -160 79 1 1.000000 1.000000 0.000000 0.000000
123600000 -90 1 3 3.000000 1.000000 2.200907 0.000000
123600000 -90 14 2 2.000000 1.000000 1.732051 0.000000
123600000 -90 97 1 1.000000 1.000000 0.000000 0.000000
123700000 -21 5 2 2.000000 1.000000 1.732051 0.000000
123700000 -21 118 1 1.000000 1.000000 0.000000 0.000000
123800000 -222 1 7 7.000000 1.000000 4.564548 0.000000
123800000 -222 2 4 4.000000 1.000000 2.869855 0.000000
123800000 -222 5 3 3.000000 1.000000 2.200907 0.000000
123800000 -222 16 2 2.000000 1.000000 1.732051 0.000000
123800000 -222 66 1 1.000000 1.000000 0.000000 0.000000
123900000 -93 2 3 3.000000 1.000000 2.200907 0.000000
123900000 -93 13 2 2.000000 1.000000 1.732051 0.000000
123900000 -93 96 1 1.000000 1.000000 0.000000 0.000000
124000000 -94 2 3 3.000000 1.000000 2.200907 0.000000
124000000 -94 12 2 2.000000 1.000000 1.732051 0.000000
124000000 -94 98 1 1.000000 1.000000 0.000000 0.000000
124100000 0 128 1 1.000000 1.000000 0.000000 0.000000
124200000 -12 2 2 2.000000 1.000000 1.732051 0.000000
124200000 -12 124 1 1.000000 1.000000 0.000000 0.000000
124300000 -113 1 4 3.000000 1.333333 1.732051 0.707107
124300000 -113 1 3 2.000000 1.500000 1.154701 0.666667
124300000 -113 3 3 3.000000 1.000000 2.200907 0.000000
124300000 -113 10 2 2.000000 1.000000 1.732051 0.000000
124300000 -113 92 1 1.000000 1.000000 0.000000 0.000000
124400000 -121 2 3 3.000000 1.000000 2.200907 0.000000
124400000 -121 18 2 2.000000 1.000000 1.732051 0.000000
124400000 -121 86 1 1.000000 1.000000 0.000000 0.000000
124500000 -168 2 4 4.000000 1.000000 2.869855 0.000000
124500000 -168 3 3 3.000000 1.000000 2.200907 0.000000
124500000 -168 16 2 2.000000 1.000000 1.732051 0.000000
124500000 -168 79 1 1.000000 1.000000 0.000000 0.000000
124600000 -373 1 44 12.000000 3.666667 6.383583 2.231877
124600000 -373 2 3 3.000000 1.000000 2.200907 0.000000
124600000 -373 12 2 2.000000 1.000000 1.732051 0.000000
124600000 -373 54 1 1.000000 1.000000 0.000000 0.000000
124700000 -353 1 44 12.000000 3.666667 6.488273 2.204765
124700000 -353 11 2 2.000000 1.000000 1.732051 0.000000
124700000 -353 62 1 1.000000 1.000000 0.000000 0.000000
124800000 -352 1 45 12.000000 3.750000 6.572895 2.172106
124800000 -352 11 2 2.000000 1.000000 1.732051 0.000000
124800000 -352 61 1 1.000000 1.000000 0.000000 0.000000
124900000 -376 1 47 14.000000 3.357143 6.939911 2.224329
124900000 -376 2 3 3.000000 1.000000 2.200907 0.000000
124900000 -376 8 2 2.000000 1.000000 1.732051 0.000000
124900000 -376 59 1 1.000000 1.000000 0.000000 0.000000
125000000 -230 1 5 3.000000 1.666667 1.549193 0.894427
125000000 -230 1 13 6.000000 2.166667 3.676115 1.418735
125000000 -230 4 3 3.000000 1.000000 2.200907 0.000000
125000000 -230 16 2 2.000000 1.000000 1.732051 0.000000
125000000 -230 66 1 1.000000 1.000000 0.000000 0.000000
125100000 -502 1 67 20.000000 3.350000 10.083896 2.197235
125100000 -502 1 3 3.000000 1.000000 2.200907 0.000000
125100000 -502 6 2 2.000000 1.000000 1.732051 0.000000
125100000 -502 46 1 1.000000 1.000000 0.000000 0.000000
125200000 -659 1 93 27.000000 3.444444 13.499713 2.258240
125200000 -659 3 2 2.000000 1.000000 1.732051 0.000000
125200000 -659 29 1 1.000000 1.000000 0.000000 0.000000
125300000 -452 1 63 18.000000 3.500000 9.206176 2.214763
125300000 -452 6 2 2.000000 1.000000 1.732051 0.000000
125300000 -452 53 1 1.000000 1.000000 0.000000 0.000000
125400000 -541 1 74 19.000000 3.894737 10.689198 2.233369
125400000 -541 7 2 2.000000 1.000000 1.732051 0.000000
125400000 -541 40 1 1.000000 1.000000 0.000000 0.000000
125500000 -628 1 86 23.000000 3.739130 12.581621 2.218648
125500000 -628 7 2 2.000000 1.000000 1.732051 0.000000
125500000 -628 28 1 1.000000 1.000000 0.000000 0.000000
125600000 -653 1 88 23.000000 3.826087 12.718154 2.214853
125600000 -653 2 3 3.000000 1.000000 2.200907 0.000000
125600000 -653 5 2 2.000000 1.000000 1.732051 0.000000
125600000 -653 24 1 1.000000 1.000000 0.000000 0.000000
125700000 -659 1 91 24.000000 3.791667 13.192432 2.201878
125700000 -659 5 2 2.000000 1.000000 1.732051 0.000000
125700000 -659 27 1 1.000000 1.000000 0.000000 0.000000
125800000 -612 1 84 22.000000 3.818182 12.190970 2.211183
125800000 -612 1 3 3.000000 1.000000 2.200907 0.000000
125800000 -612 4 2 2.000000 1.000000 1.732051 0.000000
125800000 -612 33 1 1.000000 1.000000 0.000000 0.000000
125900000 -678 1 94 25.000000 3.760000 13.726561 2.179330
125900000 -678 1 3 3.000000 1.000000 2.200907 0.000000
125900000 -678 3 2 2.000000 1.000000 1.732051 0.000000
125900000 -678 25 1 1.000000 1.000000 0.000000 0.000000
126000000 -552 1 76 20.000000 3.800000 10.839403 2.269211
126000000 -552 6 2 2.000000 1.000000 1.732051 0.000000
126000000 -552 40 1 1.000000 1.000000 0.000000 0.000000
126100000 -663 1 85 24.000000 3.541667 12.473620 2.216439
126100000 -663 2 4 4.000000 1.000000 2.869855 0.000000
126100000 -663 8 2 2.000000 1.000000 1.732051 0.000000
126100000 -663 19 1 1.000000 1.000000 0.000000 0.000000
126200000 -598 1 83 22.000000 3.772727 12.128503 2.275038
126200000 -598 1 3 3.000000 1.000000 2.200907 0.000000
126200000 -598 4 2 2.000000 1.000000 1.732051 0.000000
126200000 -598 34 1 1.000000 1.000000 0.000000 0.000000
126300000 -591 1 76 21.000000 3.619048 11.043376 2.283162
126300000 -591 4 3 3.000000 1.000000 2.200907 0.000000
126300000 -591 5 2 2.000000 1.000000 1.732051 0.000000
126300000 -591 30 1 1.000000 1.000000 0.000000 0.000000
126400000 -409 1 47 14.000000 3.357143 6.972502 2.237965
126400000 -409 17 2 2.000000 1.000000 1.732051 0.000000
126400000 -409 47 1 1.000000 1.000000 0.000000 0.000000
126500000 -668 1 89 23.000000 3.869565 12.867617 2.221763
126500000 -668 1 3 3.000000 1.000000 2.200907 0.000000
126500000 -668 7 2 2.000000 1.000000 1.732051 0.000000
126500000 -668 22 1 1.000000 1.000000 0.000000 0.000000
126600000 -632 1 87 24.000000 3.625000 12.699362 2.235173
126600000 -632 1 3 3.000000 1.000000 2.200907 0.000000
126600000 -632 4 2 2.000000 1.000000 1.732051 0.000000
126600000 -632 30 1 1.000000 1.000000 0.000000 0.000000
126700000 -681 1 98 22.000000 4.454545 9.892714 3.452857
126700000 -681 2 2 2.000000 1.000000 1.732051 0.000000
126700000 -681 26 1 1.000000 1.000000 0.000000 0.000000
126800000 -682 1 99 21.000000 4.714286 10.114507 3.210625
126800000 -682 2 2 2.000000 1.000000 1.732051 0.000000
126800000 -682 25 1 1.000000 1.000000 0.000000 0.000000
126900000 -681 1 97 17.000000 5.705882 9.354777 3.408381
126900000 -681 4 2 2.000000 1.000000 1.732051 0.000000
126900000 -681 23 1 1.000000 1.000000 0.000000 0.000000
127000000 -690 1 101 23.000000 4.391304 11.236916 3.306180
127000000 -690 1 2 2.000000 1.000000 1.732051 0.000000
127000000 -690 25 1 1.000000 1.000000 0.000000 0.000000
127100000 -698 1 102 21.000000 4.857143 10.863601 3.169238
127100000 -698 1 2 2.000000 1.000000 1.732051 0.000000
127100000 -698 24 1 1.000000 1.000000 0.000000 0.000000
127200000 -614 1 83 22.000000 3.772727 11.981520 2.246691
127200000 -614 1 3 3.000000 1.000000 2.200907 0.000000
127200000 -614 5 2 2.000000 1.000000 1.732051 0.000000
127200000 -614 32 1 1.000000 1.000000 0.000000 0.000000
127300000 -638 1 91 25.000000 3.640000 13.214524 2.215901
127300000 -638 3 2 2.000000 1.000000 1.732051 0.000000
127300000 -638 31 1 1.000000 1.000000 0.000000 0.000000
127400000 -631 1 87 24.000000 3.625000 12.599850 2.243184
127400000 -631 5 2 2.000000 1.000000 1.732051 0.000000
127400000 -631 31 1 1.000000 1.000000 0.000000 0.000000
127500000 -531 1 71 19.000000 3.736842 10.276221 2.241638
127500000 -531 1 3 3.000000 1.000000 2.200907 0.000000
127500000 -531 6 2 2.000000 1.000000 1.732051 0.000000
127500000 -531 42 1 1.000000 1.000000 0.000000 0.000000
127600000 -410 1 49 16.000000 3.062500 7.808134 1.966221
127600000 -410 1 4 3.000000 1.333333 1.732051 0.707107
127600000 -410 1 4 4.000000 1.000000 2.869855 0.000000
127600000 -410 1 3 3.000000 1.000000 2.200907 0.000000
127600000 -410 10 2 2.000000 1.000000 1.732051 0.000000
127600000 -410 48 1 1.000000 1.000000 0.000000 0.000000
127700000 -471 1 59 15.000000 3.933333 8.518310 2.218529
127700000 -471 13 2 2.000000 1.000000 1.732051 0.000000
127700000 -471 43 1 1.000000 1.000000 0.000000 0.000000
127800000 -391 1 46 13.000000 3.538462 6.811832 2.141869
127800000 -391 1 8 5.000000 1.600000 2.449490 0.968246
127800000 -391 1 5 5.000000 1.000000 3.401343 0.000000
127800000 -391 5 2 2.000000 1.000000 1.732051 0.000000
127800000 -391 59 1 1.000000 1.000000 0.000000 0.000000
127900000 -461 1 62 19.000000 3.263158 9.243279 2.216174
127900000 -461 1 3 3.000000 1.000000 2.200907 0.000000
127900000 -461 7 2 2.000000 1.000000 1.732051 0.000000
127900000 -461 49 1 1.000000 1.000000 0.000000 0.000000
128000000 -673 1 94 24.000000 3.916667 13.574073 2.234416
128000000 -673 3 2 2.000000 1.000000 1.732051 0.000000
128000000 -673 28 1 1.000000 1.000000 0.000000 0.000000
128100000 -659 1 91 24.000000 3.791667 13.174110 2.204963
128100000 -659 1 3 3.000000 1.000000 2.200907 0.000000
128100000 -659 4 2 2.000000 1.000000 1.732051 0.000000
128100000 -659 26 1 1.000000 1.000000 0.000000 0.000000
128200000 -653 1 94 27.000000 3.481481 13.730039 2.229948
128200000 -653 1 2 2.000000 1.000000 1.732051 0.000000
128200000 -653 32 1 1.000000 1.000000 0.000000 0.000000
128300000 -550 1 77 21.000000 3.666667 11.184004 2.221240
128300000 -550 4 2 2.000000 1.000000 1.732051 0.000000
128300000 -550 43 1 1.000000 1.000000 0.000000 0.000000
128400000 -662 1 90 24.000000 3.750000 13.120672 2.205396
128400000 -662 7 2 2.000000 1.000000 1.732051 0.000000
128400000 -662 24 1 1.000000 1.000000 0.000000 0.000000
128500000 -254 1 6 3.000000 2.000000 1.632993 1.000000
128500000 -254 1 14 8.000000 1.750000 4.123106 0.989743
128500000 -254 1 4 4.000000 1.000000 2.869855 0.000000
128500000 -254 2 3 3.000000 1.000000 2.200907 0.000000
128500000 -254 17 2 2.000000 1.000000 1.732051 0.000000
128500000 -254 64 1 1.000000 1.000000 0.000000 0.000000
128600000 -4 2 2 2.000000 1.000000 1.732051 0.000000
128600000 -4 124 1 1.000000 1.000000 0.000000 0.000000
128700000 -247 1 9 6.000000 1.500000 2.985549 0.929663
128700000 -247 1 10 6.000000 1.666667 3.020448 0.936426
128700000 -247 1 4 4.000000 1.000000 2.869855 0.000000
128700000 -247 5 3 3.000000 1.000000 2.200907 0.000000
128700000 -247 12 2 2.000000 1.000000 1.732051 0.000000
128700000 -247 66 1 1.000000 1.000000 0.000000 0.000000
128800000 -219 1 4 3.000000 1.333333 1.414214 0.866025
128800000 -219 1 7 7.000000 1.000000 4.564548 0.000000
128800000 -219 1 4 4.000000 1.000000 2.869855 0.000000
128800000 -219 4 3 3.000000 1.000000 2.200907 0.000000
128800000 -219 18 2 2.000000 1.000000 1.732051 0.000000
128800000 -219 65 1 1.000000 1.000000 0.000000 0.000000
128900000 -103 1 3 2.000000 1.500000 1.154701 0.666667
128900000 -103 16 2 2.000000 1.000000 1.732051 0.000000
128900000 -103 93 1 1.000000 1.000000 0.000000 0.000000
129000000 -151 4 3 3.000000 1.000000 2.200907 0.000000
129000000 -151 18 2 2.000000 1.000000 1.732051 0.000000
129000000 -151 80 1 1.000000 1.000000 0.000000 0.000000
129100000 -65 12 2 2.000000 1.000000 1.732051 0.000000
129100000 -65 104 1 1.000000 1.000000 0.000000 0.000000
129200000 -66 2 3 3.000000 1.000000 2.200907 0.000000
129200000 -66 7 2 2.000000 1.000000 1.732051 0.000000
129200000 -66 108 1 1.000000 1.000000 0.000000 0.000000
129300000 -93 1 4 4.000000 1.000000 2.869855 0.000000
129300000 -93 14 2 2.000000 1.000000 1.732051 0.000000
129300000 -93 96 1 1.000000 1.000000 0.000000 0.000000
129400000 -97 1 4 3.000000 1.333333 1.732051 0.707107
129400000 -97 1 3 3.000000 1.000000 2.200907 0.000000
129400000 -97 13 2 2.000000 1.000000 1.732051 0.000000
129400000 -97 95 1 1.000000 1.000000 0.000000 0.000000
129500000 -138 1 4 3.000000 1.333333 1.732051 0.707107
129500000 -138 6 3 3.000000 1.000000 2.200907 0.000000
129500000 -138 9 2 2.000000 1.000000 1.732051 0.000000
129500000 -138 88 1 1.000000 1.000000 0.000000 0.000000
129600000 -79 1 3 2.000000 1.500000 1.154701 0.666667
129600000 -79 1 3 3.000000 1.000000 2.200907 0.000000
129600000 -79 11 2 2.000000 1.000000 1.732051 0.000000
129600000 -79 100 1 1.000000 1.000000 0.000000 0.000000
129700000 -73 1 3 3.000000 1.000000 2.200907 0.000000
129700000 -73 12 2 2.000000 1.000000 1.732051 0.000000
129700000 -73 101 1 1.000000 1.000000 0.000000 0.000000
129800000 -12 2 2 2.000000 1.000000 1.732051 0.000000
129800000 -12 124 1 1.000000 1.000000 0.000000 0.000000
129900000 -4 1 2 2.000000 1.000000 1.732051 0.000000
129900000 -4 126 1 1.000000 1.000000 0.000000 0.000000
130000000 -49 9 2 2.000000 1.000000 1.732051 0.000000
130000000 -49 110 1 1.000000 1.000000 0.000000 0.000000
130100000 -23 1 3 3.000000 1.000000 2.200907 0.000000
130100000 -23 3 2 2.000000 1.000000 1.732051 0.000000
130100000 -23 119 1 1.000000 1.000000 0.000000 0.000000
130200000 0 128 1 1.000000 1.000000 0.000000 0.000000
130300000 -63 1 3 3.000000 1.000000 2.200907 0.000000
130300000 -63 10 2 2.000000 1.000000 1.732051 0.000000
130300000 -63 105 1 1.000000 1.000000 0.000000 0.000000
130400000 -83 15 2 2.000000 1.000000 1.732051 0.000000
130400000 -83 98 1 1.000000 1.000000 0.000000 0.000000
130500000 -20 4 2 2.000000 1.000000 1.732051 0.000000
130500000 -20 120 1 1.000000 1.000000 0.000000 0.000000
130600000 -77 1 3 2.000000 1.500000 1.154701 0.666667
130600000 -77 1 4 2.000000 2.000000 1.000000 1.000000
130600000 -77 1 3 3.000000 1.000000 2.200907 0.000000
130600000 -77 8 2 2.000000 1.000000 1.732051 0.000000
130600000 -77 102 1 1.000000 1.000000 0.000000 0.000000
130700000 -183 1 4 2.000000 2.000000 1.000000 1.000000
130700000 -183 7 3 3.000000 1.000000 2.200907 0.000000
130700000 -183 15 2 2.000000 1.000000 1.732051 0.000000
130700000 -183 73 1 1.000000 1.000000 0.000000 0.000000
130800000 -275 1 19 10.000000 1.900000 5.500709 0.994351
130800000 -275 1 3 2.000000 1.500000 1.154701 0.666667
130800000 -275 3 3 3.000000 1.000000 2.200907 0.000000
130800000 -275 19 2 2.000000 1.000000 1.732051 0.000000
130800000 -275 59 1 1.000000 1.000000 0.000000 0.000000
130900000 -331 1 42 12.000000 3.500000 6.240174 2.211371
130900000 -331 1 3 3.000000 1.000000 2.200907 0.000000
130900000 -331 7 2 2.000000 1.000000 1.732051 0.000000
130900000 -331 69 1 1.000000 1.000000 0.000000 0.000000
131000000 -430 1 38 19.000000 2.000000 10.954451 1.000000
131000000 -430 1 16 8.000000 2.000000 4.582576 1.000000
131000000 -430 3 3 3.000000 1.000000 2.200907 0.000000
131000000 -430 8 2 2.000000 1.000000 1.732051 0.000000
131000000 -430 49 1 1.000000 1.000000 0.000000 0.000000
131100000 -496 1 66 19.000000 3.473684 10.057432 2.148213
131100000 -496 1 3 2.000000 1.500000 1.154701 0.666667
131100000 -496 8 2 2.000000 1.000000 1.732051 0.000000
131100000 -496 43 1 1.000000 1.000000 0.000000 0.000000
131200000 -381 1 45 13.000000 3.461538 6.742027 2.199188
131200000 -381 1 5 5.000000 1.000000 3.401343 0.000000
131200000 -381 2 3 3.000000 1.000000 2.200907 0.000000
131200000 -381 7 2 2.000000 1.000000 1.732051 0.000000
131200000 -381 58 1 1.000000 1.000000 0.000000 0.000000
131300000 -365 1 47 14.000000 3.357143 7.527355 2.029623
131300000 -365 1 4 4.000000 1.000000 2.869855 0.000000
131300000 -365 2 3 3.000000 1.000000 2.200907 0.000000
131300000 -365 4 2 2.000000 1.000000 1.732051 0.000000
131300000 -365 63 1 1.000000 1.000000 0.000000 0.000000
131400000 -440 1 59 15.000000 3.933333 8.518310 2.218529
131400000 -440 1 3 3.000000 1.000000 2.200907 0.000000
131400000 -440 7 2 2.000000 1.000000 1.732051 0.000000
131400000 -440 52 1 1.000000 1.000000 0.000000 0.000000
131500000 -365 1 41 10.000000 4.100000 5.844871 2.330873
131500000 -365 1 3 2.000000 1.500000 1.154701 0.666667
131500000 -365 1 4 4.000000 1.000000 2.869855 0.000000
131500000 -365 1 3 3.000000 1.000000 2.200907 0.000000
131500000 -365 10 2 2.000000 1.000000 1.732051 0.000000
131500000 -365 57 1 1.000000 1.000000 0.000000 0.000000
131600000 -426 1 56 19.000000 2.947368 9.882210 2.023480
131600000 -426 9 2 2.000000 1.000000 1.732051 0.000000
131600000 -426 54 1 1.000000 1.000000 0.000000 0.000000
131700000 -551 1 78 20.000000 3.900000 11.266086 2.233647
131700000 -551 4 2 2.000000 1.000000 1.732051 0.000000
131700000 -551 42 1 1.000000 1.000000 0.000000 0.000000
131800000 -515 1 71 19.000000 3.736842 10.298347 2.196637
131800000 -515 1 3 3.000000 1.000000 2.200907 0.000000
131800000 -515 4 2 2.000000 1.000000 1.732051 0.000000
131800000 -515 46 1 1.000000 1.000000 0.000000 0.000000
131900000 -448 1 56 17.000000 3.294118 8.251894 2.213565
131900000 -448 1 3 3.000000 1.000000 2.200907 0.000000
131900000 -448 11 2 2.000000 1.000000 1.732051 0.000000
131900000 -448 47 1 1.000000 1.000000 0.000000 0.000000
132000000 -455 1 62 14.000000 4.428571 8.306988 3.346483
132000000 -455 1 3 3.000000 1.000000 2.200907 0.000000
132000000 -455 5 2 2.000000 1.000000 1.732051 0.000000
132000000 -455 53 1 1.000000 1.000000 0.000000 0.000000
132100000 -532 1 72 19.000000 3.789474 10.518146 2.168396
132100000 -532 1 4 4.000000 1.000000 2.869855 0.000000
132100000 -532 5 2 2.000000 1.000000 1.732051 0.000000
132100000 -532 42 1 1.000000 1.000000 0.000000 0.000000
132200000 -484 1 66 20.000000 3.300000 10.281019 2.054897
132200000 -484 1 3 3.000000 1.000000 2.200907 0.000000
132200000 -484 6 2 2.000000 1.000000 1.732051 0.000000
132200000 -484 47 1 1.000000 1.000000 0.000000 0.000000
132300000 -515 1 70 19.000000 3.684211 10.262700 2.200056
132300000 -515 1 3 3.000000 1.000000 2.200907 0.000000
132300000 -515 5 2 2.000000 1.000000 1.732051 0.000000
132300000 -515 45 1 1.000000 1.000000 0.000000 0.000000
132400000 -277 1 33 10.000000 3.300000 5.090101 2.097915
132400000 -277 1 3 3.000000 1.000000 2.200907 0.000000
132400000 -277 10 2 2.000000 1.000000 1.732051 0.000000
132400000 -277 72 1 1.000000 1.000000 0.000000 0.000000
132500000 -369 1 46 14.000000 3.285714 7.126156 2.109153
132500000 -369 2 3 3.000000 1.000000 2.200907 0.000000
132500000 -369 7 2 2.000000 1.000000 1.732051 0.000000
132500000 -369 62 1 1.000000 1.000000 0.000000 0.000000
132600000 -537 1 74 21.000000 3.523810 10.922328 2.190866
132600000 -537 7 2 2.000000 1.000000 1.732051 0.000000
132600000 -537 40 1 1.000000 1.000000 0.000000 0.000000
132700000 -538 1 74 23.000000 3.217391 10.891180 2.226776
132700000 -538 1 3 3.000000 1.000000 2.200907 0.000000
132700000 -538 4 2 2.000000 1.000000 1.732051 0.000000
132700000 -538 43 1 1.000000 1.000000 0.000000 0.000000
132800000 -439 1 57 15.000000 3.800000 8.230879 2.248957
132800000 -439 2 3 3.000000 1.000000 2.200907 0.000000
132800000 -439 6 2 2.000000 1.000000 1.732051 0.000000
132800000 -439 53 1 1.000000 1.000000 0.000000 0.000000
132900000 -476 1 68 18.000000 3.777778 9.851064 2.226329
132900000 -476 3 2 2.000000 1.000000 1.732051 0.000000
132900000 -476 54 1 1.000000 1.000000 0.000000 0.000000
133000000 -520 1 71 21.000000 3.380952 10.814411 2.152286
133000000 -520 2 3 3.000000 1.000000 2.200907 0.000000
133000000 -520 5 2 2.000000 1.000000 1.732051 0.000000
133000000 -520 41 1 1.000000 1.000000 0.000000 0.000000
133100000 -593 1 82 21.000000 3.904762 11.842713 2.214145
133100000 -593 1 3 3.000000 1.000000 2.200907 0.000000
133100000 -593 4 2 2.000000 1.000000 1.732051 0.000000
133100000 -593 35 1 1.000000 1.000000 0.000000 0.000000
133200000 -553 1 78 20.000000 3.900000 11.266086 2.233647
133200000 -553 1 3 3.000000 1.000000 2.200907 0.000000
133200000 -553 2 2 2.000000 1.000000 1.732051 0.000000
133200000 -553 43 1 1.000000 1.000000 0.000000 0.000000
133300000 -448 1 56 16.000000 3.500000 8.585459 2.183624
133300000 -448 3 3 3.000000 1.000000 2.200907 0.000000
133300000 -448 8 2 2.000000 1.000000 1.732051 0.000000
133300000 -448 47 1 1.000000 1.000000 0.000000 0.000000
133400000 -466 1 60 16.000000 3.750000 8.739695 2.173314
133400000 -466 11 2 2.000000 1.000000 1.732051 0.000000
133400000 -466 46 1 1.000000 1.000000 0.000000 0.000000
133500000 -373 1 48 13.000000 3.692308 7.050327 2.169352
133500000 -373 10 2 2.000000 1.000000 1.732051 0.000000
133500000 -373 60 1 1.000000 1.000000 0.000000 0.000000
133600000 -365 1 48 12.000000 4.000000 6.904105 2.236068
133600000 -365 1 3 3.000000 1.000000 2.200907 0.000000
133600000 -365 6 2 2.000000 1.000000 1.732051 0.000000
133600000 -365 65 1 1.000000 1.000000 0.000000 0.000000
133700000 -549 1 74 21.000000 3.523810 10.924469 2.184185
133700000 -549 1 3 3.000000 1.000000 2.200907 0.000000
133700000 -549 5 2 2.000000 1.000000 1.732051 0.000000
133700000 -549 41 1 1.000000 1.000000 0.000000 0.000000
133800000 -698 1 95 27.000000 3.518519 13.865049 2.227351
133800000 -698 7 2 2.000000 1.000000 1.732051 0.000000
133800000 -698 19 1 1.000000 1.000000 0.000000 0.000000
133900000 -423 1 49 14.000000 3.500000 7.183686 2.240030
133900000 -423 4 3 3.000000 1.000000 2.200907 0.000000
133900000 -423 10 2 2.000000 1.000000 1.732051 0.000000
133900000 -423 47 1 1.000000 1.000000 0.000000 0.000000
134000000 -648 1 88 23.000000 3.826087 12.803933 2.204523
134000000 -648 1 4 4.000000 1.000000 2.869855 0.000000
134000000 -648 5 2 2.000000 1.000000 1.732051 0.000000
134000000 -648 26 1 1.000000 1.000000 0.000000 0.000000
134100000 -638 1 88 24.000000 3.666667 12.887616 2.211974
134100000 -638 1 3 3.000000 1.000000 2.200907 0.000000
134100000 -638 4 2 2.000000 1.000000 1.732051 0.000000
134100000 -638 29 1 1.000000 1.000000 0.000000 0.000000
134200000 -642 1 91 23.000000 3.956522 13.054345 2.279622
134200000 -642 4 2 2.000000 1.000000 1.732051 0.000000
134200000 -642 29 1 1.000000 1.000000 0.000000 0.000000
134300000 -451 1 61 18.000000 3.388889 8.918824 2.186881
134300000 -451 8 2 2.000000 1.000000 1.732051 0.000000
134300000 -451 51 1 1.000000 1.000000 0.000000 0.000000
134400000 -609 1 82 22.000000 3.727273 11.884858 2.211994
134400000 -609 2 3 3.000000 1.000000 2.200907 0.000000
134400000 -609 4 2 2.000000 1.000000 1.732051 0.000000
134400000 -609 32 1 1.000000 1.000000 0.000000 0.000000
134500000 -327 1 37 9.000000 4.111111 5.136142 2.347130
134500000 -327 3 3 3.000000 1.000000 2.200907 0.000000
134500000 -327 10 2 2.000000 1.000000 1.732051 0.000000
134500000 -327 62 1 1.000000 1.000000 0.000000 0.000000
134600000 -540 1 71 18.000000 3.944444 10.249910 2.221841
134600000 -540 1 3 3.000000 1.000000 2.200907 0.000000
134600000 -540 8 2 2.000000 1.000000 1.732051 0.000000
134600000 -540 38 1 1.000000 1.000000 0.000000 0.000000
134700000 -544 1 74 19.000000 3.894737 10.689198 2.233369
134700000 -544 6 2 2.000000 1.000000 1.732051 0.000000
134700000 -544 42 1 1.000000 1.000000 0.000000 0.000000
134800000 -539 1 74 21.000000 3.523810 10.885347 2.221173
134800000 -539 6 2 2.000000 1.000000 1.732051 0.000000
134800000 -539 42 1 1.000000 1.000000 0.000000 0.000000
134900000 -637 1 89 24.000000 3.708333 13.079906 2.201217
134900000 -637 1 3 3.000000 1.000000 2.200907 0.000000
134900000 -637 2 2 2.000000 1.000000 1.732051 0.000000
134900000 -637 32 1 1.000000 1.000000 0.000000 0.000000
135000000 -471 1 65 19.000000 3.421053 9.694316 2.198198
135000000 -471 5 2 2.000000 1.000000 1.732051 0.000000
135000000 -471 53 1 1.000000 1.000000 0.000000 0.000000
135100000 -629 1 88 22.000000 4.000000 12.688578 2.236068
135100000 -629 4 2 2.000000 1.000000 1.732051 0.000000
135100000 -629 32 1 1.000000 1.000000 0.000000 0.000000
135200000 -646 1 87 24.000000 3.625000 12.677823 2.236625
135200000 -646 1 3 3.000000 1.000000 2.200907 0.000000
135200000 -646 7 2 2.000000 1.000000 1.732051 0.000000
135200000 -646 24 1 1.000000 1.000000 0.000000 0.000000
135300000 -584 1 81 21.000000 3.857143 11.714245 2.223197
135300000 -584 5 2 2.000000 1.000000 1.732051 0.000000
135300000 -584 37 1 1.000000 1.000000 0.000000 0.000000
135400000 -422 1 54 16.000000 3.375000 8.129498 2.151436
135400000 -422 11 2 2.000000 1.000000 1.732051 0.000000
135400000 -422 52 1 1.000000 1.000000 0.000000 0.000000
135500000 -354 1 38 19.000000 2.000000 10.954451 1.000000
135500000 -354 1 4 4.000000 1.000000 2.869855 0.000000
135500000 -354 4 3 3.000000 1.000000 2.200907 0.000000
135500000 -354 7 2 2.000000 1.000000 1.732051 0.000000
135500000 -354 60 1 1.000000 1.000000 0.000000 0.000000
135600000 -644 1 86 23.000000 3.739130 12.541155 2.197550
135600000 -644 9 2 2.000000 1.000000 1.732051 0.000000
135600000 -644 24 1 1.000000 1.000000 0.000000 0.000000
135700000 -672 1 94 30.000000 3.133333 15.246721 2.116927
135700000 -672 2 3 3.000000 1.000000 2.200907 0.000000
135700000 -672 1 2 2.000000 1.000000 1.732051 0.000000
135700000 -672 26 1 1.000000 1.000000 0.000000 0.000000
135800000 -568 1 76 20.000000 3.800000 11.087681 2.197560
135800000 -568 8 2 2.000000 1.000000 1.732051 0.000000
135800000 -568 36 1 1.000000 1.000000 0.000000 0.000000
135900000 -370 1 44 13.000000 3.384615 6.839118 2.112345
135900000 -370 2 3 3.000000 1.000000 2.200907 0.000000
135900000 -370 10 2 2.000000 1.000000 1.732051 0.000000
135900000 -370 58 1 1.000000 1.000000 0.000000 0.000000
136000000 -344 1 38 19.000000 2.000000 10.954451 1.000000
136000000 -344 1 3 2.000000 1.500000 1.154701 0.666667
136000000 -344 2 3 3.000000 1.000000 2.200907 0.000000
136000000 -344 10 2 2.000000 1.000000 1.732051 0.000000
136000000 -344 61 1 1.000000 1.000000 0.000000 0.000000
136100000 -209 1 15 6.000000 2.500000 3.171142 1.486783
136100000 -209 1 4 4.000000 1.000000 2.869855 0.000000
136100000 -209 2 3 3.000000 1.000000 2.200907 0.000000
136100000 -209 14 2 2.000000 1.000000 1.732051 0.000000
136100000 -209 75 1 1.000000 1.000000 0.000000 0.000000
136200000 -157 1 3 2.000000 1.500000 1.154701 0.666667
136200000 -157 1 5 5.000000 1.000000 3.401343 0.000000
136200000 -157 1 4 4.000000 1.000000 2.869855 0.000000
136200000 -157 3 3 3.000000 1.000000 2.200907 0.000000
136200000 -157 12 2 2.000000 1.000000 1.732051 0.000000
136200000 -157 83 1 1.000000 1.000000 0.000000 0.000000
136300000 -44 8 2 2.000000 1.000000 1.732051 0.000000
136300000 -44 112 1 1.000000 1.000000 0.000000 0.000000
136400000 -193 1 3 2.000000 1.500000 1.154701 0.666667
136400000 -193 2 4 4.000000 1.000000 2.869855 0.000000
136400000 -193 4 3 3.000000 1.000000 2.200907 0.000000
136400000 -193 18 2 2.000000 1.000000 1.732051 0.000000
136400000 -193 69 1 1.000000 1.000000 0.000000 0.000000
136500000 -115 4 3 3.000000 1.000000 2.200907 0.000000
136500000 -115 12 2 2.000000 1.000000 1.732051 0.000000
136500000 -115 92 1 1.000000 1.000000 0.000000 0.000000
136600000 -168 1 3 2.000000 1.500000 1.154701 0.666667
136600000 -168 1 4 4.000000 1.000000 2.869855 0.000000
136600000 -168 5 3 3.000000 1.000000 2.200907 0.000000
136600000 -168 16 2 2.000000 1.000000 1.732051 0.000000
136600000 -168 74 1 1.000000 1.000000 0.000000 0.000000
136700000 -123 1 4 3.000000 1.333333 1.732051 0.707107
136700000 -123 1 7 5.000000 1.400000 2.836226 0.780309
136700000 -123 1 4 4.000000 1.000000 2.869855 0.000000
136700000 -123 11 2 2.000000 1.000000 1.732051 0.000000
136700000 -123 91 1 1.000000 1.000000 0.000000 0.000000
136800000 -170 1 3 2.000000 1.500000 1.154701 0.666667
136800000 -170 5 3 3.000000 1.000000 2.200907 0.000000
136800000 -170 18 2 2.000000 1.000000 1.732051 0.000000
136800000 -170 74 1 1.000000 1.000000 0.000000 0.000000
136900000 -225 1 9 5.000000 1.800000 2.765244 1.022147
136900000 -225 6 3 3.000000 1.000000 2.200907 0.000000
136900000 -225 19 2 2.000000 1.000000 1.732051 0.000000
136900000 -225 63 1 1.000000 1.000000 0.000000 0.000000
137000000 -174 1 3 2.000000 1.500000 1.154701 0.666667
137000000 -174 7 3 3.000000 1.000000 2.200907 0.000000
137000000 -174 15 2 2.000000 1.000000 1.732051 0.000000
137000000 -174 74 1 1.000000 1.000000 0.000000 0.000000
137100000 -204 1 3 2.000000 1.500000 1.154701 0.666667
137100000 -204 1 3 2.000000 1.500000 1.154701 0.666667
137100000 -204 1 5 5.000000 1.000000 3.401343 0.000000
137100000 -204 1 4 4.000000 1.000000 2.869855 0.000000
137100000 -204 2 3 3.000000 1.000000 2.200907 0.000000
137100000 -204 21 2 2.000000 1.000000 1.732051 0.000000
137100000 -204 65 1 1.000000 1.000000 0.000000 0.000000
137200000 -71 1 3 3.000000 1.000000 2.200907 0.000000
137200000 -71 12 2 2.000000 1.000000 1.732051 0.000000
137200000 -71 101 1 1.000000 1.000000 0.000000 0.000000
137300000 -88 2 3 3.000000 1.000000 2.200907 0.000000
137300000 -88 12 2 2.000000 1.000000 1.732051 0.000000
137300000 -88 98 1 1.000000 1.000000 0.000000 0.000000
137400000 -91 2 3 3.000000 1.000000 2.200907 0.000000
137400000 -91 13 2 2.000000 1.000000 1.732051 0.000000
137400000 -91 96 1 1.000000 1.000000 0.000000 0.000000
137500000 -236 1 14 7.000000 2.000000 4.000000 1.000000
137500000 -236 6 3 3.000000 1.000000 2.200907 0.000000
137500000 -236 13 2 2.000000 1.000000 1.732051 0.000000
137500000 -236 70 1 1.000000 1.000000 0.000000 0.000000
137600000 -251 1 15 8.000000 1.875000 4.350790 0.990827
137600000 -251 1 6 3.000000 2.000000 1.632993 1.000000
137600000 -251 2 3 3.000000 1.000000 2.200907 0.000000
137600000 -251 18 2 2.000000 1.000000 1.732051 0.000000
137600000 -251 65 1 1.000000 1.000000 0.000000 0.000000
137700000 -71 1 4 4.000000 1.000000 2.869855 0.000000
137700000 -71 10 2 2.000000 1.000000 1.732051 0.000000
137700000 -71 104 1 1.000000 1.000000 0.000000 0.000000
137800000 -50 2 3 3.000000 1.000000 2.200907 0.000000
137800000 -50 5 2 2.000000 1.000000 1.732051 0.000000
137800000 -50 112 1 1.000000 1.000000 0.000000 0.000000
137900000 -135 1 4 4.000000 1.000000 2.869855 0.000000
137900000 -135 1 3 3.000000 1.000000 2.200907 0.000000
137900000 -135 20 2 2.000000 1.000000 1.732051 0.000000
137900000 -135 81 1 1.000000 1.000000 0.000000 0.000000
138000000 -39 1 3 2.000000 1.500000 1.154701 0.666667
138000000 -39 7 2 2.000000 1.000000 1.732051 0.000000
138000000 -39 111 1 1.000000 1.000000 0.000000 0.000000
138100000 -185 1 5 3.000000 1.666667 1.549193 0.894427
138100000 -185 2 4 4.000000 1.000000 2.869855 0.000000
138100000 -185 3 3 3.000000 1.000000 2.200907 0.000000
138100000 -185 16 2 2.000000 1.000000 1.732051 0.000000
138100000 -185 74 1 1.000000 1.000000 0.000000 0.000000
138200000 -137 2 3 3.000000 1.000000 2.200907 0.000000
138200000 -137 20 2 2.000000 1.000000 1.732051 0.000000
138200000 -137 82 1 1.000000 1.000000 0.000000 0.000000
138300000 -82 3 3 3.000000 1.000000 2.200907 0.000000
138300000 -82 8 2 2.000000 1.000000 1.732051 0.000000
138300000 -82 103 1 1.000000 1.000000 0.000000 0.000000
138400000 -269 1 22 11.000000 2.000000 6.324555 1.000000
138400000 -269 2 4 4.000000 1.000000 2.869855 0.000000
138400000 -269 2 3 3.000000 1.000000 2.200907 0.000000
138400000 -269 13 2 2.000000 1.000000 1.732051 0.000000
138400000 -269 66 1 1.000000 1.000000 0.000000 0.000000
138500000 -339 1 41 15.000000 2.733333 8.284995 1.769300
138500000 -339 1 4 4.000000 1.000000 2.869855 0.000000
138500000 -339 2 3 3.000000 1.000000 2.200907 0.000000
138500000 -339 7 2 2.000000 1.000000 1.732051 0.000000
138500000 -339 63 1 1.000000 1.000000 0.000000 0.000000
138600000 -324 1 30 15.000000 2.000000 8.640988 1.000000
138600000 -324 4 3 3.000000 1.000000 2.200907 0.000000
138600000 -324 13 2 2.000000 1.000000 1.732051 0.000000
138600000 -324 60 1 1.000000 1.000000 0.000000 0.000000
