100000 0 -77.000000 4.000000 4.000000 1.000000 
200000 0 -249.000000 23.000000 10.186247 2.429012 
300000 0 -197.000000 9.000000 5.335972 1.776804 
400000 0 -503.000000 85.000000 10.641503 8.309777 
500000 0 -640.000000 101.000000 16.914114 7.389310 
600000 0 -32.000000 2.000000 2.000000 1.000000 
700000 0 -466.000000 71.000000 17.198315 4.468780 
800000 0 -431.000000 67.000000 19.075537 3.884332 
900000 0 -113.000000 3.000000 3.000000 1.000000 
1000000 0 -141.000000 6.000000 6.000000 1.000000 
1100000 0 -100.000000 3.000000 3.000000 1.000000 
1200000 0 -253.000000 34.000000 9.898499 3.761350 
1300000 1 -454.000000 68.000000 16.892286 4.018360 
1400000 1 -448.000000 69.000000 17.769216 4.084694 
1500000 1 -550.000000 86.000000 15.734839 5.620744 
1600000 1 -686.000000 104.000000 17.782115 5.832424 
1700000 1 -210.000000 11.000000 4.415861 2.773131 
1800000 1 -404.000000 70.000000 15.650322 6.073133 
1900000 1 -72.000000 11.000000 5.641212 1.973763 
2000000 1 -250.000000 29.000000 8.687841 3.663056 
2100000 1 -646.000000 97.000000 16.589131 5.773382 
2200000 1 -561.000000 88.000000 17.978424 5.051995 
2300000 1 -6.000000 2.000000 2.000000 1.000000 
2400000 1 -585.000000 94.000000 18.536185 7.707719 
2500000 1 -568.000000 85.000000 16.173629 5.912500 
2600000 1 -258.000000 44.000000 13.545923 3.913808 
2700000 1 -162.000000 22.000000 5.912509 3.804207 
2800000 2 -467.000000 71.000000 12.865733 5.623158 
2900000 2 -568.000000 89.000000 17.092992 9.015526 
3000000 2 -321.000000 50.000000 10.238607 5.328539 
3100000 2 -453.000000 69.000000 15.234809 4.650361 
3200000 2 -642.000000 98.000000 18.259765 5.399373 
3300000 2 -144.000000 14.000000 6.470767 2.861887 
3400000 2 -6.000000 2.000000 2.000000 1.000000 
3500000 2 -404.000000 66.000000 13.810936 5.950131 
3600000 2 -336.000000 45.000000 13.207801 3.560889 
3700000 2 -382.000000 53.000000 14.287187 3.768414 
3800000 2 -109.000000 5.000000 4.227841 1.537974 
3900000 2 -625.000000 100.000000 19.651643 5.223231 
4000000 2 -165.000000 15.000000 7.742546 2.208991 
4100000 2 -529.000000 83.000000 15.525069 5.817090 
4200000 2 -246.000000 40.000000 9.999237 4.314830 
4300000 2 -651.000000 102.000000 19.378129 9.758455 
4400000 2 -210.000000 33.000000 8.535658 4.016063 
4500000 3 -566.000000 90.000000 12.425930 7.624277 
4600000 3 -387.000000 34.000000 12.347966 3.591375 
4700000 3 -415.000000 68.000000 13.691017 5.287315 
4800000 3 -526.000000 80.000000 13.736201 6.027222 
4900000 3 -689.000000 102.000000 27.575134 3.894451 
5000000 3 -223.000000 33.000000 11.132469 3.473127 
5100000 3 -298.000000 47.000000 12.845209 3.954375 
5200000 3 -70.000000 2.000000 2.000000 1.000000 
5300000 3 -644.000000 98.000000 17.052333 5.728891 
5400000 3 -543.000000 88.000000 13.748233 7.584716 
5500000 3 -479.000000 77.000000 10.163370 7.798734 
5600000 3 -617.000000 94.000000 19.632930 4.788162 
5700000 3 -65.000000 3.000000 3.000000 1.000000 
5800000 3 -378.000000 55.000000 14.408997 3.860456 
5900000 3 -128.000000 6.000000 6.000000 1.000000 
6000000 4 -611.000000 97.000000 18.815131 5.535708 
6100000 4 -388.000000 62.000000 12.151347 5.427924 
6200000 4 -213.000000 36.000000 9.124195 3.989453 
6300000 4 -367.000000 58.000000 9.961286 6.132011 
6400000 4 -442.000000 65.000000 16.423387 4.040349 
6500000 4 -482.000000 68.000000 17.151975 3.943488 
6600000 4 -330.000000 42.000000 10.495507 4.043234 
6700000 4 -271.000000 43.000000 15.142601 3.398001 
6800000 4 -267.000000 14.000000 9.324277 2.064447 
6900000 4 -626.000000 100.000000 14.776448 7.043450 
7000000 4 -544.000000 86.000000 14.463542 6.051216 
7100000 4 -50.000000 2.000000 2.000000 1.000000 
7200000 4 -267.000000 43.000000 13.355528 3.714794 
7300000 4 -222.000000 39.000000 10.335220 4.119013 
7400000 4 -156.000000 4.000000 4.000000 1.000000 
7500000 4 -70.000000 3.000000 2.236068 1.527525 
7600000 4 -1.000000 2.000000 2.000000 1.000000 
7700000 4 -125.000000 5.000000 3.605551 2.088061 
7800000 4 -249.000000 28.000000 9.823795 3.396156 
7900000 4 -625.000000 95.000000 24.338580 4.124682 
8000000 4 -495.000000 76.000000 16.108415 5.287470 
8100000 4 -154.000000 11.000000 5.641212 1.973763 
8200000 4 -690.000000 106.000000 22.086812 5.654123 
8300000 4 -301.000000 45.000000 12.485725 3.850926 
8400000 5 -416.000000 68.000000 10.326354 6.878429 
8500000 5 -646.000000 96.000000 20.274898 4.925368 
8600000 5 -689.000000 106.000000 13.914619 9.514822 
8700000 5 -387.000000 57.000000 17.486643 3.378731 
8800000 5 -116.000000 9.000000 4.675826 1.959682 
8900000 5 -198.000000 34.000000 7.204379 4.964932 
9000000 5 -639.000000 66.000000 16.636111 3.949770 
9100000 5 -698.000000 107.000000 16.849191 9.409009 
9200000 5 -244.000000 39.000000 10.336964 3.881789 
9300000 5 -549.000000 88.000000 13.298042 6.624436 
9400000 5 -412.000000 61.000000 21.522805 3.178088 
9500000 5 -546.000000 86.000000 15.415760 5.797099 
9600000 5 -352.000000 48.000000 9.697973 5.370768 
9700000 5 -439.000000 69.000000 25.010106 3.554322 
9800000 5 -287.000000 14.000000 4.667710 3.299386 
9900000 5 -8.000000 2.000000 2.000000 1.000000 
10000000 6 -427.000000 66.000000 17.373646 3.977479 
10100000 6 -593.000000 89.000000 16.511618 5.448496 
10200000 6 -536.000000 91.000000 15.211543 6.480691 
10300000 6 -239.000000 27.000000 13.775070 1.987750 
10400000 6 -573.000000 82.000000 14.533129 5.810915 
10500000 6 -322.000000 39.000000 19.843422 1.982652 
10600000 6 -501.000000 74.000000 12.675360 6.061407 
10700000 6 -621.000000 95.000000 18.777787 5.338942 
10800000 6 -223.000000 27.000000 9.574492 2.955062 
10900000 6 -261.000000 42.000000 10.892434 4.052518 
11000000 6 -667.000000 99.000000 14.171321 9.319588 
11100000 6 -212.000000 9.000000 4.675826 1.959682 
11200000 6 -197.000000 10.000000 5.000000 2.000000 
11300000 6 -644.000000 97.000000 16.208304 7.149111 
11400000 6 -265.000000 33.000000 8.883186 3.702917 
11500000 6 -667.000000 98.000000 19.722713 5.442978 
11600000 6 -347.000000 44.000000 11.139247 3.917514 
11700000 6 -184.000000 9.000000 4.675826 1.959682 
11800000 7 -617.000000 89.000000 22.341512 3.947533 
11900000 7 -563.000000 86.000000 22.044566 3.899190 
12000000 7 -684.000000 101.000000 25.382107 4.048742 
12100000 7 -378.000000 54.000000 13.557376 3.991248 
12200000 7 -359.000000 44.000000 11.101400 4.201366 
12300000 7 -289.000000 12.000000 6.000000 2.000000 
12400000 7 -208.000000 7.000000 5.013236 1.681264 
12500000 7 -475.000000 60.000000 14.933855 4.128353 
12600000 7 -480.000000 72.000000 19.963868 3.769638 
12700000 7 -210.000000 6.000000 6.000000 1.000000 
12800000 7 -614.000000 91.000000 17.153615 5.276585 
12900000 7 -495.000000 72.000000 19.610550 4.124840 
13000000 7 -454.000000 54.000000 12.441054 4.673498 
13100000 7 -122.000000 7.000000 3.735017 1.929538 
13200000 7 -445.000000 65.000000 16.174149 4.262871 
13300000 7 -483.000000 71.000000 21.419642 3.536355 
13400000 7 -432.000000 59.000000 15.404457 5.040545 
13500000 7 -139.000000 3.000000 3.000000 1.000000 
13600000 7 -104.000000 3.000000 3.000000 1.000000 
13700000 7 -529.000000 74.000000 18.525160 4.021349 
13800000 7 -315.000000 32.000000 10.900506 3.682634 
13900000 8 -470.000000 70.000000 13.777765 5.163069 
14000000 8 -488.000000 71.000000 15.522699 4.811543 
14100000 8 -330.000000 47.000000 12.656057 3.807363 
14200000 8 -175.000000 18.000000 9.171278 1.971714 
14300000 8 -546.000000 78.000000 18.249461 4.432773 
14400000 8 -198.000000 5.000000 2.863564 1.843909 
14500000 8 -468.000000 69.000000 17.368567 4.013547 
14600000 8 -52.000000 2.000000 2.000000 1.000000 
14700000 8 -488.000000 69.000000 17.806477 3.850952 
14800000 8 -699.000000 103.000000 16.210856 6.570938 
14900000 8 -232.000000 13.000000 8.218451 1.746073 
15000000 8 -94.000000 13.000000 6.618263 1.981517 
15100000 8 -627.000000 89.000000 24.211415 3.798923 
15200000 8 -99.000000 4.000000 2.000000 2.000000 
15300000 8 -685.000000 101.000000 25.040588 4.068551 
15400000 8 -621.000000 87.000000 16.176401 5.504208 
15500000 9 -478.000000 43.000000 10.802644 3.957387 
15600000 9 -430.000000 62.000000 16.882355 3.778827 
15700000 9 -592.000000 83.000000 21.141816 4.043558 
15800000 9 -448.000000 47.000000 23.531973 1.998638 
15900000 9 -371.000000 52.000000 13.343338 4.029808 
16000000 9 -564.000000 82.000000 23.520057 3.830386 
16100000 9 -651.000000 91.000000 22.875060 3.966543 
16200000 9 -402.000000 34.000000 17.176156 1.989701 
16300000 9 -31.000000 2.000000 2.000000 1.000000 
16400000 9 -378.000000 41.000000 20.536673 1.998208 
16500000 9 -689.000000 96.000000 23.845387 4.155708 
16600000 9 -105.000000 4.000000 4.000000 1.000000 
16700000 9 -271.000000 26.000000 12.808396 2.168498 
16800000 9 -182.000000 5.000000 5.000000 1.000000 
16900000 9 -137.000000 15.000000 7.092812 2.334956 
17000000 9 -651.000000 92.000000 23.215757 4.135727 
17100000 9 -681.000000 96.000000 24.492832 3.896398 
17200000 9 -297.000000 45.000000 11.498379 3.854081 
17300000 9 -312.000000 16.000000 8.000000 2.000000 
17400000 9 -381.000000 60.000000 15.590058 3.844920 
17500000 9 -410.000000 33.000000 16.545623 1.997228 
17600000 10 -587.000000 84.000000 14.684353 5.716136 
17700000 10 -527.000000 76.000000 19.557301 3.935093 
17800000 10 -413.000000 61.000000 15.774304 3.985141 
17900000 10 -170.000000 17.000000 8.589495 1.989372 
18000000 10 -531.000000 69.000000 17.414149 3.971555 
18100000 10 -84.000000 11.000000 4.776838 2.441040 
18200000 10 -655.000000 96.000000 23.916279 3.999824 
18300000 10 -147.000000 21.000000 8.737051 2.711276 
18400000 10 -280.000000 8.000000 4.000000 2.000000 
18500000 10 -492.000000 69.000000 17.968219 3.956292 
18600000 10 -306.000000 40.000000 10.586867 3.992587 
18700000 10 -22.000000 2.000000 2.000000 1.000000 
18800000 10 -188.000000 5.000000 2.863564 1.843909 
18900000 10 -427.000000 61.000000 15.884301 3.843511 
19000000 10 -364.000000 38.000000 19.000000 2.000000 
19100000 10 -132.000000 5.000000 2.863564 1.843909 
19200000 10 -554.000000 81.000000 15.350216 5.368757 
19300000 10 -653.000000 90.000000 22.615996 3.996068 
19400000 10 -74.000000 3.000000 3.000000 1.000000 
19500000 11 -603.000000 90.000000 24.280601 4.262735 
19600000 11 -605.000000 86.000000 21.896281 4.017219 
19700000 11 -301.000000 43.000000 11.502131 3.889573 
19800000 11 -594.000000 82.000000 21.031918 3.884241 
19900000 11 -643.000000 92.000000 23.833753 3.942574 
20000000 11 -94.000000 3.000000 3.000000 1.000000 
20100000 11 -110.000000 3.000000 2.236068 1.527525 
20200000 11 -352.000000 31.000000 15.548590 1.996856 
20300000 11 -429.000000 58.000000 15.479380 3.975993 
20400000 11 -561.000000 77.000000 19.357396 3.978555 
20500000 11 -166.000000 4.000000 4.000000 1.000000 
20600000 11 -282.000000 11.000000 5.641212 1.973763 
20700000 11 -495.000000 73.000000 12.682317 5.672085 
20800000 11 -572.000000 83.000000 15.142764 5.627261 
20900000 11 -46.000000 4.000000 4.000000 1.000000 
21000000 11 -374.000000 26.000000 13.230051 1.982487 
21100000 11 -609.000000 82.000000 20.435708 4.267447 
21200000 11 -328.000000 45.000000 11.518180 3.917442 
21300000 11 -101.000000 4.000000 2.975584 1.464888 
21400000 12 -523.000000 61.000000 15.129289 4.217491 
21500000 12 -697.000000 99.000000 25.473809 3.924951 
21600000 12 -632.000000 80.000000 20.282288 3.917914 
21700000 12 -386.000000 49.000000 12.670064 3.846720 
21800000 12 -43.000000 3.000000 3.000000 1.000000 
21900000 12 -297.000000 16.000000 8.371678 1.954803 
22000000 12 -473.000000 61.000000 15.385899 3.955443 
22100000 12 -655.000000 94.000000 23.061778 4.186574 
22200000 12 -165.000000 10.000000 4.560702 2.408319 
22300000 12 -7.000000 2.000000 2.000000 1.000000 
22400000 13 -108.000000 4.000000 4.000000 1.000000 
22500000 13 -508.000000 67.000000 23.226503 3.235990 
22600000 13 -632.000000 90.000000 23.211907 3.976591 
22700000 13 -419.000000 49.000000 12.417281 4.013852 
22800000 13 -602.000000 83.000000 21.094750 3.953648 
22900000 13 -378.000000 51.000000 13.721893 3.882689 
23000000 13 -626.000000 87.000000 22.192637 3.972324 
23100000 13 -328.000000 38.000000 10.269844 4.062682 
23200000 13 -91.000000 3.000000 3.000000 1.000000 
23300000 13 -447.000000 59.000000 16.408461 3.668930 
23400000 13 -40.000000 4.000000 4.000000 1.000000 
23500000 13 -237.000000 5.000000 5.000000 1.000000 
23600000 13 -501.000000 69.000000 18.679502 5.286494 
23700000 13 -563.000000 82.000000 14.722905 5.728169 
23800000 13 -669.000000 96.000000 16.052635 6.059525 
23900000 13 -559.000000 78.000000 19.706452 3.954743 
24000000 13 -152.000000 6.000000 3.000000 2.000000 
24100000 13 -151.000000 4.000000 4.000000 1.000000 
24200000 14 -218.000000 6.000000 3.908841 1.747654 
24300000 14 -340.000000 34.000000 17.000000 2.000000 
24400000 14 -482.000000 64.000000 16.094626 3.946683 
24500000 14 -689.000000 99.000000 24.894443 4.013191 
24600000 14 -448.000000 62.000000 16.250324 3.876720 
24700000 14 -517.000000 67.000000 17.266872 3.940686 
24800000 14 -336.000000 46.000000 13.899661 3.606833 
24900000 14 -162.000000 4.000000 4.000000 1.000000 
25000000 14 -20.000000 2.000000 2.000000 1.000000 
25100000 14 -406.000000 53.000000 13.293568 3.970990 
25200000 14 -592.000000 88.000000 15.082309 5.968382 
25300000 14 -490.000000 68.000000 17.238835 3.893134 
25400000 14 -246.000000 19.000000 10.186979 1.931939 
25500000 14 -257.000000 13.000000 7.081212 1.883811 
25600000 14 -124.000000 5.000000 2.863564 1.843909 
25700000 14 -246.000000 8.000000 4.000000 2.000000 
25800000 14 -176.000000 4.000000 4.000000 1.000000 
25900000 14 -55.000000 3.000000 3.000000 1.000000 
26000000 14 -360.000000 41.000000 20.536673 1.998208 
26100000 14 -265.000000 21.000000 10.572090 1.993092 
26200000 14 -410.000000 52.000000 12.662542 4.226253 
26300000 15 -567.000000 78.000000 19.633679 3.991105 
26400000 15 -556.000000 74.000000 18.866391 3.960557 
26500000 15 -448.000000 56.000000 14.548780 3.900070 
26600000 15 -648.000000 87.000000 21.988941 3.982788 
26700000 15 -562.000000 78.000000 20.101262 3.867686 
26800000 15 -519.000000 68.000000 17.363881 3.936449 
26900000 15 -555.000000 77.000000 19.827322 3.857154 
27000000 15 -536.000000 72.000000 18.311870 3.972935 
27100000 15 -555.000000 79.000000 20.253456 3.907936 
27200000 15 -396.000000 50.000000 13.153980 3.863886 
27300000 15 -653.000000 93.000000 23.559357 3.938484 
27400000 15 -532.000000 73.000000 18.482112 3.966958 
27500000 15 -511.000000 65.000000 16.779536 4.003113 
27600000 15 -532.000000 73.000000 18.973608 3.834385 
27700000 15 -546.000000 77.000000 21.763792 3.686121 
27800000 15 -255.000000 24.000000 10.932541 2.719600 
27900000 15 -144.000000 10.000000 5.291503 1.969772 
28000000 15 -139.000000 5.000000 4.227841 1.537974 
28100000 15 -174.000000 3.000000 3.000000 1.000000 
28200000 15 -129.000000 6.000000 6.000000 1.000000 
28300000 15 -254.000000 12.000000 6.265403 1.935128 
28400000 15 -3.000000 2.000000 2.000000 1.000000 
28500000 15 -61.000000 4.000000 3.162278 1.581139 
28600000 15 -217.000000 5.000000 2.863564 1.843909 
28700000 15 -13.000000 2.000000 2.000000 1.000000 
28800000 15 -305.000000 13.000000 6.240205 2.319346 
28900000 15 -395.000000 40.000000 17.554165 2.489234 
29000000 15 -383.000000 43.000000 20.717671 2.304404 
29100000 15 -415.000000 48.000000 24.124890 1.994812 
29200000 16 -262.000000 12.000000 6.000000 2.000000 
29300000 16 -35.000000 3.000000 2.236068 1.527525 
29400000 16 -205.000000 5.000000 3.683282 1.683282 
29500000 16 -185.000000 4.000000 4.000000 1.000000 
29600000 16 -7.000000 2.000000 2.000000 1.000000 
29700000 16 -277.000000 12.000000 6.265403 1.935128 
29800000 16 -451.000000 57.000000 15.297616 3.888275 
29900000 16 -641.000000 91.000000 23.263408 3.893019 
30000000 16 -654.000000 92.000000 23.000000 4.000000 
30100000 16 -518.000000 69.000000 17.655876 3.980622 
30200000 16 -510.000000 67.000000 16.828891 4.018037 
30300000 16 -640.000000 92.000000 23.048862 3.998402 
30400000 16 -643.000000 87.000000 21.982347 3.959008 
30500000 16 -483.000000 60.000000 17.617067 3.756634 
30600000 16 -683.000000 92.000000 23.950668 3.834935 
30700000 16 -640.000000 88.000000 22.206123 3.949670 
30800000 16 -628.000000 87.000000 21.844248 3.946489 
30900000 16 -491.000000 68.000000 18.935872 3.690711 
31000000 16 -478.000000 62.000000 15.549566 3.993462 
31100000 16 -640.000000 93.000000 23.606347 4.056935 
31200000 16 -459.000000 58.000000 14.687467 3.925446 
31300000 16 -622.000000 85.000000 21.726847 3.923247 
31400000 16 -437.000000 50.000000 13.044640 3.913742 
31500000 16 -595.000000 83.000000 21.035286 3.952816 
31600000 16 -265.000000 22.000000 7.680912 2.878294 
31700000 16 -604.000000 85.000000 15.956984 5.355487 
31800000 16 -688.000000 96.000000 16.062416 5.957867 
31900000 16 -658.000000 93.000000 18.768904 5.185646 
32000000 16 -335.000000 44.000000 12.068086 3.816795 
32100000 16 -479.000000 61.000000 15.484284 4.004958 
32200000 16 -531.000000 72.000000 18.816180 3.791131 
32300000 16 -331.000000 39.000000 12.749851 3.208944 
32400000 16 -293.000000 31.000000 8.400884 3.954420 
32500000 16 -622.000000 87.000000 22.611582 3.891784 
32600000 16 -611.000000 81.000000 20.582809 3.914906 
32700000 16 -527.000000 66.000000 16.911215 3.950425 
32800000 16 -361.000000 44.000000 13.599834 3.522813 
32900000 16 -267.000000 26.000000 10.930091 2.540903 
33000000 16 -164.000000 5.000000 3.683282 1.683282 
33100000 16 -19.000000 2.000000 2.000000 1.000000 
33200000 16 -186.000000 4.000000 4.000000 1.000000 
33300000 16 -292.000000 23.000000 12.484728 2.037273 
33400000 16 -243.000000 13.000000 6.618263 1.981517 
33500000 16 -32.000000 2.000000 2.000000 1.000000 
33600000 16 -82.000000 2.000000 2.000000 1.000000 
33700000 16 -2.000000 2.000000 2.000000 1.000000 
33800000 16 -15.000000 3.000000 3.000000 1.000000 
33900000 16 -11.000000 2.000000 2.000000 1.000000 
34000000 16 -209.000000 5.000000 2.863564 1.843909 
34100000 16 -330.000000 24.000000 12.000000 2.000000 
34200000 16 -323.000000 30.000000 15.199538 1.986801 
34300000 16 -217.000000 10.000000 5.584244 1.891089 
34400000 16 -156.000000 5.000000 5.000000 1.000000 
34500000 16 -91.000000 3.000000 3.000000 1.000000 
34600000 16 -159.000000 4.000000 4.000000 1.000000 
34700000 16 -301.000000 32.000000 8.905417 3.841361 
34800000 16 -680.000000 95.000000 23.773522 3.982696 
34900000 16 -650.000000 91.000000 23.127991 3.868980 
35000000 16 -445.000000 55.000000 13.790815 3.968122 
35100000 16 -461.000000 59.000000 15.465119 3.838883 
35200000 16 -587.000000 81.000000 20.423831 3.939204 
35300000 16 -380.000000 48.000000 12.124627 3.934846 
35400000 16 -484.000000 63.000000 16.070449 4.002354 
35500000 16 -552.000000 74.000000 18.707946 3.968510 
35600000 16 -493.000000 65.000000 16.473667 3.949933 
35700000 16 -305.000000 22.000000 11.135529 1.993792 
35800000 16 -8.000000 2.000000 2.000000 1.000000 
35900000 16 -74.000000 5.000000 3.255764 1.969772 
36000000 16 -310.000000 33.000000 16.545623 1.997228 
36100000 16 -40.000000 2.000000 2.000000 1.000000 
36200000 16 -328.000000 23.000000 11.565719 1.994256 
36300000 17 -532.000000 71.000000 17.984930 3.922978 
36400000 17 -557.000000 73.000000 18.568496 3.958053 
36500000 17 -687.000000 94.000000 24.037772 3.965261 
36600000 17 -416.000000 53.000000 13.353772 3.950748 
36700000 17 -165.000000 8.000000 4.424675 1.849933 
36800000 17 -262.000000 23.000000 11.565719 1.994256 
36900000 17 -194.000000 8.000000 4.358899 1.952562 
37000000 17 -141.000000 3.000000 3.000000 1.000000 
37100000 17 -22.000000 2.000000 2.000000 1.000000 
37200000 17 -38.000000 3.000000 2.236068 1.527525 
37300000 17 -143.000000 3.000000 3.000000 1.000000 
37400000 17 -214.000000 5.000000 2.863564 1.843909 
37500000 17 -12.000000 2.000000 2.000000 1.000000 
37600000 17 -341.000000 27.000000 13.555864 1.995846 
37700000 17 -496.000000 66.000000 16.659621 4.042100 
37800000 17 -651.000000 88.000000 22.117421 3.929450 
37900000 17 -686.000000 95.000000 25.095561 3.915741 
38000000 17 -481.000000 63.000000 15.833926 4.018891 
38100000 17 -613.000000 83.000000 20.993603 3.955839 
38200000 17 -632.000000 92.000000 24.009890 3.812433 
38300000 17 -575.000000 81.000000 20.533957 3.960476 
38400000 17 -374.000000 46.000000 12.092774 3.898181 
38500000 17 -337.000000 40.000000 10.000000 4.000000 
38600000 17 -325.000000 35.000000 17.542998 1.997537 
38700000 17 -244.000000 14.000000 7.000000 2.000000 
38800000 17 -205.000000 4.000000 2.645751 1.802776 
38900000 17 -387.000000 47.000000 13.936887 3.641025 
39000000 17 -660.000000 87.000000 21.775688 3.980950 
39100000 17 -598.000000 86.000000 21.761236 3.973514 
39200000 17 -573.000000 78.000000 19.539040 3.995940 
39300000 18 -462.000000 56.000000 14.106736 3.992340 
39400000 18 -437.000000 53.000000 14.018071 3.857544 
39500000 18 -635.000000 89.000000 22.341512 3.947533 
39600000 18 -573.000000 76.000000 19.080250 3.990399 
39700000 18 -533.000000 71.000000 17.824843 3.974879 
39800000 18 -614.000000 81.000000 20.614129 3.938321 
39900000 18 -500.000000 68.000000 17.335429 3.947125 
40000000 18 -566.000000 78.000000 19.616338 3.954635 
40100000 18 -381.000000 51.000000 13.175703 3.925420 
40200000 18 -425.000000 53.000000 13.812616 3.871076 
40300000 18 -371.000000 47.000000 11.927242 3.954450 
40400000 18 -287.000000 31.000000 15.548590 1.996856 
40500000 18 -314.000000 30.000000 15.000000 2.000000 
40600000 18 -318.000000 25.000000 12.560390 1.995148 
40700000 18 -290.000000 20.000000 10.153365 1.977163 
40800000 18 -63.000000 3.000000 3.000000 1.000000 
40900000 18 -76.000000 2.000000 2.000000 1.000000 
41000000 18 -140.000000 3.000000 3.000000 1.000000 
41100000 18 -211.000000 7.000000 3.735017 1.929538 
41200000 18 -378.000000 35.000000 17.713036 1.992687 
41300000 18 -302.000000 26.000000 12.456851 2.198358 
41400000 18 -238.000000 13.000000 6.618263 1.981517 
41500000 18 -190.000000 4.000000 4.000000 1.000000 
41600000 18 -131.000000 4.000000 4.000000 1.000000 
41700000 18 -158.000000 10.000000 5.000000 2.000000 
41800000 18 -616.000000 84.000000 21.195629 3.955800 
41900000 18 -648.000000 92.000000 23.503424 3.891938 
42000000 18 -493.000000 69.000000 17.649281 3.867047 
42100000 18 -594.000000 83.000000 20.776929 3.979939 
42200000 18 -615.000000 85.000000 21.277149 4.015632 
42300000 18 -683.000000 96.000000 16.083251 5.915607 
42400000 18 -616.000000 84.000000 15.029200 5.603754 
42500000 18 -641.000000 91.000000 16.955009 5.351679 
42600000 18 -647.000000 93.000000 15.761295 5.894895 
42700000 18 -337.000000 46.000000 9.659107 4.957699 
42800000 18 -347.000000 42.000000 11.150253 3.878041 
42900000 18 -498.000000 64.000000 16.070412 3.950333 
43000000 18 -350.000000 31.000000 15.548590 1.996856 
43100000 18 -648.000000 89.000000 22.631634 3.907308 
43200000 18 -525.000000 73.000000 17.722179 4.296153 
43300000 18 -582.000000 78.000000 19.696777 3.971730 
43400000 18 -468.000000 59.000000 14.844252 4.007939 
43500000 18 -500.000000 64.000000 16.000000 4.000000 
43600000 18 -427.000000 57.000000 14.454784 3.910722 
43700000 18 -593.000000 81.000000 20.829352 3.903148 
43800000 18 -374.000000 51.000000 12.794098 3.965200 
43900000 18 -331.000000 34.000000 17.000000 2.000000 
44000000 18 -212.000000 5.000000 2.863564 1.843909 
44100000 18 -203.000000 16.000000 7.517376 2.261427 
44200000 18 -13.000000 2.000000 2.000000 1.000000 
44300000 18 -38.000000 3.000000 3.000000 1.000000 
44400000 18 -173.000000 8.000000 4.716113 1.839370 
44500000 18 -155.000000 4.000000 4.000000 1.000000 
44600000 18 -116.000000 3.000000 3.000000 1.000000 
44700000 18 -10.000000 2.000000 2.000000 1.000000 
44800000 19 -123.000000 4.000000 4.000000 1.000000 
44900000 19 -371.000000 40.000000 11.401275 3.828959 
45000000 19 -404.000000 51.000000 12.854951 3.962693 
45100000 19 -519.000000 68.000000 17.000000 4.000000 
45200000 19 -297.000000 27.000000 13.555864 1.995846 
45300000 19 -230.000000 12.000000 6.244998 1.979057 
45400000 19 -199.000000 8.000000 4.358899 1.952562 
45500000 19 -105.000000 3.000000 3.000000 1.000000 
45600000 19 -169.000000 4.000000 4.000000 1.000000 
45700000 19 -203.000000 6.000000 6.000000 1.000000 
45800000 19 -379.000000 43.000000 10.885896 3.999626 
45900000 19 -397.000000 45.000000 11.301569 3.965651 
46000000 19 -290.000000 26.000000 13.000000 2.000000 
46100000 19 -520.000000 67.000000 16.922260 3.945922 
46200000 19 -607.000000 84.000000 21.141865 3.948362 
46300000 19 -655.000000 90.000000 23.114950 3.919539 
46400000 19 -355.000000 45.000000 11.433702 3.960464 
46500000 19 -657.000000 91.000000 22.808002 4.014118 
46600000 19 -393.000000 47.000000 11.864174 3.958718 
46700000 19 -292.000000 33.000000 17.762476 1.950833 
46800000 19 -287.000000 31.000000 12.346283 2.646755 
46900000 19 -246.000000 11.000000 5.641212 1.973763 
47000000 19 -100.000000 3.000000 3.000000 1.000000 
47100000 19 -273.000000 21.000000 10.572090 1.993092 
47200000 19 -354.000000 31.000000 15.548590 1.996856 
47300000 19 -390.000000 50.000000 25.000000 2.000000 
47400000 19 -375.000000 44.000000 11.669618 3.914608 
47500000 19 -329.000000 38.000000 9.227890 4.538668 
47600000 19 -478.000000 64.000000 14.457252 4.567803 
47700000 19 -495.000000 64.000000 16.187687 3.941688 
47800000 19 -447.000000 49.000000 13.306923 3.746599 
47900000 19 -617.000000 87.000000 22.323452 3.970510 
48000000 19 -576.000000 78.000000 19.612264 3.952893 
48100000 19 -465.000000 56.000000 14.522870 3.874401 
48200000 19 -494.000000 66.000000 16.571925 4.034898 
48300000 19 -670.000000 91.000000 22.906230 3.974433 
48400000 19 -503.000000 69.000000 17.370193 3.932209 
48500000 19 -445.000000 59.000000 17.732330 3.534375 
48600000 19 -641.000000 90.000000 22.864495 3.946315 
48700000 19 -651.000000 90.000000 22.787761 3.915894 
48800000 19 -647.000000 93.000000 23.792403 3.914531 
48900000 19 -599.000000 81.000000 20.429822 3.938319 
49000000 19 -447.000000 64.000000 15.122893 4.276373 
49100000 19 -462.000000 63.000000 17.081272 3.727943 
49200000 19 -562.000000 77.000000 19.633393 3.932762 
49300000 19 -388.000000 51.000000 12.794098 3.965200 
49400000 19 -171.000000 3.000000 3.000000 1.000000 
49500000 19 -94.000000 3.000000 3.000000 1.000000 
49600000 19 -74.000000 2.000000 2.000000 1.000000 
49700000 19 -155.000000 3.000000 3.000000 1.000000 
49800000 19 -63.000000 3.000000 3.000000 1.000000 
49900000 19 -206.000000 3.000000 3.000000 1.000000 
50000000 19 -51.000000 3.000000 3.000000 1.000000 
50100000 19 -84.000000 3.000000 3.000000 1.000000 
50200000 19 -225.000000 5.000000 4.227841 1.537974 
50300000 19 -78.000000 3.000000 3.000000 1.000000 
50400000 19 -253.000000 19.000000 8.900918 2.268225 
50500000 19 -297.000000 11.000000 5.641212 1.973763 
50600000 19 -155.000000 4.000000 4.000000 1.000000 
50700000 19 -33.000000 3.000000 2.236068 1.527525 
50800000 19 -97.000000 4.000000 2.645751 1.802776 
50900000 19 -304.000000 28.000000 14.000000 2.000000 
51000000 19 -369.000000 45.000000 11.436705 3.929227 
51100000 19 -328.000000 23.000000 11.565719 1.994256 
51200000 19 -109.000000 7.000000 5.000000 2.714286 
51300000 19 -140.000000 4.000000 4.000000 1.000000 
51400000 19 -5.000000 2.000000 2.000000 1.000000 
51500000 19 -133.000000 3.000000 3.000000 1.000000 
51600000 19 -21.000000 2.000000 2.000000 1.000000 
51700000 19 -265.000000 18.000000 9.165151 1.990719 
51800000 19 -506.000000 67.000000 17.653154 3.760176 
51900000 19 -331.000000 39.000000 10.463282 3.748373 
52000000 19 -631.000000 87.000000 21.811363 3.978397 
52100000 19 -554.000000 74.000000 18.561189 3.951883 
52200000 19 -649.000000 91.000000 23.297319 3.944493 
52300000 19 -608.000000 84.000000 21.396620 3.863438 
52400000 19 -403.000000 48.000000 12.124356 3.989570 
52500000 19 -401.000000 48.000000 12.214055 3.912345 
52600000 19 -602.000000 86.000000 21.552451 3.959531 
52700000 19 -551.000000 75.000000 19.226835 3.906680 
52800000 19 -642.000000 89.000000 22.611502 3.998371 
52900000 19 -355.000000 40.000000 10.313097 3.935739 
53000000 19 -667.000000 91.000000 22.437985 4.041676 
53100000 19 -665.000000 95.000000 23.936187 3.993916 
53200000 20 -418.000000 56.000000 14.080133 3.995675 
53300000 20 -499.000000 69.000000 17.385701 4.014092 
53400000 20 -375.000000 40.000000 10.148892 3.984972 
53500000 20 -393.000000 53.000000 13.778381 3.936251 
53600000 20 -699.000000 99.000000 24.715461 4.074977 
53700000 20 -482.000000 60.000000 15.203699 3.972514 
53800000 20 -408.000000 52.000000 13.342735 3.814618 
53900000 20 -332.000000 24.000000 12.000000 2.000000 
54000000 20 -265.000000 20.000000 10.000000 2.000000 
54100000 20 -177.000000 4.000000 2.975584 1.464888 
54200000 20 -92.000000 4.000000 2.645751 1.802776 
54300000 20 -165.000000 5.000000 5.000000 1.000000 
54400000 20 -227.000000 4.000000 4.000000 1.000000 
54500000 20 -232.000000 10.000000 5.000000 2.000000 
54600000 20 -112.000000 3.000000 3.000000 1.000000 
54700000 20 -186.000000 3.000000 3.000000 1.000000 
54800000 20 -330.000000 28.000000 14.000000 2.000000 
54900000 20 -187.000000 8.000000 4.000000 2.000000 
55000000 20 -276.000000 19.000000 9.579844 1.991532 
55100000 20 -318.000000 25.000000 12.560390 1.995148 
55200000 20 -296.000000 26.000000 13.453624 1.982169 
55300000 20 -248.000000 16.000000 9.360956 1.853374 
55400000 20 -300.000000 18.000000 9.165151 1.990719 
55500000 20 -300.000000 35.000000 17.713036 1.992687 
55600000 20 -534.000000 75.000000 19.100520 3.901591 
55700000 20 -628.000000 85.000000 22.357575 3.891563 
55800000 20 -607.000000 86.000000 21.535312 3.996678 
55900000 20 -524.000000 67.000000 16.923539 3.929562 
56000000 20 -553.000000 73.000000 20.594926 3.752060 
56100000 20 -526.000000 74.000000 18.933817 3.908464 
56200000 20 -432.000000 58.000000 15.547463 3.866293 
56300000 20 -275.000000 21.000000 10.572090 1.993092 
56400000 20 -127.000000 3.000000 3.000000 1.000000 
56500000 20 -51.000000 3.000000 3.000000 1.000000 
56600000 20 -63.000000 2.000000 2.000000 1.000000 
56700000 20 -180.000000 4.000000 4.000000 1.000000 
56800000 20 -161.000000 5.000000 3.890725 1.490725 
56900000 20 -43.000000 3.000000 2.236068 1.527525 
57000000 20 -185.000000 5.000000 5.000000 1.000000 
57100000 20 -97.000000 2.000000 2.000000 1.000000 
57200000 20 -102.000000 7.000000 5.870093 1.522341 
57300000 20 -256.000000 21.000000 10.572090 1.993092 
57400000 20 -198.000000 4.000000 4.000000 1.000000 
57500000 20 -150.000000 3.000000 3.000000 1.000000 
57600000 20 -236.000000 9.000000 4.675826 1.959682 
57700000 20 -272.000000 14.000000 7.224041 1.952749 
57800000 20 -534.000000 74.000000 18.559619 3.956760 
57900000 20 -396.000000 49.000000 12.298696 4.024069 
58000000 20 -672.000000 94.000000 23.532241 3.997230 
58100000 20 -695.000000 96.000000 24.181977 3.931738 
58200000 20 -491.000000 62.000000 15.824459 3.922989 
58300000 20 -571.000000 77.000000 19.357142 3.968081 
58400000 20 -538.000000 74.000000 18.541221 3.995475 
58500000 20 -646.000000 88.000000 22.418583 3.935837 
58600000 20 -578.000000 79.000000 19.997893 3.924132 
58700000 20 -548.000000 72.000000 18.000000 4.000000 
58800000 20 -537.000000 75.000000 19.135513 3.954491 
58900000 20 -571.000000 74.000000 19.902310 3.763694 
59000000 20 -526.000000 72.000000 18.083324 4.040062 
59100000 20 -540.000000 74.000000 18.640855 3.914709 
59200000 20 -676.000000 90.000000 22.533706 3.996973 
59300000 20 -688.000000 97.000000 24.304714 3.978551 
59400000 20 -612.000000 86.000000 21.694887 3.929385 
59500000 20 -588.000000 79.000000 22.654397 3.670305 
59600000 20 -532.000000 73.000000 18.363228 3.937105 
59700000 20 -532.000000 73.000000 18.407495 3.964790 
59800000 20 -372.000000 43.000000 11.085216 3.933543 
59900000 20 -634.000000 90.000000 25.164126 3.745724 
60000000 20 -596.000000 84.000000 21.144179 3.986184 
60100000 20 -433.000000 55.000000 14.194804 3.932964 
60200000 20 -395.000000 45.000000 11.813087 3.883185 
60300000 20 -410.000000 53.000000 14.279939 3.799163 
60400000 20 -411.000000 52.000000 13.000000 4.000000 
60500000 20 -483.000000 60.000000 15.297276 3.978275 
60600000 20 -500.000000 66.000000 17.505760 3.756007 
60700000 20 -481.000000 64.000000 16.190534 3.975931 
60800000 20 -511.000000 68.000000 17.178990 3.978745 
60900000 20 -393.000000 52.000000 13.195848 3.877727 
61000000 20 -495.000000 67.000000 17.060361 3.967004 
61100000 20 -447.000000 56.000000 14.192393 3.907830 
61200000 20 -537.000000 70.000000 17.792923 3.940430 
61300000 20 -681.000000 98.000000 24.727628 3.954137 
61400000 20 -687.000000 94.000000 23.843479 3.936060 
61500000 20 -591.000000 80.000000 20.074860 3.996248 
61600000 20 -492.000000 65.000000 16.830512 3.963460 
61700000 20 -549.000000 75.000000 19.334860 3.946710 
61800000 20 -243.000000 14.000000 7.000000 2.000000 
61900000 20 -351.000000 47.000000 12.593068 3.943865 
62000000 20 -404.000000 50.000000 13.519951 3.810265 
62100000 20 -569.000000 77.000000 13.689428 5.607275 
62200000 20 -565.000000 80.000000 14.730542 5.566069 
62300000 20 -697.000000 101.000000 17.372193 5.708217 
62400000 20 -589.000000 83.000000 15.613689 5.499988 
62500000 20 -597.000000 84.000000 14.094924 5.990904 
62600000 20 -628.000000 84.000000 14.024749 6.397035 
62700000 20 -473.000000 68.000000 12.069657 5.729093 
62800000 20 -630.000000 85.000000 21.312007 4.013184 
62900000 20 -642.000000 88.000000 22.132907 3.960434 
63000000 20 -488.000000 70.000000 17.543665 3.994923 
63100000 20 -479.000000 63.000000 15.785549 3.972709 
63200000 20 -376.000000 49.000000 12.657190 3.873420 
63300000 20 -513.000000 67.000000 17.040430 3.906657 
63400000 20 -480.000000 60.000000 14.136439 4.374291 
63500000 20 -360.000000 41.000000 20.536673 1.998208 
63600000 20 -279.000000 23.000000 9.845084 2.526350 
63700000 20 -352.000000 38.000000 10.301519 3.812145 
63800000 20 -400.000000 47.000000 23.785673 1.987970 
63900000 20 -329.000000 39.000000 9.963815 3.865657 
64000000 20 -539.000000 72.000000 18.086340 3.985510 
64100000 20 -457.000000 59.000000 15.059304 3.966667 
64200000 20 -324.000000 42.000000 10.765930 3.883446 
64300000 20 -547.000000 71.000000 17.950126 3.963843 
64400000 20 -500.000000 66.000000 16.836467 3.920920 
64500000 20 -366.000000 26.000000 12.453976 2.202532 
64600000 20 -218.000000 11.000000 5.641212 1.973763 
64700000 20 -141.000000 4.000000 4.000000 1.000000 
64800000 20 -225.000000 16.000000 8.000000 2.000000 
64900000 20 -62.000000 2.000000 2.000000 1.000000 
65000000 20 -67.000000 3.000000 3.000000 1.000000 
65100000 20 -276.000000 25.000000 12.560390 1.995148 
65200000 20 -290.000000 27.000000 13.555864 1.995846 
65300000 20 -234.000000 12.000000 6.491474 1.922005 
65400000 20 -323.000000 23.000000 11.827328 1.961090 
65500000 20 -267.000000 15.000000 7.601850 1.986257 
65600000 20 -278.000000 20.000000 10.000000 2.000000 
65700000 20 -114.000000 3.000000 3.000000 1.000000 
65800000 20 -234.000000 14.000000 7.000000 2.000000 
65900000 20 -203.000000 7.000000 3.735017 1.929538 
66000000 20 -239.000000 15.000000 5.931631 2.631048 
66100000 20 -262.000000 12.000000 6.000000 2.000000 
66200000 20 -113.000000 3.000000 3.000000 1.000000 
66300000 20 -49.000000 3.000000 3.000000 1.000000 
66400000 20 -158.000000 5.000000 2.863564 1.843909 
66500000 20 -149.000000 4.000000 4.000000 1.000000 
66600000 20 -220.000000 16.000000 8.194055 1.964043 
66700000 20 -328.000000 29.000000 14.759283 1.975338 
66800000 20 -279.000000 17.000000 8.589495 1.989372 
66900000 20 -105.000000 3.000000 3.000000 1.000000 
67000000 20 -338.000000 27.000000 13.555864 1.995846 
67100000 20 -289.000000 27.000000 13.555864 1.995846 
67200000 20 -443.000000 57.000000 15.789033 3.645037 
67300000 20 -453.000000 61.000000 16.032973 3.925119 
67400000 20 -417.000000 52.000000 13.115098 3.940025 
67500000 20 -377.000000 51.000000 12.912547 3.900689 
67600000 20 -472.000000 64.000000 16.072758 3.989541 
67700000 20 -470.000000 63.000000 15.785549 3.972709 
67800000 20 -597.000000 85.000000 21.383408 3.943999 
67900000 20 -686.000000 94.000000 23.593506 3.962100 
68000000 20 -589.000000 84.000000 21.216081 3.942446 
68100000 20 -388.000000 49.000000 12.991470 3.827025 
68200000 20 -669.000000 93.000000 23.307137 3.977350 
68300000 20 -556.000000 78.000000 20.220777 4.151218 
68400000 20 -447.000000 58.000000 15.043540 3.781155 
68500000 20 -234.000000 14.000000 7.000000 2.000000 
68600000 20 -196.000000 4.000000 4.000000 1.000000 
68700000 20 -1.000000 2.000000 2.000000 1.000000 
68800000 20 -60.000000 2.000000 2.000000 1.000000 
68900000 20 -9.000000 2.000000 2.000000 1.000000 
69000000 20 -210.000000 5.000000 5.000000 1.000000 
69100000 20 -5.000000 2.000000 2.000000 1.000000 
69200000 20 -193.000000 4.000000 4.000000 1.000000 
69300000 20 -17.000000 2.000000 2.000000 1.000000 
69400000 20 -269.000000 18.000000 9.000000 2.000000 
69500000 20 -180.000000 14.000000 7.000000 2.000000 
69600000 20 -115.000000 4.000000 4.000000 1.000000 
69700000 20 -207.000000 4.000000 4.000000 1.000000 
69800000 20 -167.000000 4.000000 4.000000 1.000000 
69900000 20 -141.000000 4.000000 4.000000 1.000000 
70000000 21 -180.000000 5.000000 5.000000 1.000000 
70100000 21 -258.000000 18.000000 9.331056 1.964007 
70200000 21 -404.000000 41.000000 20.536673 1.998208 
70300000 21 -344.000000 32.000000 16.000000 2.000000 
70400000 21 -408.000000 50.000000 12.904699 3.906704 
70500000 21 -389.000000 47.000000 12.597049 3.852969 
70600000 21 -401.000000 45.000000 12.060796 3.798363 
70700000 21 -550.000000 72.000000 18.143571 3.954685 
70800000 21 -671.000000 98.000000 24.589760 3.963875 
70900000 21 -389.000000 49.000000 12.482629 4.006645 
71000000 21 -530.000000 72.000000 18.249037 3.943812 
71100000 21 -301.000000 35.000000 8.905770 3.946157 
71200000 21 -503.000000 68.000000 17.412579 3.861375 
71300000 21 -680.000000 99.000000 25.011801 3.938104 
71400000 21 -519.000000 70.000000 17.543665 3.994923 
71500000 21 -434.000000 52.000000 13.123659 3.971092 
71600000 21 -374.000000 44.000000 11.139285 4.054256 
71700000 21 -424.000000 54.000000 13.660860 3.926570 
71800000 21 -595.000000 82.000000 20.686768 3.974477 
71900000 21 -557.000000 74.000000 18.704339 3.941240 
72000000 21 -689.000000 100.000000 21.309166 4.665775 
72100000 21 -671.000000 93.000000 23.535203 4.002064 
72200000 21 -619.000000 85.000000 21.277149 4.015632 
72300000 21 -692.000000 99.000000 24.864674 3.970536 
72400000 21 -665.000000 92.000000 23.065173 3.966622 
72500000 21 -388.000000 52.000000 13.236525 3.963034 
72600000 21 -109.000000 8.000000 4.000000 2.000000 
72700000 21 -31.000000 3.000000 2.236068 1.527525 
72800000 21 -100.000000 4.000000 2.000000 2.000000 
72900000 21 -155.000000 4.000000 4.000000 1.000000 
73000000 21 -94.000000 4.000000 4.000000 1.000000 
73100000 21 -117.000000 3.000000 3.000000 1.000000 
73200000 21 -11.000000 2.000000 2.000000 1.000000 
73300000 21 -164.000000 4.000000 3.162278 1.581139 
73400000 21 -35.000000 3.000000 3.000000 1.000000 
73500000 21 -143.000000 5.000000 2.863564 1.843909 
73600000 21 -93.000000 3.000000 3.000000 1.000000 
73700000 21 -30.000000 2.000000 2.000000 1.000000 
73800000 21 -76.000000 3.000000 3.000000 1.000000 
73900000 21 -185.000000 4.000000 2.000000 2.000000 
74000000 21 -193.000000 3.000000 3.000000 1.000000 
74100000 21 -66.000000 3.000000 3.000000 1.000000 
74200000 21 -97.000000 3.000000 3.000000 1.000000 
74300000 21 -162.000000 4.000000 4.000000 1.000000 
74400000 21 -219.000000 5.000000 5.000000 1.000000 
74500000 21 -96.000000 4.000000 4.000000 1.000000 
74600000 21 -151.000000 4.000000 4.000000 1.000000 
74700000 21 -183.000000 4.000000 4.000000 1.000000 
74800000 21 -96.000000 3.000000 3.000000 1.000000 
74900000 21 -114.000000 3.000000 3.000000 1.000000 
75000000 21 -98.000000 3.000000 3.000000 1.000000 
75100000 21 -172.000000 3.000000 3.000000 1.000000 
75200000 21 -4.000000 2.000000 2.000000 1.000000 
75300000 21 -135.000000 4.000000 4.000000 1.000000 
75400000 21 -48.000000 2.000000 2.000000 1.000000 
75500000 21 -81.000000 3.000000 2.236068 1.527525 
75600000 21 -89.000000 3.000000 3.000000 1.000000 
75700000 21 -42.000000 3.000000 3.000000 1.000000 
75800000 21 -214.000000 7.000000 3.735017 1.929538 
75900000 21 -46.000000 3.000000 2.236068 1.527525 
76000000 21 -193.000000 4.000000 3.162278 1.581139 
76100000 21 -22.000000 2.000000 2.000000 1.000000 
76200000 21 -113.000000 4.000000 4.000000 1.000000 
76300000 21 -134.000000 7.000000 3.735017 1.929538 
76400000 21 -121.000000 3.000000 3.000000 1.000000 
76500000 21 -162.000000 3.000000 3.000000 1.000000 
76600000 21 -167.000000 3.000000 3.000000 1.000000 
76700000 21 -151.000000 4.000000 4.000000 1.000000 
76800000 21 -253.000000 11.000000 5.641212 1.973763 
76900000 21 -285.000000 24.000000 12.126950 1.984210 
77000000 21 -302.000000 29.000000 14.551973 1.996404 
77100000 21 -328.000000 28.000000 14.000000 2.000000 
77200000 21 -313.000000 19.000000 9.579844 1.991532 
77300000 21 -305.000000 34.000000 17.349352 1.989592 
77400000 21 -276.000000 25.000000 12.796596 1.985730 
77500000 21 -254.000000 22.000000 11.000000 2.000000 
77600000 21 -324.000000 35.000000 17.542998 1.997537 
77700000 21 -264.000000 23.000000 11.821728 1.983167 
77800000 21 -52.000000 2.000000 2.000000 1.000000 
77900000 21 -173.000000 5.000000 4.227841 1.537974 
78000000 21 -47.000000 3.000000 3.000000 1.000000 
78100000 21 -189.000000 9.000000 4.675826 1.959682 
78200000 21 -100.000000 3.000000 3.000000 1.000000 
78300000 21 -250.000000 28.000000 13.430639 2.177244 
78400000 21 -256.000000 18.000000 9.000000 2.000000 
78500000 21 -105.000000 6.000000 6.000000 1.000000 
78600000 21 -324.000000 37.000000 18.540660 1.997798 
78700000 21 -311.000000 32.000000 16.000000 2.000000 
78800000 21 -304.000000 19.000000 9.579844 1.991532 
78900000 21 -328.000000 25.000000 12.560390 1.995148 
79000000 21 -96.000000 4.000000 4.000000 1.000000 
79100000 21 -204.000000 7.000000 3.735017 1.929538 
79200000 21 -52.000000 3.000000 3.000000 1.000000 
79300000 21 -128.000000 4.000000 4.000000 1.000000 
79400000 21 -314.000000 25.000000 12.560390 1.995148 
79500000 21 -49.000000 3.000000 3.000000 1.000000 
79600000 21 -133.000000 5.000000 5.000000 1.000000 
79700000 21 -141.000000 5.000000 5.000000 1.000000 
79800000 21 -76.000000 3.000000 3.000000 1.000000 
79900000 21 -199.000000 7.000000 3.735017 1.929538 
80000000 21 -266.000000 23.000000 11.565719 1.994256 
80100000 21 -301.000000 32.000000 13.996551 2.438877 
80200000 21 -357.000000 42.000000 11.064609 3.919635 
80300000 21 -686.000000 99.000000 24.772572 3.983454 
80400000 21 -575.000000 78.000000 19.539040 3.995940 
80500000 21 -414.000000 51.000000 12.981713 3.914740 
80600000 21 -499.000000 65.000000 17.972602 3.732158 
80700000 21 -476.000000 63.000000 16.013402 3.911180 
80800000 21 -459.000000 61.000000 15.867788 3.957029 
80900000 21 -571.000000 77.000000 19.319508 3.970925 
81000000 21 -375.000000 49.000000 12.363287 3.944592 
81100000 21 -622.000000 87.000000 21.949999 3.909114 
81200000 21 -614.000000 85.000000 21.197012 4.256831 
81300000 21 -501.000000 70.000000 17.729354 3.948832 
81400000 21 -377.000000 44.000000 11.101819 3.992972 
81500000 21 -447.000000 59.000000 14.940882 3.907376 
81600000 21 -442.000000 62.000000 16.029723 3.901241 
81700000 21 -374.000000 41.000000 10.389284 3.926717 
81800000 21 -579.000000 80.000000 20.281976 3.947416 
81900000 21 -372.000000 41.000000 11.554191 3.918689 
82000000 21 -405.000000 50.000000 12.561622 4.091656 
82100000 21 -625.000000 88.000000 22.051501 3.963209 
82200000 21 -345.000000 39.000000 9.808378 3.951988 
82300000 21 -678.000000 95.000000 23.773522 3.982696 
82400000 21 -469.000000 54.000000 12.850977 4.200789 
82500000 21 -468.000000 59.000000 15.101975 3.910942 
82600000 21 -452.000000 60.000000 15.949343 3.768528 
82700000 21 -515.000000 69.000000 17.328019 3.966226 
82800000 21 -553.000000 78.000000 20.154621 3.919093 
82900000 21 -612.000000 86.000000 21.552451 3.959531 
83000000 21 -501.000000 61.000000 15.335121 3.969974 
83100000 21 -428.000000 53.000000 15.131888 3.629217 
83200000 21 -516.000000 69.000000 17.551240 3.924378 
83300000 21 -560.000000 77.000000 19.548492 3.957292 
83400000 21 -576.000000 80.000000 20.680962 3.918428 
83500000 21 -340.000000 36.000000 18.166402 1.990805 
83600000 21 -230.000000 21.000000 10.572090 1.993092 
83700000 21 -92.000000 4.000000 4.000000 1.000000 
83800000 21 -51.000000 3.000000 3.000000 1.000000 
83900000 21 -129.000000 3.000000 3.000000 1.000000 
84000000 21 -126.000000 3.000000 3.000000 1.000000 
84100000 21 -13.000000 2.000000 2.000000 1.000000 
84200000 21 -13.000000 2.000000 2.000000 1.000000 
84300000 21 -157.000000 5.000000 3.605551 2.088061 
84400000 21 -29.000000 3.000000 3.000000 1.000000 
84500000 21 -218.000000 5.000000 5.000000 1.000000 
84600000 21 -93.000000 3.000000 3.000000 1.000000 
84700000 21 -55.000000 3.000000 2.236068 1.527525 
84800000 21 -262.000000 14.000000 7.000000 2.000000 
84900000 21 -406.000000 50.000000 12.562327 3.989680 
85000000 21 -405.000000 53.000000 13.580711 3.922082 
85100000 21 -597.000000 81.000000 20.614129 3.938321 
85200000 21 -469.000000 60.000000 15.099669 3.993328 
85300000 21 -523.000000 72.000000 18.168782 3.981089 
85400000 21 -327.000000 36.000000 10.026939 3.646071 
85500000 21 -374.000000 47.000000 11.932352 3.950024 
85600000 21 -425.000000 56.000000 14.212670 3.889415 
85700000 21 -593.000000 80.000000 20.057478 3.993442 
85800000 21 -607.000000 83.000000 20.139769 4.184466 
85900000 21 -638.000000 90.000000 22.533706 3.996973 
86000000 21 -493.000000 63.000000 15.887935 4.217604 
86100000 21 -429.000000 52.000000 13.251894 4.008832 
86200000 21 -379.000000 45.000000 11.979922 4.010910 
86300000 21 -363.000000 43.000000 11.031405 3.884882 
86400000 21 -476.000000 61.000000 15.335724 3.921864 
86500000 21 -473.000000 64.000000 17.072733 3.714454 
86600000 21 -616.000000 88.000000 22.051176 3.964432 
86700000 21 -519.000000 63.000000 15.934968 4.060165 
86800000 21 -658.000000 90.000000 22.938643 3.943792 
86900000 21 -625.000000 88.000000 22.133705 3.924512 
87000000 21 -313.000000 39.000000 11.776041 3.504210 
87100000 21 -479.000000 62.000000 15.570858 3.947760 
87200000 21 -399.000000 50.000000 13.316922 3.816646 
87300000 21 -405.000000 51.000000 15.425641 3.629782 
87400000 21 -647.000000 90.000000 22.600731 4.027625 
87500000 21 -577.000000 77.000000 19.851687 3.946458 
87600000 21 -690.000000 98.000000 23.693248 4.227822 
87700000 21 -684.000000 94.000000 23.787993 3.975552 
87800000 21 -675.000000 96.000000 24.000000 4.000000 
87900000 21 -567.000000 75.000000 18.899822 3.926378 
88000000 21 -647.000000 91.000000 23.792365 3.802540 
88100000 21 -372.000000 49.000000 12.809689 3.770731 
88200000 21 -524.000000 71.000000 17.781505 3.976145 
88300000 21 -565.000000 74.000000 18.707946 3.968510 
88400000 21 -601.000000 82.000000 20.838785 3.886124 
88500000 21 -687.000000 97.000000 24.273689 4.013931 
88600000 21 -588.000000 81.000000 20.751579 3.915340 
88700000 21 -345.000000 33.000000 16.545623 1.997228 
88800000 21 -451.000000 60.000000 15.541572 3.849616 
88900000 21 -519.000000 74.000000 18.731468 3.968822 
89000000 21 -441.000000 54.000000 13.903036 3.870569 
89100000 21 -659.000000 90.000000 22.602285 3.985583 
89200000 21 -405.000000 54.000000 13.557376 3.991248 
89300000 21 -386.000000 48.000000 12.130461 3.974902 
89400000 21 -625.000000 86.000000 21.815408 3.983717 
89500000 21 -572.000000 76.000000 18.984721 4.066540 
89600000 21 -568.000000 77.000000 19.397058 3.975138 
89700000 21 -583.000000 83.000000 21.220582 3.898911 
89800000 21 -424.000000 51.000000 12.857383 3.957128 
89900000 21 -662.000000 91.000000 23.600682 3.886411 
90000000 21 -609.000000 86.000000 21.694962 3.929172 
90100000 21 -435.000000 52.000000 15.113457 3.783019 
90200000 21 -641.000000 90.000000 22.800862 3.973331 
90300000 21 -679.000000 96.000000 24.174149 3.950849 
90400000 21 -642.000000 92.000000 23.133724 3.962015 
90500000 21 -501.000000 66.000000 16.545371 3.954284 
90600000 21 -672.000000 96.000000 24.297512 3.968552 
90700000 21 -693.000000 96.000000 24.420917 3.924292 
90800000 21 -621.000000 85.000000 21.312706 3.974519 
90900000 21 -687.000000 94.000000 23.532241 3.997230 
91000000 21 -532.000000 73.000000 18.281808 4.017777 
91100000 21 -532.000000 74.000000 19.256400 3.921672 
91200000 21 -454.000000 60.000000 15.462018 3.910585 
91300000 21 -578.000000 76.000000 19.154414 3.911288 
91400000 21 -343.000000 46.000000 11.140550 4.430054 
91500000 21 -355.000000 39.000000 9.805827 4.037252 
91600000 21 -513.000000 61.000000 15.933310 3.852086 
91700000 21 -631.000000 87.000000 21.914632 3.943946 
91800000 21 -357.000000 42.000000 10.886735 3.896985 
91900000 21 -498.000000 67.000000 16.783403 3.974542 
92000000 21 -367.000000 43.000000 11.092919 3.972680 
92100000 21 -590.000000 81.000000 20.278540 4.016291 
92200000 21 -660.000000 94.000000 23.659319 3.991828 
92300000 21 -478.000000 61.000000 15.729863 3.885219 
92400000 21 -690.000000 100.000000 25.174924 3.934669 
92500000 21 -646.000000 93.000000 23.435322 3.974123 
92600000 21 -528.000000 66.000000 17.878797 3.833502 
92700000 21 -565.000000 74.000000 18.985158 3.906111 
92800000 21 -289.000000 17.000000 8.930537 1.969449 
92900000 21 -323.000000 31.000000 14.871409 2.175538 
93000000 21 -249.000000 13.000000 6.618263 1.981517 
93100000 21 -160.000000 4.000000 4.000000 1.000000 
93200000 21 -54.000000 3.000000 3.000000 1.000000 
93300000 21 -24.000000 2.000000 2.000000 1.000000 
93400000 21 -24.000000 2.000000 2.000000 1.000000 
93500000 21 -242.000000 14.000000 7.000000 2.000000 
93600000 21 -234.000000 14.000000 7.000000 2.000000 
93700000 21 -305.000000 30.000000 10.250479 3.391313 
93800000 21 -280.000000 28.000000 14.000000 2.000000 
93900000 21 -284.000000 24.000000 12.000000 2.000000 
94000000 21 -306.000000 32.000000 16.000000 2.000000 
94100000 21 -349.000000 43.000000 11.274995 3.789122 
94200000 21 -437.000000 51.000000 13.563172 3.806295 
94300000 21 -579.000000 76.000000 20.431509 3.877733 
94400000 21 -359.000000 40.000000 10.746671 4.245182 
94500000 21 -363.000000 50.000000 13.992771 3.715152 
94600000 21 -471.000000 61.000000 15.386071 3.920375 
94700000 21 -520.000000 66.000000 16.659883 3.947569 
94800000 21 -645.000000 85.000000 21.346939 3.972164 
94900000 21 -609.000000 84.000000 21.622945 3.999697 
95000000 21 -442.000000 57.000000 14.290433 3.973079 
95100000 21 -623.000000 88.000000 22.199011 3.990615 
95200000 21 -410.000000 53.000000 13.463734 3.960313 
95300000 21 -578.000000 78.000000 20.151034 3.922191 
95400000 21 -588.000000 80.000000 20.973476 3.863394 
95500000 21 -617.000000 88.000000 22.671873 3.963239 
95600000 21 -415.000000 51.000000 12.857383 3.957128 
95700000 21 -452.000000 54.000000 14.786080 3.835805 
95800000 21 -446.000000 60.000000 15.173289 3.888183 
95900000 21 -428.000000 54.000000 14.003750 3.926004 
96000000 21 -352.000000 37.000000 18.701644 1.993453 
96100000 21 -228.000000 13.000000 6.618263 1.981517 
96200000 21 -18.000000 2.000000 2.000000 1.000000 
96300000 21 -119.000000 3.000000 3.000000 1.000000 
96400000 21 -66.000000 3.000000 3.000000 1.000000 
96500000 21 -198.000000 3.000000 3.000000 1.000000 
96600000 21 -127.000000 3.000000 3.000000 1.000000 
96700000 21 -170.000000 3.000000 3.000000 1.000000 
96800000 21 -59.000000 3.000000 3.000000 1.000000 
96900000 21 -193.000000 6.000000 3.908841 1.747654 
97000000 21 -114.000000 3.000000 3.000000 1.000000 
97100000 21 -208.000000 4.000000 4.000000 1.000000 
97200000 21 -80.000000 3.000000 3.000000 1.000000 
97300000 21 -167.000000 4.000000 4.000000 1.000000 
97400000 21 -250.000000 11.000000 5.641212 1.973763 
97500000 22 -7.000000 2.000000 2.000000 1.000000 
97600000 22 -317.000000 29.000000 13.790546 2.188863 
97700000 22 -329.000000 40.000000 10.810032 3.767719 
97800000 22 -400.000000 52.000000 13.236525 3.963034 
97900000 22 -530.000000 70.000000 17.566314 3.995623 
98000000 22 -641.000000 87.000000 22.318406 3.862854 
98100000 22 -291.000000 25.000000 8.059316 3.397562 
98200000 22 -274.000000 19.000000 9.579844 1.991532 
98300000 22 -252.000000 20.000000 10.000000 2.000000 
98400000 22 -380.000000 40.000000 20.000000 2.000000 
98500000 22 -43.000000 2.000000 2.000000 1.000000 
98600000 22 -31.000000 2.000000 2.000000 1.000000 
98700000 22 -69.000000 4.000000 4.000000 1.000000 
98800000 22 -217.000000 7.000000 3.735017 1.929538 
98900000 22 -104.000000 3.000000 3.000000 1.000000 
99000000 22 -208.000000 13.000000 6.618263 1.981517 
99100000 22 -270.000000 23.000000 11.565719 1.994256 
99200000 22 -29.000000 2.000000 2.000000 1.000000 
99300000 22 -193.000000 4.000000 4.000000 1.000000 
99400000 22 -138.000000 4.000000 4.000000 1.000000 
99500000 22 -252.000000 16.000000 8.000000 2.000000 
99600000 22 -19.000000 2.000000 2.000000 1.000000 
99700000 22 -1.000000 2.000000 2.000000 1.000000 
99800000 22 -108.000000 4.000000 4.000000 1.000000 
99900000 22 -143.000000 4.000000 3.162278 1.581139 
100000000 22 -176.000000 4.000000 4.000000 1.000000 
100100000 22 -178.000000 4.000000 4.000000 1.000000 
100200000 22 -355.000000 33.000000 8.377865 4.190875 
100300000 22 -699.000000 99.000000 25.625068 3.907315 
100400000 22 -589.000000 82.000000 20.686768 3.974477 
100500000 22 -685.000000 96.000000 24.062737 4.028418 
100600000 22 -488.000000 66.000000 16.815237 3.902374 
100700000 22 -278.000000 18.000000 9.171278 1.971714 
100800000 22 -291.000000 18.000000 9.331056 1.964007 
100900000 22 -321.000000 32.000000 16.000000 2.000000 
101000000 22 -398.000000 51.000000 12.914009 3.910033 
101100000 22 -190.000000 4.000000 4.000000 1.000000 
101200000 22 -192.000000 4.000000 4.000000 1.000000 
101300000 22 -129.000000 3.000000 3.000000 1.000000 
101400000 22 -279.000000 22.000000 11.000000 2.000000 
101500000 22 -241.000000 9.000000 4.675826 1.959682 
101600000 22 -102.000000 4.000000 4.000000 1.000000 
101700000 22 -95.000000 3.000000 3.000000 1.000000 
101800000 22 -231.000000 13.000000 6.618263 1.981517 
101900000 22 -43.000000 2.000000 2.000000 1.000000 
102000000 22 -297.000000 23.000000 9.845084 2.526350 
102100000 22 -273.000000 28.000000 14.213714 1.984871 
102200000 22 -236.000000 14.000000 7.000000 2.000000 
102300000 22 -135.000000 3.000000 3.000000 1.000000 
102400000 22 -106.000000 3.000000 3.000000 1.000000 
102500000 22 -125.000000 4.000000 4.000000 1.000000 
102600000 22 -55.000000 2.000000 2.000000 1.000000 
102700000 22 -285.000000 11.000000 5.641212 1.973763 
102800000 22 -265.000000 28.000000 14.106736 1.996170 
102900000 22 -66.000000 3.000000 3.000000 1.000000 
103000000 22 -17.000000 2.000000 2.000000 1.000000 
103100000 22 -124.000000 4.000000 4.000000 1.000000 
103200000 22 -246.000000 12.000000 6.000000 2.000000 
103300000 22 -322.000000 25.000000 12.560390 1.995148 
103400000 22 -276.000000 23.000000 11.565719 1.994256 
103500000 22 -255.000000 14.000000 6.685770 2.367825 
103600000 22 -198.000000 4.000000 4.000000 1.000000 
103700000 22 -166.000000 4.000000 2.000000 2.000000 
103800000 22 -60.000000 3.000000 3.000000 1.000000 
103900000 22 -204.000000 5.000000 5.000000 1.000000 
104000000 22 -152.000000 3.000000 3.000000 1.000000 
104100000 22 -74.000000 2.000000 2.000000 1.000000 
104200000 22 -216.000000 5.000000 5.000000 1.000000 
104300000 22 -289.000000 11.000000 5.641212 1.973763 
104400000 22 -546.000000 74.000000 18.777546 3.944536 
104500000 22 -698.000000 98.000000 24.607586 3.966253 
104600000 22 -610.000000 85.000000 20.622140 4.141026 
104700000 22 -574.000000 79.000000 20.002015 3.902082 
104800000 22 -696.000000 96.000000 24.000000 4.000000 
104900000 22 -427.000000 54.000000 13.918459 3.933180 
105000000 22 -618.000000 89.000000 23.345240 3.903247 
105100000 22 -398.000000 54.000000 13.938791 4.050382 
105200000 22 -374.000000 47.000000 11.980933 3.883550 
105300000 22 -408.000000 53.000000 13.355415 4.066763 
105400000 22 -623.000000 89.000000 22.378928 4.011397 
105500000 22 -635.000000 87.000000 22.070041 3.900378 
105600000 22 -612.000000 81.000000 20.351782 3.970252 
105700000 22 -445.000000 58.000000 15.049274 3.866804 
105800000 22 -334.000000 22.000000 11.000000 2.000000 
105900000 22 -336.000000 29.000000 14.551973 1.996404 
106000000 22 -509.000000 72.000000 18.243293 4.131444 
106100000 22 -267.000000 18.000000 9.000000 2.000000 
106200000 22 -38.000000 3.000000 3.000000 1.000000 
106300000 22 -48.000000 2.000000 2.000000 1.000000 
106400000 22 -108.000000 3.000000 3.000000 1.000000 
106500000 22 -254.000000 10.000000 5.000000 2.000000 
106600000 22 -458.000000 53.000000 13.451798 3.900095 
106700000 22 -391.000000 50.000000 12.673439 3.919176 
106800000 22 -415.000000 56.000000 14.301431 3.910309 
106900000 22 -580.000000 80.000000 20.219148 3.939835 
107000000 22 -402.000000 51.000000 12.854951 3.962693 
107100000 22 -353.000000 44.000000 11.135867 3.928691 
107200000 22 -258.000000 11.000000 5.641212 1.973763 
107300000 22 -349.000000 41.000000 10.614807 3.892425 
107400000 22 -525.000000 72.000000 19.232732 3.795427 
107500000 22 -396.000000 48.000000 12.982947 3.844010 
107600000 22 -671.000000 91.000000 22.774557 3.981865 
107700000 22 -605.000000 82.000000 20.537081 3.996337 
107800000 22 -521.000000 70.000000 17.543665 3.994923 
107900000 22 -495.000000 61.000000 15.288441 4.020533 
108000000 22 -484.000000 67.000000 17.106572 3.964770 
108100000 22 -429.000000 54.000000 13.557376 3.991248 
108200000 22 -502.000000 70.000000 17.629744 4.062908 
108300000 22 -499.000000 66.000000 16.749570 3.914738 
108400000 22 -548.000000 74.000000 21.003070 3.785664 
108500000 22 -568.000000 77.000000 19.743127 3.925319 
108600000 22 -652.000000 90.000000 23.140162 3.966845 
108700000 22 -601.000000 82.000000 20.553915 3.961219 
108800000 22 -521.000000 67.000000 17.050289 3.994713 
108900000 22 -555.000000 76.000000 19.545285 3.930644 
109000000 23 -631.000000 86.000000 23.640687 3.838269 
109100000 23 -626.000000 88.000000 15.275671 5.750579 
109200000 23 -691.000000 99.000000 16.605492 5.966844 
109300000 23 -460.000000 62.000000 15.845742 3.956697 
109400000 23 -634.000000 88.000000 22.190629 4.012129 
109500000 23 -668.000000 93.000000 23.593147 3.942999 
109600000 23 -679.000000 93.000000 23.307137 3.977350 
109700000 23 -487.000000 64.000000 17.195925 3.832856 
109800000 23 -635.000000 86.000000 21.743158 3.919804 
109900000 23 -557.000000 77.000000 19.280085 4.017004 
110000000 23 -315.000000 31.000000 7.825200 3.935531 
110100000 23 -666.000000 97.000000 24.334405 4.011382 
110200000 23 -488.000000 62.000000 15.769791 3.942546 
110300000 23 -351.000000 44.000000 11.000000 4.000000 
110400000 23 -568.000000 76.000000 19.562914 3.858939 
110500000 23 -476.000000 64.000000 16.070161 3.996693 
110600000 23 -522.000000 71.000000 18.035145 3.964075 
110700000 23 -420.000000 54.000000 13.767206 3.872858 
110800000 23 -465.000000 59.000000 14.787996 3.970593 
110900000 23 -528.000000 75.000000 21.200317 3.659131 
111000000 23 -447.000000 52.000000 13.925372 3.734693 
111100000 23 -426.000000 54.000000 13.590756 4.033704 
111200000 23 -362.000000 34.000000 9.383913 3.705551 
111300000 23 -352.000000 25.000000 12.560390 1.995148 
111400000 23 -451.000000 61.000000 15.287720 3.974887 
111500000 23 -518.000000 66.000000 16.571925 4.034898 
111600000 23 -450.000000 59.000000 16.332333 3.655295 
111700000 23 -674.000000 95.000000 23.123671 4.206852 
111800000 23 -698.000000 99.000000 25.046694 3.960643 
111900000 23 -344.000000 20.000000 10.000000 2.000000 
112000000 23 -647.000000 92.000000 23.191079 3.950178 
112100000 23 -429.000000 52.000000 13.236525 3.963034 
112200000 23 -417.000000 51.000000 13.499532 3.877924 
112300000 23 -640.000000 88.000000 22.199597 3.947121 
112400000 23 -478.000000 65.000000 17.239594 3.828166 
112500000 23 -494.000000 62.000000 15.750912 3.954650 
112600000 23 -333.000000 39.000000 10.450340 3.876986 
112700000 23 -125.000000 3.000000 3.000000 1.000000 
112800000 23 -180.000000 3.000000 3.000000 1.000000 
112900000 23 -12.000000 2.000000 2.000000 1.000000 
113000000 23 -84.000000 3.000000 3.000000 1.000000 
113100000 23 -222.000000 5.000000 5.000000 1.000000 
113200000 23 -4.000000 2.000000 2.000000 1.000000 
113300000 23 -136.000000 4.000000 3.162278 1.581139 
113400000 23 -113.000000 3.000000 2.236068 1.527525 
113500000 23 -7.000000 2.000000 2.000000 1.000000 
113600000 23 -177.000000 4.000000 4.000000 1.000000 
113700000 23 -145.000000 4.000000 4.000000 1.000000 
113800000 23 -58.000000 2.000000 2.000000 1.000000 
113900000 23 -183.000000 4.000000 3.162278 1.581139 
114000000 23 -20.000000 2.000000 2.000000 1.000000 
114100000 23 -173.000000 4.000000 4.000000 1.000000 
114200000 23 -62.000000 4.000000 4.000000 1.000000 
114300000 23 -22.000000 2.000000 2.000000 1.000000 
114400000 23 -82.000000 3.000000 3.000000 1.000000 
114500000 23 -125.000000 4.000000 4.000000 1.000000 
114600000 23 -243.000000 12.000000 4.472136 4.123106 
114700000 23 -240.000000 12.000000 7.128638 1.875060 
114800000 23 -80.000000 3.000000 3.000000 1.000000 
114900000 23 -157.000000 5.000000 4.227841 1.537974 
115000000 23 -200.000000 4.000000 4.000000 1.000000 
115100000 23 -305.000000 31.000000 14.808056 2.177202 
115200000 23 -193.000000 4.000000 4.000000 1.000000 
115300000 23 -26.000000 2.000000 2.000000 1.000000 
115400000 23 -217.000000 10.000000 5.000000 2.000000 
115500000 23 -240.000000 8.000000 8.000000 1.000000 
115600000 23 -33.000000 2.000000 2.000000 1.000000 
115700000 23 -168.000000 8.000000 4.716113 1.839370 
115800000 23 -340.000000 25.000000 12.800995 1.966962 
115900000 23 -541.000000 75.000000 19.998773 3.827900 
116000000 23 -377.000000 36.000000 9.562558 3.946644 
116100000 23 -678.000000 92.000000 23.065503 3.964344 
116200000 23 -412.000000 43.000000 10.879418 3.945487 
116300000 23 -488.000000 64.000000 16.363377 3.938323 
116400000 23 -353.000000 40.000000 10.313097 3.935739 
116500000 23 -183.000000 5.000000 5.000000 1.000000 
116600000 23 -145.000000 4.000000 4.000000 1.000000 
116700000 23 -112.000000 3.000000 3.000000 1.000000 
116800000 23 -171.000000 4.000000 3.162278 1.581139 
116900000 23 -218.000000 9.000000 3.837160 2.497832 
117000000 23 -286.000000 13.000000 6.618263 1.981517 
117100000 23 -343.000000 31.000000 15.368699 2.163158 
117200000 23 -328.000000 34.000000 17.176156 1.989701 
117300000 23 -545.000000 72.000000 18.166691 3.996416 
117400000 23 -665.000000 91.000000 23.134705 3.928386 
117500000 23 -478.000000 64.000000 16.167130 3.945043 
117600000 23 -469.000000 64.000000 16.194760 3.941625 
117700000 23 -668.000000 96.000000 24.174275 4.012872 
117800000 23 -622.000000 85.000000 21.345757 3.944975 
117900000 23 -481.000000 61.000000 17.223153 3.767774 
118000000 23 -311.000000 29.000000 14.410455 2.348610 
118100000 23 -83.000000 4.000000 4.000000 1.000000 
118200000 23 -322.000000 29.000000 14.551973 1.996404 
118300000 24 -274.000000 24.000000 12.249079 1.979495 
118400000 24 -296.000000 29.000000 14.551973 1.996404 
118500000 24 -460.000000 62.000000 15.549566 3.993462 
118600000 24 -581.000000 81.000000 20.427164 3.968248 
118700000 24 -673.000000 92.000000 23.048948 3.966039 
118800000 24 -620.000000 85.000000 21.876603 3.903826 
118900000 24 -408.000000 55.000000 14.343816 3.864790 
119000000 24 -361.000000 42.000000 10.854460 3.958596 
119100000 24 -300.000000 19.000000 9.579844 1.991532 
119200000 24 -192.000000 13.000000 6.618263 1.981517 
119300000 24 -215.000000 7.000000 3.735017 1.929538 
119400000 24 -48.000000 2.000000 2.000000 1.000000 
119500000 24 -177.000000 5.000000 2.863564 1.843909 
119600000 24 -103.000000 4.000000 4.000000 1.000000 
119700000 24 -510.000000 66.000000 16.546424 3.994263 
119800000 24 -241.000000 11.000000 5.641212 1.973763 
119900000 24 -288.000000 20.000000 10.000000 2.000000 
120000000 24 -309.000000 36.000000 18.000000 2.000000 
120100000 24 -391.000000 48.000000 12.249338 3.867004 
120200000 24 -699.000000 97.000000 24.303768 3.982407 
120300000 24 -521.000000 64.000000 16.354474 3.962954 
120400000 24 -218.000000 10.000000 5.000000 2.000000 
120500000 24 -520.000000 71.000000 17.824843 3.974879 
120600000 24 -567.000000 77.000000 19.357142 3.968081 
120700000 24 -588.000000 78.000000 19.539040 3.995940 
120800000 24 -450.000000 61.000000 17.243868 3.760323 
120900000 24 -697.000000 95.000000 23.805549 4.013618 
121000000 24 -560.000000 73.000000 18.364376 3.970501 
121100000 24 -416.000000 50.000000 12.562327 3.989680 
121200000 24 -322.000000 40.000000 10.403621 3.796994 
121300000 24 -619.000000 86.000000 21.750010 3.922148 
121400000 24 -520.000000 64.000000 16.644753 3.946053 
121500000 24 -580.000000 79.000000 20.382726 3.955367 
121600000 24 -654.000000 91.000000 22.872388 3.976820 
121700000 24 -554.000000 72.000000 18.551924 3.959543 
121800000 24 -605.000000 83.000000 20.776929 3.979939 
121900000 24 -610.000000 85.000000 21.380406 3.934153 
122000000 24 -664.000000 87.000000 21.877386 3.939682 
122100000 24 -610.000000 83.000000 20.815211 4.009576 
122200000 24 -355.000000 39.000000 10.830655 3.710779 
122300000 24 -49.000000 4.000000 2.645751 1.802776 
122400000 24 -96.000000 3.000000 3.000000 1.000000 
122500000 24 -117.000000 4.000000 2.645751 1.802776 
122600000 24 -6.000000 2.000000 2.000000 1.000000 
122700000 24 -126.000000 3.000000 3.000000 1.000000 
122800000 24 -91.000000 3.000000 3.000000 1.000000 
122900000 24 -376.000000 41.000000 20.683175 1.987584 
123000000 24 -242.000000 16.000000 7.218737 2.458879 
123100000 24 -260.000000 20.000000 10.721692 1.950724 
123200000 24 -322.000000 29.000000 14.551973 1.996404 
123300000 24 -245.000000 21.000000 10.316940 2.224522 
123400000 24 -137.000000 3.000000 3.000000 1.000000 
123500000 24 -160.000000 3.000000 3.000000 1.000000 
123600000 24 -90.000000 3.000000 3.000000 1.000000 
123700000 24 -21.000000 2.000000 2.000000 1.000000 
123800000 24 -222.000000 7.000000 7.000000 1.000000 
123900000 24 -93.000000 3.000000 3.000000 1.000000 
124000000 24 -94.000000 3.000000 3.000000 1.000000 
124100000 24 0.000000 1.000000 1.000000 1.000000 
124200000 24 -12.000000 2.000000 2.000000 1.000000 
124300000 24 -113.000000 4.000000 3.162278 1.581139 
124400000 24 -121.000000 3.000000 3.000000 1.000000 
124500000 24 -168.000000 4.000000 4.000000 1.000000 
124600000 24 -373.000000 44.000000 11.101819 3.992972 
124700000 24 -353.000000 44.000000 11.282423 3.947526 
124800000 24 -352.000000 45.000000 11.428422 3.892831 
124900000 24 -376.000000 47.000000 12.061803 3.980316 
125000000 24 -230.000000 13.000000 6.445266 2.653003 
125100000 24 -502.000000 67.000000 17.494425 3.934912 
125200000 24 -659.000000 93.000000 23.403562 4.037195 
125300000 24 -452.000000 63.000000 15.976891 3.964281 
125400000 24 -541.000000 74.000000 18.541221 3.995475 
125500000 24 -628.000000 86.000000 21.814938 3.970793 
125600000 24 -653.000000 88.000000 22.051176 3.964432 
125700000 24 -659.000000 91.000000 22.871835 3.942689 
125800000 24 -612.000000 84.000000 21.139045 3.958281 
125900000 24 -678.000000 94.000000 23.796122 3.904925 
126000000 24 -552.000000 76.000000 18.801009 4.055607 
126100000 24 -663.000000 85.000000 21.628075 3.967091 
126200000 24 -598.000000 83.000000 21.030971 4.065389 
126300000 24 -591.000000 76.000000 19.153810 4.079030 
126400000 24 -409.000000 47.000000 12.118058 4.003181 
126500000 24 -668.000000 89.000000 22.309790 3.976014 
126600000 24 -632.000000 87.000000 22.018659 3.998500 
126700000 24 -681.000000 98.000000 17.163838 6.063553 
126800000 24 -682.000000 99.000000 17.547358 5.650163 
126900000 24 -681.000000 97.000000 16.233779 5.987587 
127000000 24 -690.000000 101.000000 19.488582 5.813129 
127100000 24 -698.000000 102.000000 18.842863 5.579625 
127200000 24 -614.000000 83.000000 20.776681 4.017817 
127300000 24 -638.000000 91.000000 22.910063 3.966188 
127400000 24 -631.000000 87.000000 21.846479 4.011935 
127500000 24 -531.000000 71.000000 17.827007 4.009342 
127600000 24 -410.000000 49.000000 13.561006 3.549377 
127700000 24 -471.000000 59.000000 14.787996 3.970593 
127800000 24 -391.000000 46.000000 11.840742 3.842240 
127900000 24 -461.000000 62.000000 16.041029 3.966647 
128000000 24 -673.000000 94.000000 23.532241 3.997230 
128100000 24 -659.000000 91.000000 22.840129 3.947859 
128200000 24 -653.000000 94.000000 23.802141 3.989737 
128300000 24 -550.000000 77.000000 19.397058 3.975138 
128400000 24 -662.000000 90.000000 22.747661 3.948584 
128500000 24 -254.000000 14.000000 7.211103 1.984635 
128600000 24 -4.000000 2.000000 2.000000 1.000000 
128700000 24 -247.000000 10.000000 5.326285 1.905435 
128800000 24 -219.000000 7.000000 7.000000 1.000000 
128900000 24 -103.000000 3.000000 2.236068 1.527525 
129000000 24 -151.000000 3.000000 3.000000 1.000000 
129100000 24 -65.000000 2.000000 2.000000 1.000000 
129200000 24 -66.000000 3.000000 3.000000 1.000000 
129300000 24 -93.000000 4.000000 4.000000 1.000000 
129400000 24 -97.000000 4.000000 3.162278 1.581139 
129500000 24 -138.000000 4.000000 3.162278 1.581139 
129600000 24 -79.000000 3.000000 3.000000 1.000000 
129700000 24 -73.000000 3.000000 3.000000 1.000000 
129800000 24 -12.000000 2.000000 2.000000 1.000000 
129900000 24 -4.000000 2.000000 2.000000 1.000000 
130000000 24 -49.000000 2.000000 2.000000 1.000000 
130100000 24 -23.000000 3.000000 3.000000 1.000000 
130200000 24 0.000000 1.000000 1.000000 1.000000 
130300000 24 -63.000000 3.000000 3.000000 1.000000 
130400000 24 -83.000000 2.000000 2.000000 1.000000 
130500000 24 -20.000000 2.000000 2.000000 1.000000 
130600000 24 -77.000000 4.000000 2.000000 2.000000 
130700000 24 -183.000000 4.000000 2.000000 2.000000 
130800000 24 -275.000000 19.000000 9.579844 1.991532 
130900000 24 -331.000000 42.000000 10.854460 3.958596 
131000000 24 -430.000000 38.000000 19.000000 2.000000 
131100000 24 -496.000000 66.000000 17.448662 3.852850 
131200000 24 -381.000000 45.000000 11.720272 3.938183 
131300000 24 -365.000000 47.000000 13.076055 3.654874 
131400000 24 -440.000000 59.000000 14.787996 3.970593 
131500000 24 -365.000000 41.000000 10.172882 4.159195 
131600000 24 -426.000000 56.000000 17.145677 3.644642 
131700000 24 -551.000000 78.000000 19.539040 3.995940 
131800000 24 -515.000000 71.000000 17.865270 3.933910 
131900000 24 -448.000000 56.000000 14.327640 3.962273 
132000000 24 -455.000000 62.000000 14.422834 5.881908 
132100000 24 -532.000000 72.000000 18.245388 3.886620 
132200000 24 -484.000000 66.000000 17.835303 3.696999 
132300000 24 -515.000000 70.000000 17.803625 3.939637 
132400000 24 -277.000000 33.000000 8.872846 3.768784 
132500000 24 -369.000000 46.000000 12.383307 3.787556 
132600000 24 -537.000000 74.000000 18.944439 3.924243 
132700000 24 -538.000000 74.000000 18.890564 3.984418 
132800000 24 -439.000000 57.000000 14.291329 4.021619 
132900000 24 -476.000000 68.000000 17.091822 3.983670 
133000000 24 -520.000000 71.000000 18.757783 3.859664 
133100000 24 -593.000000 82.000000 20.536542 3.963246 
133200000 24 -553.000000 78.000000 19.539040 3.995940 
133300000 24 -448.000000 56.000000 14.904037 3.912115 
133400000 24 -466.000000 60.000000 15.170589 3.894853 
133500000 24 -373.000000 48.000000 12.252401 3.888220 
133600000 24 -365.000000 48.000000 12.000000 4.000000 
133700000 24 -549.000000 74.000000 18.948141 3.913054 
133800000 24 -698.000000 95.000000 24.035780 3.985383 
133900000 24 -423.000000 49.000000 12.482629 4.006645 
134000000 24 -648.000000 88.000000 22.199597 3.947121 
134100000 24 -638.000000 88.000000 22.344394 3.959606 
134200000 24 -642.000000 91.000000 22.632892 4.073086 
134300000 24 -451.000000 61.000000 15.480189 3.917569 
134400000 24 -609.000000 82.000000 20.609453 3.959640 
134500000 24 -327.000000 37.000000 8.952087 4.186532 
134600000 24 -540.000000 71.000000 17.781505 3.976145 
134700000 24 -544.000000 74.000000 18.541221 3.995475 
134800000 24 -539.000000 74.000000 18.880476 3.975025 
134900000 24 -637.000000 89.000000 22.677121 3.941582 
135000000 24 -471.000000 65.000000 16.820799 3.936524 
135100000 24 -629.000000 88.000000 22.000000 4.000000 
135200000 24 -646.000000 87.000000 21.981392 4.000935 
135300000 24 -584.000000 81.000000 20.314295 3.978419 
135400000 24 -422.000000 54.000000 14.116169 3.858241 
135500000 24 -354.000000 38.000000 19.000000 2.000000 
135600000 24 -644.000000 86.000000 21.744923 3.935439 
135700000 24 -672.000000 94.000000 26.427021 3.800544 
135800000 24 -568.000000 76.000000 19.230444 3.935455 
135900000 24 -370.000000 44.000000 11.887834 3.792889 
136000000 24 -344.000000 38.000000 19.000000 2.000000 
136100000 24 -209.000000 15.000000 5.582870 2.762529 
136200000 24 -157.000000 5.000000 5.000000 1.000000 
136300000 24 -44.000000 2.000000 2.000000 1.000000 
136400000 24 -193.000000 4.000000 4.000000 1.000000 
136500000 24 -115.000000 3.000000 3.000000 1.000000 
136600000 24 -168.000000 4.000000 4.000000 1.000000 
136700000 24 -123.000000 7.000000 5.013236 1.681264 
136800000 24 -170.000000 3.000000 3.000000 1.000000 
136900000 24 -225.000000 9.000000 4.892823 2.033311 
137000000 24 -174.000000 3.000000 3.000000 1.000000 
137100000 24 -204.000000 5.000000 5.000000 1.000000 
137200000 24 -71.000000 3.000000 3.000000 1.000000 
137300000 24 -88.000000 3.000000 3.000000 1.000000 
137400000 24 -91.000000 3.000000 3.000000 1.000000 
137500000 24 -236.000000 14.000000 7.000000 2.000000 
137600000 24 -251.000000 15.000000 7.601850 1.986257 
137700000 24 -71.000000 4.000000 4.000000 1.000000 
137800000 24 -50.000000 3.000000 3.000000 1.000000 
137900000 24 -135.000000 4.000000 4.000000 1.000000 
138000000 24 -39.000000 3.000000 2.236068 1.527525 
138100000 24 -185.000000 5.000000 2.863564 1.843909 
138200000 24 -137.000000 3.000000 3.000000 1.000000 
138300000 24 -82.000000 3.000000 3.000000 1.000000 
138400000 24 -269.000000 22.000000 11.000000 2.000000 
138500000 24 -339.000000 41.000000 14.384833 3.223549 
138600000 24 -324.000000 30.000000 15.000000 2.000000 
