0 0.000000
-1 -955.500000
-2 -859.500000
-3 -2423.500000
-4 -559.500000
-5 -3008.000000
-6 -816.000000
-7 -3013.000000
-8 -2374.500000
-9 -3994.000000
-10 -2672.000000
-11 -4900.000000
-12 -3027.500000
-13 -5194.500000
-14 -3826.500000
-15 -5492.000000
-16 -5360.500000
-17 -6217.000000
-18 -5266.500000
-19 -6371.500000
-20 -5971.000000
-21 -6551.000000
-22 -6016.000000
-23 -6611.500000
-24 -6152.500000
-25 -6704.000000
-26 -6180.500000
-27 -7579.500000
-28 -6752.000000
-29 -7648.000000
-30 -6858.500000
-31 -8159.000000
-32 -7664.500000
-33 -8793.500000
-34 -8737.500000
-35 -9145.000000
-36 -8555.500000
-37 -9018.500000
-38 -9411.000000
-39 -9508.000000
-40 -9661.500000
-41 -10157.000000
-42 -9738.500000
-43 -10209.500000
-44 -10570.000000
-45 -10616.500000
-46 -10431.500000
-47 -11015.500000
-48 -10666.500000
-49 -11322.000000
-50 -10991.500000
-51 -12395.500000
-52 -11084.000000
-53 -13219.500000
-54 -11937.000000
-55 -13028.000000
-56 -12792.500000
-57 -13425.500000
-58 -13385.000000
-59 -14086.000000
-60 -13363.500000
-61 -14121.500000
-62 -14076.500000
-63 -14619.500000
-64 -13993.000000
-65 -15257.500000
-66 -14211.000000
-67 -15976.500000
-68 -14750.500000
-69 -16208.500000
-70 -15251.500000
-71 -16129.500000
-72 -16214.500000
-73 -16536.000000
-74 -16060.500000
-75 -16903.500000
-76 -16998.500000
-77 -17617.500000
-78 -17007.500000
-79 -17621.000000
-80 -17373.000000
-81 -18710.000000
-82 -18094.500000
-83 -19083.000000
-84 -18224.000000
-85 -19453.000000
-86 -19034.500000
-87 -19659.500000
-88 -19507.500000
-89 -19519.500000
-90 -19641.500000
-91 -20456.000000
-92 -20026.000000
-93 -20509.000000
-94 -20156.500000
-95 -21456.000000
-96 -20538.500000
-97 -21487.500000
-98 -21448.000000
-99 -21767.500000
-100 -21410.500000
-101 -21973.000000
-102 -21847.500000
-103 -22130.500000
-104 -21847.500000
-105 -22561.500000
-106 -22079.500000
-107 -22633.500000
-108 -22067.500000
-109 -23116.500000
-110 -23015.500000
-111 -23177.500000
-112 -23083.500000
-113 -23253.500000
-114 -23263.500000
-115 -23543.000000
-116 -23609.000000
-117 -23710.500000
-118 -23738.500000
-119 -24380.000000
-120 -23916.500000
-121 -24524.500000
-122 -23821.000000
-123 -24580.500000
-124 -24443.000000
-125 -25458.500000
-126 -25088.500000
-127 -25607.500000
-128 -25186.500000
-129 -26448.000000
-130 -25498.000000
-131 -26565.500000
-132 -25739.500000
-133 -27225.500000
-134 -26480.500000
-135 -27048.000000
-136 -27063.000000
-137 -27842.500000
-138 -27359.000000
-139 -28763.500000
-140 -30073.500000
-141 -30418.000000
-142 -30249.000000
-143 -30526.000000
-144 -30267.500000
-145 -31022.500000
-146 -30547.000000
-147 -32016.500000
-148 -30965.000000
-149 -32064.000000
-150 -31224.000000
-151 -32215.500000
-152 -32187.000000
-153 -33094.500000
-154 -32685.000000
-155 -32894.000000
-156 -33073.500000
-157 -33232.500000
-158 -33068.500000
-159 -33260.000000
-160 -33069.500000
-161 -34335.500000
-162 -33690.000000
-163 -34122.000000
-164 -34187.500000
-165 -34322.500000
-166 -34340.500000
-167 -34532.000000
-168 -34301.000000
-169 -35103.000000
-170 -34508.000000
-171 -35214.500000
-172 -34547.500000
-173 -35354.500000
-174 -35296.000000
-175 -35487.500000
-176 -35598.000000
-177 -36191.000000
-178 -35646.500000
-179 -36192.000000
-180 -35941.500000
-181 -36560.500000
-182 -36595.000000
-183 -37021.500000
-184 -36709.500000
-185 -37886.000000
-186 -37425.500000
-187 -39159.000000
-188 -37658.500000
-189 -39504.000000
-190 -38281.500000
-191 -39624.000000
-192 -39536.000000
-193 -40192.500000
-194 -39840.000000
-195 -40284.500000
-196 -40236.000000
-197 -41024.500000
-198 -40574.500000
-199 -41945.500000
-200 -41182.000000
-201 -42141.500000
-202 -41396.000000
-203 -42333.500000
-204 -42131.500000
-205 -42815.500000
-206 -42532.000000
-207 -42795.500000
-208 -42642.500000
-209 -42779.500000
-210 -42874.500000
-211 -43288.500000
-212 -43196.000000
-213 -44497.500000
-214 -43334.000000
-215 -43951.500000
-216 -44060.500000
-217 -44983.500000
-218 -44567.500000
-219 -45096.500000
-220 -45213.000000
-221 -45176.500000
-222 -45234.000000
-223 -45399.500000
-224 -45282.500000
-225 -45702.000000
-226 -45293.000000
-227 -46313.000000
-228 -45651.500000
-229 -47049.500000
-230 -45843.500000
-231 -47717.500000
-232 -46935.000000
-233 -47691.500000
-234 -47116.000000
-235 -48116.500000
-236 -47816.500000
-237 -49269.500000
-238 -49035.500000
-239 -49418.000000
-240 -49041.000000
-241 -49337.000000
-242 -49535.500000
-243 -50242.000000
-244 -50297.500000
-245 -50270.500000
-246 -50275.000000
-247 -50542.500000
-248 -50488.000000
-249 -50863.000000
-250 -51465.500000
-251 -51940.500000
-252 -51583.000000
-253 -51952.000000
-254 -52418.500000
-255 -52528.000000
-256 -52577.500000
-257 -52794.500000
-258 -52617.000000
-259 -53887.000000
-260 -53043.500000
-261 -53926.500000
-262 -52921.000000
-263 -54036.500000
-264 -54036.500000
-265 -54458.500000
-266 -54130.500000
-267 -54347.500000
-268 -54482.500000
-269 -54847.000000
-270 -54592.000000
-271 -55027.500000
-272 -55128.000000
-273 -56713.000000
-274 -55360.000000
-275 -58020.000000
-276 -55540.500000
-277 -58292.000000
-278 -57779.000000
-279 -58292.000000
-280 -58327.500000
-281 -58864.000000
-282 -58304.500000
-283 -58624.500000
-284 -58508.000000
-285 -59291.000000
-286 -58806.500000
-287 -59377.500000
-288 -58868.000000
-289 -59397.000000
-290 -59190.000000
-291 -59576.500000
-292 -59544.500000
-293 -60088.500000
-294 -59495.000000
-295 -60322.000000
-296 -59528.000000
-297 -60973.500000
-298 -60591.000000
-299 -61010.500000
-300 -60905.500000
-301 -60960.000000
-302 -61079.000000
-303 -61718.000000
-304 -61302.500000
-305 -61792.000000
-306 -61827.500000
-307 -61946.500000
-308 -62031.000000
-309 -62356.500000
-310 -62007.000000
-311 -62847.000000
-312 -62134.000000
-313 -63076.500000
-314 -63031.500000
-315 -63635.000000
-316 -63068.500000
-317 -63718.000000
-318 -63504.000000
-319 -63800.500000
-320 -63791.000000
-321 -63827.500000
-322 -64286.500000
-323 -65026.500000
-324 -64619.000000
-325 -65230.000000
-326 -64695.500000
-327 -65476.500000
-328 -65013.500000
-329 -65633.000000
-330 -65684.000000
-331 -66805.000000
-332 -65767.000000
-333 -66818.500000
-334 -66683.000000
-335 -67079.500000
-336 -66673.000000
-337 -67127.000000
-338 -67164.500000
-339 -67385.500000
-340 -67246.500000
-341 -67475.000000
-342 -67193.000000
-343 -67627.500000
-344 -67444.000000
-345 -68019.000000
-346 -68081.000000
-347 -68035.000000
-348 -68441.000000
-349 -68661.000000
-350 -68447.000000
-351 -69144.000000
-352 -68860.000000
-353 -69144.500000
-354 -68939.000000
-355 -69549.500000
-356 -69457.000000
-357 -69768.000000
-358 -69352.500000
-359 -69745.500000
-360 -69960.500000
-361 -69866.500000
-362 -70013.500000
-363 -70613.500000
-364 -70171.000000
-365 -70597.000000
-366 -70356.500000
-367 -70744.500000
-368 -70459.500000
-369 -70870.000000
-370 -70982.500000
-371 -71135.000000
-372 -71126.000000
-373 -71832.000000
-374 -71159.500000
-375 -72212.000000
-376 -71174.500000
-377 -72439.500000
-378 -72538.000000
-379 -73247.000000
-380 -72754.000000
-381 -73339.000000
-382 -73009.500000
-383 -73329.000000
-384 -73446.500000
-385 -73680.500000
-386 -73602.500000
-387 -73766.500000
-388 -73734.500000
-389 -74446.500000
-390 -73766.500000
-391 -75930.500000
-392 -73740.000000
-393 -75956.000000
-394 -74655.500000
-395 -76586.500000
-396 -76134.500000
-397 -76650.500000
-398 -76350.500000
-399 -76820.000000
-400 -76738.500000
-401 -76830.500000
-402 -76662.500000
-403 -77040.500000
-404 -76802.500000
-405 -78043.000000
-406 -77551.000000
-407 -79042.500000
-408 -78785.500000
-409 -79151.000000
-410 -78945.500000
-411 -80144.000000
-412 -79787.000000
-413 -80460.000000
-414 -79760.000000
-415 -80757.500000
-416 -79999.000000
-417 -80953.000000
-418 -79996.000000
-419 -82001.500000
-420 -80705.000000
-421 -82181.000000
-422 -81177.500000
-423 -82171.500000
-424 -82020.500000
-425 -82247.500000
-426 -82110.000000
-427 -82328.000000
-428 -82155.000000
-429 -82300.500000
-430 -82293.500000
-431 -82320.000000
-432 -82428.000000
-433 -82571.500000
-434 -82508.000000
-435 -82858.500000
-436 -82723.500000
-437 -83464.000000
-438 -83006.000000
-439 -83410.500000
-440 -83421.000000
-441 -83595.000000
-442 -83644.000000
-443 -83757.500000
-444 -83675.000000
-445 -83990.500000
-446 -84137.500000
-447 -84529.500000
-448 -84681.000000
-449 -84788.000000
-450 -84590.000000
-451 -84803.500000
-452 -84747.500000
-453 -85725.000000
-454 -84817.000000
-455 -85842.000000
-456 -84854.000000
-457 -86191.000000
-458 -85932.500000
-459 -86622.500000
-460 -85916.500000
-461 -86642.000000
-462 -86453.000000
-463 -86902.000000
-464 -86578.500000
-465 -86997.500000
-466 -86992.500000
-467 -87312.000000
-468 -87054.500000
-469 -88148.500000
-470 -87583.000000
-471 -88176.000000
-472 -87803.000000
-473 -88211.000000
-474 -88171.000000
-475 -89357.500000
-476 -88577.500000
-477 -89620.000000
-478 -89716.500000
-479 -89835.500000
-480 -89968.000000
-481 -90426.000000
-482 -90218.500000
-483 -90763.000000
-484 -90307.500000
-485 -90820.000000
-486 -90633.500000
-487 -90883.500000
-488 -90769.000000
-489 -91047.500000
-490 -90854.500000
-491 -91056.500000
-492 -91064.000000
-493 -91558.500000
-494 -91110.000000
-495 -92171.500000
-496 -91716.000000
-497 -92289.000000
-498 -91896.000000
-499 -92515.500000
-500 -92035.000000
-501 -92499.500000
-502 -92604.000000
-503 -92784.000000
-504 -92588.000000
-505 -92786.500000
-506 -93010.500000
-507 -92747.500000
-508 -93011.000000
-509 -93139.500000
-510 -92812.500000
-511 -93297.000000
-512 -93119.000000
-513 -93504.000000
-514 -93325.500000
-515 -93492.500000
-516 -93332.500000
-517 -93741.500000
-518 -94021.500000
-519 -95057.500000
-520 -94042.000000
-521 -95070.500000
-522 -94367.500000
-523 -95260.000000
-524 -94685.500000
-525 -95262.500000
-526 -95058.500000
-527 -95321.500000
-528 -95260.000000
-529 -95889.000000
-530 -95377.500000
-531 -96485.000000
-532 -95487.500000
-533 -97016.000000
-534 -95911.500000
-535 -97262.500000
-536 -97039.500000
-537 -97709.000000
-538 -97139.000000
-539 -98056.500000
-540 -97759.000000
-541 -98155.500000
-542 -98325.000000
-543 -98311.000000
-544 -98428.000000
-545 -98385.000000
-546 -98457.500000
-547 -98672.500000
-548 -98593.500000
-549 -98826.000000
-550 -98669.500000
-551 -99248.500000
-552 -98855.000000
-553 -99247.500000
-554 -99216.500000
-555 -99410.000000
-556 -99219.500000
-557 -99425.000000
-558 -99347.500000
-559 -99712.000000
-560 -99648.000000
-561 -100149.500000
-562 -100093.500000
-563 -100324.500000
-564 -100057.500000
-565 -100351.000000
-566 -100326.500000
-567 -100364.500000
-568 -100817.500000
-569 -101025.000000
-570 -100883.000000
-571 -101590.500000
-572 -101232.500000
-573 -101590.500000
-574 -101518.000000
-575 -102795.000000
-576 -101553.000000
-577 -103177.500000
-578 -102318.500000
-579 -103209.000000
-580 -102938.500000
-581 -103779.000000
-582 -103288.500000
-583 -104062.500000
-584 -103378.500000
-585 -104324.500000
-586 -104211.000000
-587 -104328.000000
-588 -104261.500000
-589 -104651.000000
-590 -104433.500000
-591 -104985.500000
-592 -104642.500000
-593 -105239.500000
-594 -104925.500000
-595 -105536.500000
-596 -105166.000000
-597 -106138.000000
-598 -105162.000000
-599 -106516.000000
-600 -105955.000000
-601 -106539.000000
-602 -106302.000000
-603 -106571.000000
-604 -106626.000000
-605 -106647.000000
-606 -106648.000000
-607 -106634.000000
-608 -106669.000000
-609 -107171.500000
-610 -107171.000000
-611 -107750.500000
-612 -107410.000000
-613 -107762.000000
-614 -107482.000000
-615 -108061.000000
-616 -107580.000000
-617 -108078.500000
-618 -107850.500000
-619 -108831.500000
-620 -108498.500000
-621 -108867.500000
-622 -108722.000000
-623 -109008.500000
-624 -108830.500000
-625 -109012.500000
-626 -109231.000000
-627 -109138.000000
-628 -109241.500000
-629 -109389.000000
-630 -109302.500000
-631 -109585.500000
-632 -109474.500000
-633 -110011.000000
-634 -109401.000000
-635 -110445.500000
-636 -109516.500000
-637 -110659.000000
-638 -109995.500000
-639 -111014.000000
-640 -111140.500000
-641 -111109.000000
-642 -111475.500000
-643 -111719.000000
-644 -111513.000000
-645 -112143.000000
-646 -111603.500000
-647 -112299.500000
-648 -112038.500000
-649 -112428.500000
-650 -112351.000000
-651 -112558.500000
-652 -112430.000000
-653 -112822.500000
-654 -112513.500000
-655 -113049.500000
-656 -112799.500000
-657 -113056.500000
-658 -113032.500000
-659 -113086.500000
-660 -113286.500000
-661 -113308.000000
-662 -113345.000000
-663 -113384.500000
-664 -113413.000000
-665 -113430.500000
-666 -113393.500000
-667 -114237.000000
-668 -113485.500000
-669 -114464.500000
-670 -113745.500000
-671 -114443.000000
-672 -114323.500000
-673 -115257.500000
-674 -114917.000000
-675 -115728.500000
-676 -115754.500000
-677 -115810.000000
-678 -115690.000000
-679 -115882.000000
-680 -115753.500000
-681 -116078.500000
-682 -115899.500000
-683 -116876.000000
-684 -116361.000000
-685 -117097.000000
-686 -116631.500000
-687 -117095.000000
-688 -116996.000000
-689 -117340.500000
-690 -117206.500000
-691 -117227.000000
-692 -117653.500000
-693 -117728.500000
-694 -117623.000000
-695 -118957.000000
-696 -117732.500000
-697 -119235.000000
-698 -117924.000000
-699 -119290.000000
