0 0.000000
-1 -4.732361
-2 -3.090393
-3 -7.750610
-4 -5.152771
-5 -9.951004
-6 -5.467987
-7 -10.236984
-8 -8.706360
-9 -13.426819
-10 -10.694519
-11 -15.566116
-12 -11.396088
-13 -16.468216
-14 -14.901550
-15 -19.505615
-16 -16.848938
-17 -21.488632
-18 -18.132477
-19 -22.926422
-20 -21.149551
-21 -25.953568
-22 -23.378769
-23 -28.134048
-24 -25.085236
-25 -29.727249
-26 -27.802078
-27 -32.737457
-28 -30.350006
-29 -34.722107
-30 -31.923309
-31 -36.371033
-32 -34.854401
-33 -39.392792
-34 -37.023163
-35 -41.646454
-36 -38.788330
-37 -43.414520
-38 -41.781036
-39 -46.570923
-40 -44.220734
-41 -48.981201
-42 -46.108780
-43 -50.716095
-44 -49.131439
-45 -53.877396
-46 -51.749939
-47 -56.219376
-48 -53.705551
-49 -58.334671
-50 -56.567200
-51 -61.661530
-52 -59.303986
-53 -64.101898
-54 -61.296799
-55 -66.384628
-56 -64.611603
-57 -69.390762
-58 -67.009796
-59 -71.908661
-60 -69.234924
-61 -73.849976
-62 -72.284256
-63 -76.791733
-64 -74.636459
-65 -79.350983
-66 -77.121643
-67 -81.857330
-68 -80.111984
-69 -85.230713
-70 -82.643494
-71 -87.502304
-72 -85.146698
-73 -89.962387
-74 -88.174500
-75 -93.020020
-76 -90.515930
-77 -95.614792
-78 -93.188858
-79 -97.799377
-80 -96.282318
-81 -101.151688
-82 -98.892792
-83 -103.574707
-84 -101.230164
-85 -106.101089
-86 -104.315598
-87 -109.480331
-88 -106.862137
-89 -111.891769
-90 -109.366180
-91 -114.443146
-92 -112.720154
-93 -117.664749
-94 -115.320999
-95 -120.340805
-96 -117.766663
-97 -123.034058
-98 -120.912750
-99 -125.941971
-100 -123.865921
-101 -128.807404
-102 -126.329773
-103 -131.253723
-104 -129.368881
-105 -134.290146
-106 -132.363144
-107 -137.113678
-108 -134.946808
-109 -139.744766
-110 -137.958542
-111 -142.871582
-112 -140.762756
-113 -145.582748
-114 -143.369812
-115 -148.076675
-116 -146.417755
-117 -151.120651
-118 -149.143509
-119 -154.243225
-120 -151.508286
-121 -156.861877
-122 -155.022766
-123 -160.012589
-124 -157.862106
-125 -162.857086
-126 -160.800049
-127 -165.721985
-128 -163.867752
-129 -168.881470
-130 -166.604126
-131 -171.706863
-132 -169.432312
-133 -174.413864
-134 -172.391235
-135 -177.363922
-136 -175.438904
-137 -180.123459
-138 -178.240005
-139 -183.242798
-140 -181.158066
-141 -186.089584
-142 -183.865051
-143 -188.993301
-144 -186.968292
-145 -191.494888
-146 -189.822342
-147 -194.697128
-148 -192.653091
-149 -197.512207
-150 -195.474319
-151 -200.313782
-152 -198.476913
-153 -203.433136
-154 -201.286865
-155 -206.480530
-156 -204.055710
-157 -209.391586
-158 -207.392990
-159 -212.800308
-160 -210.439484
-161 -215.884247
-162 -213.353622
-163 -218.772980
-164 -216.661133
-165 -222.215530
-166 -219.672211
-167 -224.975189
-168 -222.593872
-169 -228.124756
-170 -225.890228
-171 -231.043137
-172 -228.891708
-173 -234.120453
-174 -231.975021
-175 -237.058517
-176 -234.917358
-177 -240.027252
-178 -237.808319
-179 -243.047180
-180 -240.895279
-181 -245.942261
-182 -244.007797
-183 -249.119217
-184 -246.925079
-185 -252.249832
-186 -249.867813
-187 -255.038101
-188 -252.938705
-189 -258.033157
-190 -255.939499
-191 -261.215378
-192 -259.051514
-193 -264.063583
-194 -262.183090
-195 -267.106216
-196 -265.171967
-197 -270.327316
-198 -268.076920
-199 -273.049927
-200 -271.043457
-201 -276.252335
-202 -274.041000
-203 -279.317123
-204 -277.231339
-205 -282.304016
-206 -280.434113
-207 -285.566162
-208 -283.278168
-209 -288.541687
-210 -286.268478
-211 -291.253036
-212 -289.257141
-213 -294.266373
-214 -292.451111
-215 -297.167130
-216 -295.280151
-217 -300.202744
-218 -298.002609
-219 -303.443039
-220 -301.233017
-221 -306.347626
-222 -304.139725
-223 -309.301437
-224 -307.089890
-225 -312.245010
-226 -310.047897
-227 -315.371994
-228 -312.982361
-229 -318.445633
-230 -315.879257
-231 -321.368668
-232 -319.106186
-233 -324.325348
-234 -322.158035
-235 -327.414688
-236 -325.048096
-237 -330.396347
-238 -328.236359
-239 -333.542191
-240 -331.530716
-241 -336.539230
-242 -334.571045
-243 -339.656082
-244 -337.385361
-245 -342.377213
-246 -340.325867
-247 -345.251938
-248 -343.484787
-249 -348.396698
-250 -346.243744
-251 -351.432404
-252 -349.082184
-253 -354.556259
-254 -352.252960
-255 -357.632385
-256 -355.337921
-257 -360.837601
-258 -358.504868
-259 -364.060135
-260 -361.581421
-261 -367.306320
-262 -364.601669
-263 -370.508926
-264 -367.877716
-265 -373.389252
-266 -370.831757
-267 -376.552658
-268 -374.233002
-269 -379.771576
-270 -377.137817
-271 -383.034348
-272 -380.353516
-273 -386.292007
-274 -383.795013
-275 -389.232758
-276 -386.933319
-277 -392.325562
-278 -390.305267
-279 -395.477448
-280 -393.285706
-281 -398.795685
-282 -396.295288
-283 -401.969971
-284 -399.632797
-285 -404.936630
-286 -402.608902
-287 -407.973343
-288 -405.723297
-289 -411.053406
-290 -408.778381
-291 -414.275055
-292 -411.803543
-293 -417.377045
-294 -414.896362
-295 -420.597565
-296 -418.101196
-297 -423.451675
-298 -421.200043
-299 -426.413956
-300 -424.061874
-301 -429.386826
-302 -427.194763
-303 -432.311340
-304 -430.135880
-305 -435.621338
-306 -433.209793
-307 -438.510498
-308 -436.307678
-309 -441.688309
-310 -439.505219
-311 -444.457214
-312 -442.374832
-313 -447.837708
-314 -445.447006
-315 -450.964264
-316 -448.338623
-317 -453.547043
-318 -451.481125
-319 -456.562180
-320 -454.541626
-321 -459.687744
-322 -457.266602
-323 -462.914536
-324 -460.404831
-325 -465.982880
-326 -463.457260
-327 -469.201218
-328 -466.541550
-329 -472.105423
-330 -469.600708
-331 -475.262802
-332 -472.415298
-333 -478.531799
-334 -475.948029
-335 -481.857117
-336 -479.045349
-337 -484.834930
-338 -482.176483
-339 -488.047073
-340 -485.430115
-341 -491.126404
-342 -488.503616
-343 -494.361435
-344 -491.846329
-345 -497.758072
-346 -494.938217
-347 -500.709167
-348 -498.110443
-349 -503.886795
-350 -501.580780
-351 -506.847122
-352 -504.488983
-353 -510.148743
-354 -507.513779
-355 -513.222275
-356 -510.568787
-357 -516.324249
-358 -513.382629
-359 -519.147369
-360 -516.605194
-361 -522.398468
-362 -519.704483
-363 -525.465378
-364 -522.741989
-365 -528.632248
-366 -525.687485
-367 -531.829254
-368 -529.147354
-369 -534.962112
-370 -532.294662
-371 -538.184021
-372 -535.154297
-373 -541.424469
-374 -538.585983
-375 -544.865433
-376 -542.089752
-377 -548.051605
-378 -545.086014
-379 -551.174728
-380 -548.119354
-381 -553.897202
-382 -551.720352
-383 -556.992249
-384 -554.620438
-385 -560.147476
-386 -557.433655
-387 -563.112274
-388 -560.546829
-389 -566.627289
-390 -563.736633
-391 -569.934616
-392 -566.954910
-393 -572.836029
-394 -570.182480
-395 -575.848114
-396 -573.342087
-397 -579.111252
-398 -576.406448
-399 -582.080887
-400 -579.402496
-401 -585.070480
-402 -582.583649
-403 -588.293488
-404 -585.452011
-405 -591.477081
-406 -588.389221
-407 -594.619858
-408 -591.718353
-409 -597.773727
-410 -594.500290
-411 -600.576340
-412 -598.052231
-413 -603.603348
-414 -601.006577
-415 -606.933350
-416 -604.343521
-417 -610.103241
-418 -607.402512
-419 -613.117050
-420 -610.214844
-421 -616.279602
-422 -613.576385
-423 -619.356232
-424 -616.619095
-425 -622.425293
-426 -619.528290
-427 -625.375824
-428 -622.641327
-429 -628.377258
-430 -625.606430
-431 -631.778641
-432 -628.869003
-433 -634.584488
-434 -631.985641
-435 -637.593628
-436 -635.007126
-437 -640.615189
-438 -638.016144
-439 -643.974503
-440 -640.715652
-441 -646.994522
-442 -644.103058
-443 -650.084473
-444 -647.205490
-445 -653.206329
-446 -650.203644
-447 -656.412796
-448 -653.507416
-449 -659.350800
-450 -656.702332
-451 -662.859787
-452 -659.712280
-453 -665.909622
-454 -662.946686
-455 -669.075562
-456 -666.105774
-457 -672.352554
-458 -669.233810
-459 -675.555740
-460 -672.550827
-461 -678.597794
-462 -675.789352
-463 -681.717148
-464 -678.987091
-465 -685.060394
-466 -681.916733
-467 -688.124557
-468 -685.237137
-469 -691.190308
-470 -688.316757
-471 -694.447937
-472 -691.612518
-473 -697.786575
-474 -694.739899
-475 -700.742752
-476 -697.954498
-477 -703.976395
-478 -701.072144
-479 -707.371521
-480 -703.999588
-481 -710.215607
-482 -707.208206
-483 -713.601700
-484 -710.580307
-485 -716.793686
-486 -713.795685
-487 -719.902695
-488 -716.955399
-489 -723.086838
-490 -720.143677
-491 -726.664108
-492 -723.253372
-493 -729.645416
-494 -726.374268
-495 -732.890549
-496 -729.813812
-497 -736.088821
-498 -733.090164
-499 -739.063843
-500 -736.358780
-501 -742.436813
-502 -739.301331
-503 -745.548218
-504 -742.315857
-505 -748.839218
-506 -745.818909
-507 -752.161835
-508 -749.117310
-509 -755.491089
-510 -752.399567
-511 -758.638550
-512 -755.315186
-513 -761.698364
-514 -758.890335
-515 -765.069778
-516 -761.996765
-517 -768.049271
-518 -765.103531
-519 -771.177338
-520 -768.149902
-521 -774.789749
-522 -771.219589
-523 -777.765503
-524 -774.287476
-525 -781.127823
-526 -777.859528
-527 -784.259415
-528 -780.955948
-529 -787.136902
-530 -784.212784
-531 -790.072098
-532 -787.181152
-533 -793.630051
-534 -790.356827
-535 -797.013306
-536 -793.237518
-537 -800.135818
-538 -796.696854
-539 -803.579254
-540 -800.165604
-541 -806.813812
-542 -803.427460
-543 -810.267395
-544 -806.507324
-545 -813.200058
-546 -810.112473
-547 -816.540543
-548 -813.227982
-549 -819.494476
-550 -816.483841
-551 -822.901184
-552 -819.920578
-553 -826.112595
-554 -822.979553
-555 -829.339523
-556 -826.220535
-557 -832.789185
-558 -829.594299
-559 -836.124176
-560 -832.496811
-561 -839.329315
-562 -835.946640
-563 -842.525177
-564 -839.288208
-565 -845.689545
-566 -842.310593
-567 -848.612213
-568 -845.495316
-569 -852.099365
-570 -848.485550
-571 -855.684753
-572 -852.050903
-573 -858.710861
-574 -855.586304
-575 -862.433640
-576 -858.951340
-577 -865.346497
-578 -862.127350
-579 -868.652603
-580 -865.330948
-581 -871.975281
-582 -868.428726
-583 -875.244019
-584 -871.810013
-585 -878.406265
-586 -875.367065
-587 -881.974731
-588 -878.445892
-589 -885.166199
-590 -881.550156
-591 -888.057663
-592 -885.446472
-593 -891.865112
-594 -888.229599
-595 -894.890335
-596 -891.354385
-597 -898.328568
-598 -894.800049
-599 -902.188828
-600 -898.352753
-601 -905.219681
-602 -901.727371
-603 -908.895370
-604 -905.249741
-605 -912.451752
-606 -908.570374
-607 -915.464218
-608 -912.277695
-609 -918.437714
-610 -915.212616
-611 -922.130112
-612 -918.395538
-613 -925.676361
-614 -921.638214
-615 -928.591797
-616 -925.235489
-617 -932.147385
-618 -928.637512
-619 -935.703766
-620 -931.599533
-621 -938.749741
-622 -935.405548
-623 -941.966553
-624 -938.728088
-625 -945.887543
-626 -941.776047
-627 -949.399094
-628 -945.285751
-629 -952.251205
-630 -948.642868
-631 -955.377197
-632 -952.122757
-633 -958.843124
-634 -955.093506
-635 -962.188263
-636 -958.186646
-637 -965.600983
-638 -961.752670
-639 -969.038208
-640 -964.927063
-641 -971.797775
-642 -968.187225
-643 -975.229019
-644 -971.818863
-645 -978.823318
-646 -974.927307
-647 -982.280197
-648 -978.017303
-649 -985.048676
-650 -981.562592
-651 -988.514771
-652 -984.763062
-653 -991.838318
-654 -987.804932
-655 -995.083572
-656 -991.334015
-657 -998.320526
-658 -994.311142
-659 -1001.497345
-660 -997.633804
-661 -1004.763779
-662 -1000.802155
-663 -1008.316956
-664 -1003.783661
-665 -1011.064667
-666 -1007.590515
-667 -1014.972275
-668 -1010.671326
-669 -1017.809845
-670 -1013.325455
-671 -1020.974640
-672 -1016.562973
-673 -1023.781311
-674 -1019.179047
-675 -1026.914551
-676 -1022.533508
-677 -1030.126282
-678 -1025.444977
-679 -1032.631561
-680 -1028.329803
-681 -1035.724472
-682 -1031.752975
-683 -1038.896271
-684 -1034.247879
-685 -1041.843246
-686 -1037.378571
-687 -1045.137833
-688 -1040.546478
-689 -1047.846878
-690 -1042.805817
-691 -1050.854492
-692 -1046.422363
-693 -1054.040665
-694 -1048.078873
-695 -1056.125580
-696 -1052.197266
-697 -1059.863617
-698 -1052.513138
-699 -1061.963058
