0 0.000000
-1 -26.820312
-2 -20.187500
-3 -36.890625
-4 -30.960938
-5 -43.500000
-6 -22.726562
-7 -45.500000
-8 -45.648438
-9 -50.773438
-10 -44.796875
-11 -73.398438
-12 -62.187500
-13 -74.859375
-14 -67.992188
-15 -76.039062
-16 -73.828125
-17 -79.203125
-18 -80.281250
-19 -101.445312
-20 -86.382812
-21 -106.742188
-22 -90.226562
-23 -109.851562
-24 -105.265625
-25 -121.492188
-26 -120.093750
-27 -134.234375
-28 -123.328125
-29 -143.906250
-30 -130.726562
-31 -148.859375
-32 -136.062500
-33 -148.367188
-34 -145.734375
-35 -154.445312
-36 -153.914062
-37 -161.484375
-38 -160.609375
-39 -164.632812
-40 -163.375000
-41 -172.820312
-42 -167.984375
-43 -186.164062
-44 -175.078125
-45 -203.828125
-46 -182.656250
-47 -209.500000
-48 -202.796875
-49 -220.156250
-50 -208.382812
-51 -226.210938
-52 -210.171875
-53 -230.468750
-54 -217.023438
-55 -239.445312
-56 -228.203125
-57 -244.382812
-58 -232.414062
-59 -248.976562
-60 -253.835938
-61 -270.460938
-62 -266.781250
-63 -272.367188
-64 -267.820312
-65 -273.976562
-66 -271.625000
-67 -280.195312
-68 -277.226562
-69 -286.375000
-70 -275.078125
-71 -294.187500
-72 -281.609375
-73 -295.156250
-74 -290.656250
-75 -295.140625
-76 -296.375000
-77 -310.312500
-78 -301.585938
-79 -312.648438
-80 -313.804688
-81 -317.554688
-82 -313.554688
-83 -330.070312
-84 -320.468750
-85 -352.546875
-86 -325.289062
-87 -356.632812
-88 -354.210938
-89 -364.992188
-90 -352.742188
-91 -367.437500
-92 -366.882812
-93 -370.125000
-94 -369.875000
-95 -372.000000
-96 -372.218750
-97 -373.359375
-98 -379.218750
-99 -387.546875
-100 -389.609375
-101 -398.765625
-102 -396.601562
-103 -408.320312
-104 -403.398438
-105 -428.820312
-106 -410.953125
-107 -430.257812
-108 -434.085938
-109 -437.148438
-110 -437.710938
-111 -449.648438
-112 -441.726562
-113 -466.390625
-114 -448.601562
-115 -471.531250
-116 -465.171875
-117 -480.250000
-118 -484.648438
-119 -501.703125
-120 -493.781250
-121 -508.765625
-122 -500.773438
-123 -511.257812
-124 -506.375000
-125 -513.718750
-126 -510.234375
-127 -530.492188
-128 -521.812500
-129 -538.320312
-130 -526.648438
-131 -548.031250
-132 -536.585938
-133 -554.570312
-134 -551.492188
-135 -556.531250
-136 -556.742188
-137 -560.507812
-138 -564.132812
-139 -576.671875
-140 -567.796875
-141 -580.164062
-142 -578.593750
-143 -586.671875
-144 -584.812500
-145 -598.515625
-146 -593.531250
-147 -615.976562
-148 -608.289062
-149 -625.179688
-150 -618.039062
-151 -625.765625
-152 -623.546875
-153 -632.515625
-154 -631.031250
-155 -647.859375
-156 -654.554688
-157 -675.382812
-158 -660.742188
-159 -685.250000
-160 -679.781250
-161 -695.781250
-162 -687.015625
-163 -707.023438
-164 -706.851562
-165 -713.062500
-166 -707.234375
-167 -711.546875
-168 -713.984375
-169 -717.578125
-170 -714.156250
-171 -746.804688
-172 -721.640625
-173 -751.273438
-174 -731.828125
-175 -774.117188
-176 -763.742188
-177 -785.718750
-178 -771.375000
-179 -792.617188
-180 -779.093750
-181 -802.687500
-182 -794.648438
-183 -813.203125
-184 -815.914062
-185 -823.828125
-186 -819.351562
-187 -842.546875
-188 -829.976562
-189 -855.015625
-190 -836.734375
-191 -865.445312
-192 -849.007812
-193 -864.289062
-194 -861.031250
-195 -870.414062
-196 -866.000000
-197 -875.039062
-198 -870.257812
-199 -881.703125
-200 -873.695312
-201 -885.000000
-202 -888.734375
-203 -894.406250
-204 -893.984375
-205 -899.039062
-206 -893.968750
-207 -904.937500
-208 -899.445312
-209 -909.210938
-210 -900.796875
-211 -912.546875
-212 -910.906250
-213 -916.835938
-214 -913.632812
-215 -934.812500
-216 -918.296875
-217 -956.859375
-218 -923.445312
-219 -963.609375
-220 -955.375000
-221 -963.742188
-222 -961.640625
-223 -993.617188
-224 -976.875000
-225 -1003.625000
-226 -1000.773438
-227 -1012.382812
-228 -1001.507812
-229 -1021.437500
-230 -1009.429688
-231 -1027.625000
-232 -1029.507812
-233 -1038.093750
-234 -1034.703125
-235 -1039.617188
-236 -1036.296875
-237 -1045.828125
-238 -1039.921875
-239 -1059.671875
-240 -1042.953125
-241 -1060.664062
-242 -1056.460938
-243 -1069.648438
-244 -1061.789062
-245 -1074.757812
-246 -1068.640625
-247 -1076.742188
-248 -1073.234375
-249 -1101.117188
-250 -1083.031250
-251 -1110.984375
-252 -1093.875000
-253 -1113.921875
-254 -1107.609375
-255 -1130.898438
-256 -1126.585938
-257 -1137.867188
-258 -1124.343750
-259 -1134.187500
-260 -1132.585938
-261 -1143.859375
-262 -1140.312500
-263 -1149.570312
-264 -1146.554688
-265 -1155.062500
-266 -1152.796875
-267 -1167.468750
-268 -1154.171875
-269 -1170.406250
-270 -1168.289062
-271 -1177.367188
-272 -1176.015625
-273 -1177.476562
-274 -1175.945312
-275 -1189.632812
-276 -1183.078125
-277 -1192.929688
-278 -1193.500000
-279 -1194.500000
-280 -1193.125000
-281 -1202.187500
-282 -1195.531250
-283 -1209.312500
-284 -1206.312500
-285 -1218.773438
-286 -1204.843750
-287 -1229.398438
-288 -1218.109375
-289 -1229.867188
-290 -1226.750000
-291 -1234.101562
-292 -1232.953125
-293 -1239.406250
-294 -1237.648438
-295 -1242.468750
-296 -1240.507812
-297 -1248.867188
-298 -1245.000000
-299 -1266.648438
-300 -1254.453125
-301 -1276.664062
-302 -1264.890625
-303 -1280.359375
-304 -1269.070312
-305 -1285.367188
-306 -1284.906250
-307 -1296.375000
-308 -1293.539062
-309 -1304.054688
-310 -1302.523438
-311 -1314.000000
-312 -1304.226562
-313 -1318.710938
-314 -1316.593750
-315 -1319.320312
-316 -1320.976562
-317 -1333.335938
-318 -1324.710938
-319 -1339.703125
-320 -1334.210938
-321 -1346.953125
-322 -1343.484375
-323 -1348.007812
-324 -1362.515625
-325 -1368.320312
-326 -1366.710938
-327 -1392.914062
-328 -1396.945312
-329 -1403.078125
-330 -1410.703125
-331 -1422.140625
-332 -1419.671875
-333 -1435.835938
-334 -1422.335938
-335 -1438.679688
-336 -1441.695312
-337 -1443.921875
-338 -1444.070312
-339 -1449.218750
-340 -1450.492188
-341 -1465.195312
-342 -1451.335938
-343 -1468.773438
-344 -1454.093750
-345 -1467.117188
-346 -1465.093750
-347 -1480.703125
-348 -1473.546875
-349 -1485.062500
-350 -1476.914062
-351 -1489.835938
-352 -1481.976562
-353 -1489.562500
-354 -1483.406250
-355 -1494.164062
-356 -1489.468750
-357 -1496.578125
-358 -1493.093750
-359 -1496.835938
-360 -1497.078125
-361 -1507.492188
-362 -1504.687500
-363 -1515.015625
-364 -1509.593750
-365 -1526.343750
-366 -1526.914062
-367 -1551.664062
-368 -1531.078125
-369 -1563.632812
-370 -1544.585938
-371 -1570.867188
-372 -1560.406250
-373 -1588.164062
-374 -1578.554688
-375 -1588.929688
-376 -1588.445312
-377 -1600.054688
-378 -1591.867188
-379 -1601.976562
-380 -1593.203125
-381 -1607.187500
-382 -1598.742188
-383 -1612.476562
-384 -1606.976562
-385 -1620.507812
-386 -1608.328125
-387 -1627.039062
-388 -1616.484375
-389 -1633.835938
-390 -1634.234375
-391 -1638.093750
-392 -1643.570312
-393 -1662.164062
-394 -1638.929688
-395 -1664.250000
-396 -1651.093750
-397 -1661.804688
-398 -1657.289062
-399 -1667.296875
-400 -1665.742188
-401 -1673.046875
-402 -1666.328125
-403 -1674.304688
-404 -1669.640625
-405 -1677.929688
-406 -1673.429688
-407 -1683.914062
-408 -1680.398438
-409 -1698.046875
-410 -1693.312500
-411 -1703.687500
-412 -1694.882812
-413 -1709.828125
-414 -1697.960938
-415 -1712.632812
-416 -1707.851562
-417 -1717.531250
-418 -1717.234375
-419 -1732.406250
-420 -1727.085938
-421 -1744.500000
-422 -1726.625000
-423 -1745.296875
-424 -1735.523438
-425 -1752.156250
-426 -1746.640625
-427 -1756.882812
-428 -1748.789062
-429 -1759.617188
-430 -1754.554688
-431 -1765.687500
-432 -1756.546875
-433 -1777.296875
-434 -1762.468750
-435 -1783.992188
-436 -1776.312500
-437 -1797.789062
-438 -1791.601562
-439 -1799.398438
-440 -1794.171875
-441 -1799.257812
-442 -1806.351562
-443 -1810.359375
-444 -1807.796875
-445 -1812.984375
-446 -1807.445312
-447 -1825.648438
-448 -1814.671875
-449 -1836.234375
-450 -1820.960938
-451 -1836.632812
-452 -1839.500000
-453 -1863.562500
-454 -1843.539062
-455 -1882.203125
-456 -1844.414062
-457 -1882.046875
-458 -1864.445312
-459 -1888.835938
-460 -1872.593750
-461 -1894.875000
-462 -1889.578125
-463 -1904.476562
-464 -1898.750000
-465 -1905.218750
-466 -1903.617188
-467 -1912.562500
-468 -1910.132812
-469 -1921.796875
-470 -1911.398438
-471 -1922.070312
-472 -1912.960938
-473 -1941.640625
-474 -1922.203125
-475 -1946.273438
-476 -1926.585938
-477 -1956.515625
-478 -1928.929688
-479 -1977.210938
-480 -1943.812500
-481 -1973.359375
-482 -1964.703125
-483 -1984.976562
-484 -1971.835938
-485 -1993.226562
-486 -1979.023438
-487 -1999.218750
-488 -1984.226562
-489 -2009.562500
-490 -1995.882812
-491 -2013.500000
-492 -2005.531250
-493 -2020.562500
-494 -2014.375000
-495 -2023.343750
-496 -2019.859375
-497 -2028.960938
-498 -2020.562500
-499 -2043.367188
-500 -2025.335938
-501 -2047.664062
-502 -2029.390625
-503 -2052.789062
-504 -2041.945312
-505 -2060.210938
-506 -2047.835938
-507 -2065.734375
-508 -2056.929688
-509 -2079.328125
-510 -2069.125000
-511 -2083.320312
-512 -2063.937500
-513 -2090.492188
-514 -2073.382812
-515 -2097.335938
-516 -2082.953125
-517 -2102.421875
-518 -2092.468750
-519 -2120.585938
-520 -2104.875000
-521 -2128.445312
-522 -2114.304688
-523 -2133.406250
-524 -2124.757812
-525 -2136.710938
-526 -2145.554688
-527 -2155.296875
-528 -2147.390625
-529 -2160.125000
-530 -2158.484375
-531 -2163.351562
-532 -2164.679688
-533 -2168.640625
-534 -2167.000000
-535 -2183.164062
-536 -2166.820312
-537 -2190.898438
-538 -2178.921875
-539 -2204.382812
-540 -2184.976562
-541 -2208.765625
-542 -2206.265625
-543 -2213.335938
-544 -2211.742188
-545 -2216.671875
-546 -2211.390625
-547 -2220.000000
-548 -2220.882812
-549 -2231.070312
-550 -2218.609375
-551 -2243.437500
-552 -2238.851562
-553 -2252.171875
-554 -2249.687500
-555 -2251.164062
-556 -2250.554688
-557 -2258.601562
-558 -2251.750000
-559 -2271.226562
-560 -2259.273438
-561 -2281.843750
-562 -2275.835938
-563 -2294.437500
-564 -2287.289062
-565 -2308.953125
-566 -2291.054688
-567 -2324.656250
-568 -2304.148438
-569 -2330.546875
-570 -2319.476562
-571 -2336.539062
-572 -2327.593750
-573 -2339.242188
-574 -2331.742188
-575 -2344.085938
-576 -2339.312500
-577 -2348.531250
-578 -2346.937500
-579 -2356.617188
-580 -2350.000000
-581 -2364.507812
-582 -2360.054688
-583 -2367.359375
-584 -2363.937500
-585 -2378.515625
-586 -2372.476562
-587 -2383.125000
-588 -2380.648438
-589 -2394.046875
-590 -2384.734375
-591 -2403.289062
-592 -2390.062500
-593 -2406.898438
-594 -2398.453125
-595 -2424.015625
-596 -2411.101562
-597 -2436.468750
-598 -2418.421875
-599 -2438.796875
-600 -2424.093750
-601 -2447.078125
-602 -2447.359375
-603 -2453.640625
-604 -2443.804688
-605 -2456.882812
-606 -2449.609375
-607 -2460.492188
-608 -2453.734375
-609 -2462.406250
-610 -2461.820312
-611 -2465.351562
-612 -2459.257812
-613 -2474.062500
-614 -2470.453125
-615 -2475.265625
-616 -2482.796875
-617 -2489.921875
-618 -2484.007812
-619 -2491.382812
-620 -2491.460938
-621 -2497.968750
-622 -2491.359375
-623 -2508.445312
-624 -2495.296875
-625 -2509.968750
-626 -2493.890625
-627 -2530.226562
-628 -2509.351562
-629 -2535.125000
-630 -2515.921875
-631 -2542.867188
-632 -2532.859375
-633 -2585.406250
-634 -2554.406250
-635 -2588.453125
-636 -2578.734375
-637 -2610.789062
-638 -2593.437500
-639 -2624.257812
-640 -2598.742188
-641 -2640.359375
-642 -2613.054688
-643 -2644.273438
-644 -2629.921875
-645 -2658.773438
-646 -2636.890625
-647 -2658.148438
-648 -2644.335938
-649 -2662.570312
-650 -2664.390625
-651 -2672.906250
-652 -2672.914062
-653 -2687.070312
-654 -2679.875000
-655 -2692.773438
-656 -2684.742188
-657 -2711.531250
-658 -2694.328125
-659 -2720.898438
-660 -2708.382812
-661 -2727.992188
-662 -2715.382812
-663 -2746.812500
-664 -2718.984375
-665 -2752.125000
-666 -2728.359375
-667 -2753.414062
-668 -2747.890625
-669 -2758.039062
-670 -2751.890625
-671 -2769.179688
-672 -2758.414062
-673 -2786.500000
-674 -2768.710938
-675 -2815.132812
-676 -2774.250000
-677 -2819.226562
-678 -2783.609375
-679 -2824.679688
-680 -2820.101562
-681 -2837.843750
-682 -2830.179688
-683 -2845.031250
-684 -2841.898438
-685 -2853.609375
-686 -2842.671875
-687 -2861.648438
-688 -2847.218750
-689 -2864.140625
-690 -2854.476562
-691 -2864.343750
-692 -2861.859375
-693 -2874.218750
-694 -2872.757812
-695 -2897.265625
-696 -2882.695312
-697 -2905.546875
-698 -2893.984375
-699 -2909.921875
