0 0.000000
-1 -4.759369
-2 -2.862854
-3 -7.677460
-4 -4.698425
-5 -9.406464
-6 -5.140747
-7 -9.723541
-8 -7.801117
-9 -12.521729
-10 -9.854553
-11 -14.735596
-12 -10.876373
-13 -15.521576
-14 -14.046204
-15 -18.850037
-16 -15.985199
-17 -20.740448
-18 -17.426392
-19 -22.392395
-20 -20.470947
-21 -25.416412
-22 -23.067932
-23 -27.690765
-24 -24.453705
-25 -29.024872
-26 -27.743530
-27 -32.201782
-28 -29.910095
-29 -34.133118
-30 -31.298828
-31 -36.090149
-32 -34.072357
-33 -38.986115
-34 -36.569489
-35 -41.226440
-36 -38.610504
-37 -43.222046
-38 -41.427063
-39 -46.194458
-40 -43.628967
-41 -48.713654
-42 -45.582825
-43 -50.506866
-44 -48.518738
-45 -53.296875
-46 -50.966278
-47 -55.763916
-48 -52.908630
-49 -57.758453
-50 -56.034515
-51 -60.837158
-52 -58.496979
-53 -63.292023
-54 -60.840118
-55 -65.589966
-56 -63.820557
-57 -68.707550
-58 -66.149078
-59 -71.086334
-60 -68.460724
-61 -73.293762
-62 -71.604034
-63 -76.508423
-64 -74.012115
-65 -79.434052
-66 -76.376343
-67 -81.725708
-68 -79.821869
-69 -84.837830
-70 -82.433990
-71 -87.166840
-72 -85.007904
-73 -89.356323
-74 -88.053467
-75 -92.545563
-76 -90.322937
-77 -95.291229
-78 -92.553345
-79 -97.621521
-80 -96.047852
-81 -100.614868
-82 -98.595703
-83 -103.349518
-84 -100.975616
-85 -105.758179
-86 -103.681396
-87 -108.743896
-88 -106.343018
-89 -110.978485
-90 -108.798889
-91 -113.498444
-92 -111.712738
-93 -116.543976
-94 -114.224884
-95 -118.886536
-96 -116.969177
-97 -121.823029
-98 -120.159637
-99 -124.579071
-100 -122.640594
-101 -127.684326
-102 -125.515991
-103 -130.364716
-104 -128.644989
-105 -133.201660
-106 -131.355957
-107 -135.813232
-108 -134.220856
-109 -138.472870
-110 -136.768097
-111 -141.647003
-112 -139.529602
-113 -144.566772
-114 -142.444031
-115 -147.225220
-116 -145.450653
-117 -150.251678
-118 -148.319641
-119 -153.426392
-120 -150.926819
-121 -156.022308
-122 -154.170837
-123 -159.018860
-124 -157.050964
-125 -161.793030
-126 -159.819214
-127 -164.637939
-128 -162.613281
-129 -167.780426
-130 -165.508759
-131 -170.759796
-132 -168.424896
-133 -173.445953
-134 -171.491089
-135 -176.681213
-136 -174.559052
-137 -179.382599
-138 -177.426025
-139 -182.521240
-140 -180.700012
-141 -185.612366
-142 -183.634949
-143 -188.490479
-144 -186.194733
-145 -191.382233
-146 -189.546356
-147 -194.381378
-148 -192.323730
-149 -197.033112
-150 -195.083008
-151 -200.202576
-152 -197.967682
-153 -203.311737
-154 -201.240509
-155 -205.966309
-156 -203.918365
-157 -208.817139
-158 -207.135712
-159 -212.155640
-160 -209.876617
-161 -215.092987
-162 -213.001129
-163 -218.039368
-164 -216.166504
-165 -221.196808
-166 -219.071228
-167 -223.860657
-168 -222.144196
-169 -226.767578
-170 -225.117828
-171 -230.039917
-172 -228.090820
-173 -232.760376
-174 -230.820618
-175 -235.620056
-176 -233.682007
-177 -238.789520
-178 -236.761932
-179 -241.840393
-180 -239.622772
-181 -244.813873
-182 -243.062744
-183 -247.766327
-184 -245.843201
-185 -250.765198
-186 -248.639008
-187 -254.199493
-188 -252.019745
-189 -257.094757
-190 -255.056915
-191 -259.980133
-192 -258.153870
-193 -262.992218
-194 -261.268921
-195 -266.012726
-196 -263.966736
-197 -268.898193
-198 -267.006073
-199 -272.077179
-200 -270.120941
-201 -275.354675
-202 -273.199402
-203 -278.384521
-204 -276.368561
-205 -281.516602
-206 -279.505402
-207 -284.834167
-208 -282.670837
-209 -287.937378
-210 -285.447510
-211 -290.884674
-212 -288.871674
-213 -294.224579
-214 -291.984222
-215 -297.163605
-216 -295.030975
-217 -299.970245
-218 -298.142334
-219 -303.289764
-220 -301.392944
-221 -306.593811
-222 -304.240051
-223 -309.473145
-224 -307.748688
-225 -312.598816
-226 -310.747131
-227 -315.717834
-228 -313.560669
-229 -318.992889
-230 -317.007355
-231 -322.077911
-232 -320.141327
-233 -325.242371
-234 -323.121246
-235 -328.468506
-236 -326.339569
-237 -331.754547
-238 -329.473877
-239 -334.729767
-240 -332.644989
-241 -338.026764
-242 -335.774719
-243 -341.007721
-244 -339.037506
-245 -344.173676
-246 -342.255402
-247 -347.638885
-248 -345.586731
-249 -350.796631
-250 -348.676483
-251 -354.146973
-252 -351.921204
-253 -357.188049
-254 -354.944305
-255 -360.223419
-256 -357.978912
-257 -363.372253
-258 -361.110687
-259 -366.830475
-260 -364.213318
-261 -370.454712
-262 -367.771423
-263 -373.464874
-264 -371.458435
-265 -376.649506
-266 -374.775421
-267 -379.974365
-268 -377.833191
-269 -383.020020
-270 -380.799500
-271 -386.368408
-272 -384.227142
-273 -389.320068
-274 -387.128021
-275 -392.242859
-276 -390.219147
-277 -395.631805
-278 -393.369446
-279 -398.848114
-280 -396.276703
-281 -401.916046
-282 -399.327484
-283 -404.808990
-284 -402.798065
-285 -408.333099
-286 -405.503357
-287 -411.192566
-288 -408.785706
-289 -414.376007
-290 -412.145599
-291 -417.446503
-292 -414.962036
-293 -420.450348
-294 -418.011169
-295 -423.737640
-296 -421.570831
-297 -426.983032
-298 -424.652313
-299 -429.976685
-300 -427.586243
-301 -432.907196
-302 -430.508820
-303 -436.032227
-304 -433.614594
-305 -439.307434
-306 -436.761993
-307 -442.341583
-308 -439.504150
-309 -445.171600
-310 -442.872589
-311 -448.330475
-312 -446.079590
-313 -451.368744
-314 -449.132935
-315 -454.557556
-316 -452.169891
-317 -457.317871
-318 -455.245911
-319 -460.423035
-320 -458.182648
-321 -463.552704
-322 -461.159790
-323 -466.601379
-324 -464.473480
-325 -469.522705
-326 -467.305267
-327 -472.756927
-328 -470.285919
-329 -475.564911
-330 -473.268066
-331 -478.962463
-332 -476.670563
-333 -482.305359
-334 -479.534149
-335 -485.053772
-336 -483.009918
-337 -488.430359
-338 -486.178406
-339 -491.556030
-340 -488.860718
-341 -494.451813
-342 -491.953705
-343 -497.830505
-344 -495.007599
-345 -500.790833
-346 -498.091003
-347 -503.571320
-348 -501.066467
-349 -506.827972
-350 -504.182495
-351 -509.810333
-352 -507.371826
-353 -513.453827
-354 -510.569092
-355 -516.352478
-356 -513.462708
-357 -519.519592
-358 -516.545319
-359 -522.711792
-360 -519.833282
-361 -525.710266
-362 -523.169006
-363 -528.701324
-364 -526.444946
-365 -531.839569
-366 -529.478302
-367 -534.675537
-368 -532.227875
-369 -538.094238
-370 -534.930145
-371 -540.663055
-372 -538.073273
-373 -544.033539
-374 -541.327484
-375 -546.883179
-376 -544.273193
-377 -549.977386
-378 -547.475220
-379 -553.084259
-380 -550.385651
-381 -556.148926
-382 -553.363312
-383 -559.084137
-384 -556.455292
-385 -562.437042
-386 -559.627502
-387 -565.523346
-388 -562.726593
-389 -568.396210
-390 -565.511108
-391 -571.586914
-392 -569.136963
-393 -574.874481
-394 -572.125183
-395 -578.218750
-396 -575.089813
-397 -581.211334
-398 -578.411072
-399 -584.405731
-400 -581.498291
-401 -587.196167
-402 -584.787262
-403 -590.478882
-404 -587.642090
-405 -593.658844
-406 -590.620026
-407 -596.897858
-408 -594.218292
-409 -599.828247
-410 -597.385925
-411 -602.842590
-412 -600.525726
-413 -606.071533
-414 -603.480560
-415 -609.044006
-416 -606.748322
-417 -612.582062
-418 -610.048370
-419 -615.632446
-420 -612.969696
-421 -618.414703
-422 -616.381042
-423 -621.189545
-424 -618.895935
-425 -624.715851
-426 -622.024994
-427 -627.671143
-428 -625.032623
-429 -630.896790
-430 -627.978424
-431 -633.721497
-432 -630.996277
-433 -636.967743
-434 -634.555664
-435 -640.318390
-436 -637.543732
-437 -643.498016
-438 -640.773224
-439 -646.614136
-440 -643.945557
-441 -649.803345
-442 -647.264313
-443 -653.027313
-444 -650.010162
-445 -655.848999
-446 -653.033783
-447 -659.187805
-448 -656.376312
-449 -662.260712
-450 -659.066681
-451 -665.713074
-452 -662.302216
-453 -668.812866
-454 -665.609131
-455 -671.962036
-456 -669.076538
-457 -674.884521
-458 -671.952148
-459 -677.618195
-460 -675.554535
-461 -681.140015
-462 -678.487335
-463 -684.370148
-464 -681.421356
-465 -687.082825
-466 -684.576813
-467 -690.131958
-468 -687.941040
-469 -693.806793
-470 -690.891541
-471 -696.797028
-472 -693.534088
-473 -699.890228
-474 -697.162354
-475 -703.187439
-476 -700.158142
-477 -706.186890
-478 -703.294159
-479 -709.167664
-480 -706.137604
-481 -712.142487
-482 -709.305786
-483 -715.426758
-484 -712.414459
-485 -718.707275
-486 -715.081268
-487 -721.624573
-488 -718.292145
-489 -724.888000
-490 -722.003143
-491 -727.949524
-492 -724.731171
-493 -730.830841
-494 -727.821014
-495 -734.216522
-496 -730.715057
-497 -737.637177
-498 -733.815704
-499 -740.390106
-500 -737.188416
-501 -743.400330
-502 -740.529144
-503 -746.747559
-504 -743.421967
-505 -749.816833
-506 -746.899078
-507 -753.215698
-508 -749.932465
-509 -756.517059
-510 -752.767456
-511 -759.523621
-512 -756.079987
-513 -762.750946
-514 -759.705963
-515 -766.005096
-516 -762.954712
-517 -769.166931
-518 -765.780640
-519 -772.079468
-520 -769.047699
-521 -775.371948
-522 -772.374146
-523 -778.582062
-524 -775.761230
-525 -781.866547
-526 -778.552002
-527 -785.290649
-528 -781.916443
-529 -788.905273
-530 -785.787811
-531 -792.294037
-532 -788.731506
-533 -795.809082
-534 -791.981018
-535 -798.386932
-536 -795.524017
-537 -802.282806
-538 -798.920929
-539 -805.647858
-540 -801.932068
-541 -809.042145
-542 -805.539276
-543 -812.368073
-544 -808.687286
-545 -815.775574
-546 -812.085846
-547 -818.671692
-548 -815.162140
-549 -821.649658
-550 -818.620880
-551 -825.212402
-552 -821.789612
-553 -828.201447
-554 -824.876831
-555 -831.280334
-556 -828.215851
-557 -834.765106
-558 -831.344147
-559 -838.083649
-560 -834.309479
-561 -840.863556
-562 -837.566315
-563 -844.090820
-564 -841.020813
-565 -847.370239
-566 -843.906586
-567 -850.547455
-568 -847.318634
-569 -854.104462
-570 -850.307404
-571 -857.339600
-572 -853.662933
-573 -860.342377
-574 -857.624603
-575 -863.794067
-576 -860.285583
-577 -866.498657
-578 -862.870087
-579 -870.056335
-580 -866.728790
-581 -873.629089
-582 -870.113831
-583 -876.390350
-584 -873.518250
-585 -880.182800
-586 -876.638062
-587 -883.629089
-588 -880.141418
-589 -886.829773
-590 -883.431854
-591 -889.494019
-592 -886.591095
-593 -893.719177
-594 -889.757660
-595 -896.984955
-596 -892.579529
-597 -900.234894
-598 -896.858887
-599 -903.128113
-600 -899.818573
-601 -906.388062
-602 -902.926575
-603 -909.820068
-604 -906.225098
-605 -913.058929
-606 -909.553223
-607 -915.938171
-608 -912.887756
-609 -918.785095
-610 -915.649628
-611 -922.444977
-612 -919.076447
-613 -926.123688
-614 -921.942566
-615 -929.114502
-616 -925.374359
-617 -933.286316
-618 -928.963898
-619 -936.258423
-620 -932.649292
-621 -939.554169
-622 -935.963837
-623 -943.038574
-624 -939.200928
-625 -946.920135
-626 -942.933655
-627 -949.777618
-628 -945.723053
-629 -952.959991
-630 -949.402679
-631 -956.615753
-632 -952.740204
-633 -960.039703
-634 -955.640594
-635 -963.396271
-636 -959.310394
-637 -966.690704
-638 -962.927734
-639 -969.659119
-640 -966.001495
-641 -973.019073
-642 -969.233337
-643 -976.861267
-644 -972.527588
-645 -980.061188
-646 -975.675720
-647 -983.676208
-648 -979.157410
-649 -986.992279
-650 -982.776825
-651 -990.305389
-652 -986.164764
-653 -993.641510
-654 -989.340576
-655 -997.006958
-656 -991.747589
-657 -999.500763
-658 -995.147583
-659 -1003.074677
-660 -998.100311
-661 -1005.993591
-662 -1001.530670
-663 -1009.212067
-664 -1004.206421
-665 -1012.226990
-666 -1007.037750
-667 -1014.965485
-668 -1010.417999
-669 -1018.321411
-670 -1012.220154
-671 -1020.797638
-672 -1015.821533
-673 -1023.427948
-674 -1018.156036
-675 -1027.019379
-676 -1021.584564
-677 -1029.992523
-678 -1024.067230
-679 -1032.179565
-680 -1027.335724
-681 -1035.797607
-682 -1030.314301
-683 -1038.148041
-684 -1032.783630
-685 -1041.171082
-686 -1034.773987
-687 -1043.779449
-688 -1038.217987
-689 -1047.002228
-690 -1038.362213
-691 -1048.227539
-692 -1043.126068
-693 -1051.611389
-694 -1043.043213
-695 -1051.872070
-696 -1047.972656
-697 -1057.115997
-698 -1046.879944
-699 -1056.998596
