0 0.000000
-1 -4.587091
-2 -3.046408
-3 -7.626385
-4 -5.101673
-5 -9.670532
-6 -5.218481
-7 -9.803198
-8 -8.271705
-9 -12.876691
-10 -10.342987
-11 -14.959782
-12 -11.168217
-13 -15.773683
-14 -14.181353
-15 -18.804891
-16 -16.316491
-17 -20.929230
-18 -17.509030
-19 -22.129048
-20 -20.531562
-21 -25.176675
-22 -22.721987
-23 -27.376591
-24 -24.159005
-25 -28.826244
-26 -27.183916
-27 -31.842357
-28 -29.437859
-29 -34.083381
-30 -31.063024
-31 -35.717183
-32 -34.066415
-33 -38.744248
-34 -36.351830
-35 -41.035852
-36 -38.157976
-37 -42.867579
-38 -41.170619
-39 -45.891264
-40 -43.521203
-41 -48.211554
-42 -45.447719
-43 -50.135027
-44 -48.451415
-45 -53.145122
-46 -50.818432
-47 -55.527037
-48 -52.861794
-49 -57.592082
-50 -55.861943
-51 -60.596255
-52 -58.267468
-53 -63.024558
-54 -60.431123
-55 -65.149690
-56 -63.429772
-57 -68.171118
-58 -65.875242
-59 -70.642809
-60 -68.111616
-61 -72.872778
-62 -71.131415
-63 -75.875194
-64 -73.606251
-65 -78.360814
-66 -75.905395
-67 -80.678601
-68 -78.927244
-69 -83.701614
-70 -81.431660
-71 -86.217747
-72 -83.809439
-73 -88.581626
-74 -86.833426
-75 -91.643625
-76 -89.389414
-77 -94.198433
-78 -91.807991
-79 -96.624214
-80 -94.845846
-81 -99.662834
-82 -97.442756
-83 -102.244788
-84 -99.911948
-85 -104.721718
-86 -102.932552
-87 -107.765706
-88 -105.549807
-89 -110.396820
-90 -108.111967
-91 -112.935975
-92 -111.125366
-93 -115.960106
-94 -113.767580
-95 -118.604559
-96 -116.336606
-97 -121.198474
-98 -119.372405
-99 -124.249405
-100 -122.054479
-101 -126.930515
-102 -124.678570
-103 -129.539635
-104 -127.728037
-105 -132.613160
-106 -130.412213
-107 -135.316596
-108 -133.080191
-109 -137.997411
-110 -136.149553
-111 -141.025880
-112 -138.890049
-113 -143.783647
-114 -141.576840
-115 -146.492653
-116 -144.647788
-117 -149.548523
-118 -147.379636
-119 -152.313313
-120 -150.125584
-121 -155.052100
-122 -153.187813
-123 -158.146353
-124 -155.987928
-125 -160.923702
-126 -158.749604
-127 -163.700673
-128 -161.831693
-129 -166.788690
-130 -164.632607
-131 -169.598546
-132 -167.443871
-133 -172.398861
-134 -170.517753
-135 -175.499402
-136 -173.349137
-137 -178.319624
-138 -176.183107
-139 -181.165169
-140 -179.284427
-141 -184.259348
-142 -182.115284
-143 -187.117330
-144 -184.973742
-145 -189.971332
-146 -188.089848
-147 -193.089639
-148 -190.936795
-149 -195.967579
-150 -193.829499
-151 -198.860758
-152 -196.960499
-153 -201.981485
-154 -199.857656
-155 -204.873150
-156 -202.766589
-157 -207.795861
-158 -205.895455
-159 -210.908490
-160 -208.806517
-161 -213.818585
-162 -211.722190
-163 -216.771209
-164 -214.837099
-165 -219.900380
-166 -217.738170
-167 -222.820720
-168 -220.685456
-169 -225.784577
-170 -223.811691
-171 -228.912987
-172 -226.769572
-173 -231.867902
-174 -229.760914
-175 -234.858950
-176 -232.893974
-177 -238.007817
-178 -235.867519
-179 -240.972018
-180 -238.848943
-181 -243.975070
-182 -241.992639
-183 -247.116389
-184 -244.978544
-185 -250.111557
-186 -247.995031
-187 -253.141145
-188 -251.127803
-189 -256.272076
-190 -254.129627
-191 -259.300777
-192 -257.162420
-193 -262.333293
-194 -260.307756
-195 -265.487458
-196 -263.333211
-197 -268.512347
-198 -266.374177
-199 -271.547511
-200 -269.512109
-201 -274.677996
-202 -272.531887
-203 -277.715564
-204 -275.561073
-205 -280.760459
-206 -278.668618
-207 -283.866680
-208 -281.694851
-209 -286.913827
-210 -284.747445
-211 -289.966975
-212 -287.864160
-213 -293.070648
-214 -290.899702
-215 -296.115851
-216 -293.944690
-217 -299.157387
-218 -297.019882
-219 -302.263166
-220 -300.074643
-221 -305.315132
-222 -303.120274
-223 -308.367640
-224 -306.197373
-225 -311.458166
-226 -309.241230
-227 -314.524991
-228 -312.317352
-229 -317.589552
-230 -315.408496
-231 -320.646908
-232 -318.463944
-233 -323.694571
-234 -321.503819
-235 -326.755675
-236 -324.563019
-237 -329.850878
-238 -327.602394
-239 -332.884894
-240 -330.659208
-241 -335.944056
-242 -333.711587
-243 -339.007664
-244 -336.753540
-245 -342.076625
-246 -339.809739
-247 -345.123881
-248 -342.860013
-249 -348.181743
-250 -345.922938
-251 -351.236191
-252 -348.969483
-253 -354.278174
-254 -352.023940
-255 -357.342193
-256 -355.076176
-257 -360.398196
-258 -358.123720
-259 -363.471747
-260 -361.170855
-261 -366.526044
-262 -364.210624
-263 -369.575627
-264 -367.273824
-265 -372.659466
-266 -370.333079
-267 -375.699892
-268 -373.389317
-269 -378.750313
-270 -376.476144
-271 -381.825336
-272 -379.507773
-273 -384.902545
-274 -382.583026
-275 -387.967048
-276 -385.646613
-277 -391.024648
-278 -388.705883
-279 -394.116802
-280 -391.769605
-281 -397.197294
-282 -394.865925
-283 -400.278248
-284 -397.935702
-285 -403.346781
-286 -400.972941
-287 -406.390857
-288 -404.046067
-289 -409.492367
-290 -407.103032
-291 -412.574408
-292 -410.205830
-293 -415.634405
-294 -413.264645
-295 -418.705049
-296 -416.330136
-297 -421.806398
-298 -419.413274
-299 -424.909938
-300 -422.506701
-301 -428.012052
-302 -425.591840
-303 -431.079751
-304 -428.673814
-305 -434.169957
-306 -431.748125
-307 -437.259857
-308 -434.826126
-309 -440.333534
-310 -437.923939
-311 -443.421391
-312 -440.988732
-313 -446.525545
-314 -444.069968
-315 -449.615475
-316 -447.161547
-317 -452.725362
-318 -450.257288
-319 -455.816482
-320 -453.320870
-321 -458.895615
-322 -456.431149
-323 -462.006008
-324 -459.520501
-325 -465.098176
-326 -462.604062
-327 -468.178384
-328 -465.695883
-329 -471.290696
-330 -468.790845
-331 -474.406491
-332 -471.898796
-333 -477.505304
-334 -474.998946
-335 -480.612246
-336 -478.093928
-337 -483.714438
-338 -481.183635
-339 -486.828952
-340 -484.287939
-341 -489.947008
-342 -487.379251
-343 -493.055582
-344 -490.493771
-345 -496.151018
-346 -493.609479
-347 -499.268978
-348 -496.689600
-349 -502.363856
-350 -499.798928
-351 -505.485535
-352 -502.908740
-353 -508.590900
-354 -506.025864
-355 -511.724698
-356 -509.139576
-357 -514.818459
-358 -512.240645
-359 -517.934322
-360 -515.358081
-361 -521.044223
-362 -518.458913
-363 -524.154667
-364 -521.537634
-365 -527.265769
-366 -524.635754
-367 -530.339187
-368 -527.775981
-369 -533.459663
-370 -530.865354
-371 -536.588147
-372 -533.955989
-373 -539.690420
-374 -537.076836
-375 -542.829693
-376 -540.184507
-377 -545.948650
-378 -543.293280
-379 -549.061937
-380 -546.430881
-381 -552.192239
-382 -549.567516
-383 -555.333407
-384 -552.673466
-385 -558.461819
-386 -555.794950
-387 -561.612978
-388 -558.913970
-389 -564.752545
-390 -562.054590
-391 -567.889349
-392 -565.200101
-393 -571.034203
-394 -568.302626
-395 -574.141195
-396 -571.443408
-397 -577.301353
-398 -574.590496
-399 -580.434882
-400 -577.728391
-401 -583.571836
-402 -580.834527
-403 -586.700445
-404 -583.968641
-405 -589.836629
-406 -587.111457
-407 -592.990857
-408 -590.244513
-409 -596.130797
-410 -593.376750
-411 -599.294520
-412 -596.528062
-413 -602.443433
-414 -599.663498
-415 -605.582662
-416 -602.824211
-417 -608.765465
-418 -605.964673
-419 -611.913948
-420 -609.121720
-421 -615.066556
-422 -612.272069
-423 -618.215247
-424 -615.435370
-425 -621.390870
-426 -618.585565
-427 -624.556796
-428 -621.723986
-429 -627.736975
-430 -624.885667
-431 -630.891515
-432 -628.039481
-433 -634.051972
-434 -631.206189
-435 -637.227723
-436 -634.352232
-437 -640.397078
-438 -637.535199
-439 -643.561784
-440 -640.698989
-441 -646.747117
-442 -643.870013
-443 -649.910243
-444 -646.998502
-445 -653.072389
-446 -650.205317
-447 -656.251134
-448 -653.352959
-449 -659.422766
-450 -656.512248
-451 -662.591257
-452 -659.698872
-453 -665.762775
-454 -662.864588
-455 -668.947102
-456 -666.036202
-457 -672.123584
-458 -669.216109
-459 -675.315137
-460 -672.379456
-461 -678.499295
-462 -675.540000
-463 -681.681230
-464 -678.746421
-465 -684.866099
-466 -681.912394
-467 -688.058466
-468 -685.087540
-469 -691.254375
-470 -688.263016
-471 -694.433421
-472 -691.450443
-473 -697.629446
-474 -694.616448
-475 -700.805856
-476 -697.812800
-477 -703.999577
-478 -701.005682
-479 -707.205571
-480 -704.192716
-481 -710.404869
-482 -707.357262
-483 -713.571618
-484 -710.570285
-485 -716.781553
-486 -713.750117
-487 -719.967726
-488 -716.926775
-489 -723.179237
-490 -720.151954
-491 -726.399039
-492 -723.333800
-493 -729.608467
-494 -726.548885
-495 -732.828609
-496 -729.737476
-497 -736.024736
-498 -732.937847
-499 -739.253522
-500 -736.126833
-501 -742.443062
-502 -739.343672
-503 -745.646042
-504 -742.554299
-505 -748.858991
-506 -745.730032
-507 -752.078240
-508 -748.965223
-509 -755.289246
-510 -752.163837
-511 -758.522813
-512 -755.350861
-513 -761.753829
-514 -758.593486
-515 -764.969211
-516 -761.803580
-517 -768.212819
-518 -765.032834
-519 -771.450808
-520 -768.197244
-521 -774.674717
-522 -771.455367
-523 -777.893435
-524 -774.692068
-525 -781.121378
-526 -777.909463
-527 -784.321172
-528 -781.136929
-529 -787.567373
-530 -784.340683
-531 -790.789851
-532 -787.530563
-533 -794.025537
-534 -790.780177
-535 -797.222021
-536 -794.003870
-537 -800.480020
-538 -797.222762
-539 -803.735673
-540 -800.426294
-541 -806.987102
-542 -803.687190
-543 -810.189323
-544 -806.895098
-545 -813.442519
-546 -810.143653
-547 -816.697515
-548 -813.369983
-549 -819.936531
-550 -816.608160
-551 -823.167181
-552 -819.864782
-553 -826.461279
-554 -823.120178
-555 -829.703561
-556 -826.348935
-557 -832.932716
-558 -829.617291
-559 -836.210478
-560 -832.867323
-561 -839.499830
-562 -836.119805
-563 -842.769848
-564 -839.355160
-565 -846.058887
-566 -842.626327
-567 -849.308929
-568 -845.906988
-569 -852.595639
-570 -849.163665
-571 -855.855793
-572 -852.440247
-573 -859.134977
-574 -855.667986
-575 -862.437761
-576 -858.970149
-577 -865.754336
-578 -862.228258
-579 -869.017713
-580 -865.503572
-581 -872.324234
-582 -868.821466
-583 -875.597961
-584 -872.078604
-585 -878.889323
-586 -875.360795
-587 -882.193052
-588 -878.637655
-589 -885.500294
-590 -881.907366
-591 -888.743444
-592 -885.203796
-593 -892.079716
-594 -888.491139
-595 -895.351949
-596 -891.734929
-597 -898.623273
-598 -895.062250
-599 -901.970534
-600 -898.350549
-601 -905.275031
-602 -901.627710
-603 -908.608609
-604 -904.922272
-605 -911.885721
-606 -908.224791
-607 -915.183763
-608 -911.547047
-609 -918.498934
-610 -914.834969
-611 -921.772407
-612 -918.128825
-613 -925.122852
-614 -921.428868
-615 -928.427987
-616 -924.729034
-617 -931.767820
-618 -928.008503
-619 -935.078516
-620 -931.329992
-621 -938.419278
-622 -934.643034
-623 -941.714313
-624 -937.940155
-625 -945.046985
-626 -941.291925
-627 -948.339401
-628 -944.598629
-629 -951.686892
-630 -947.916466
-631 -954.971807
-632 -951.214919
-633 -958.274987
-634 -954.516146
-635 -961.634336
-636 -957.795012
-637 -964.957342
-638 -961.128206
-639 -968.303236
-640 -964.484037
-641 -971.640050
-642 -967.739884
-643 -974.979796
-644 -971.084808
-645 -978.331521
-646 -974.415372
-647 -981.647708
-648 -977.773660
-649 -985.030016
-650 -981.094785
-651 -988.415448
-652 -984.408509
-653 -991.757181
-654 -987.765970
-655 -995.108447
-656 -991.137329
-657 -998.497850
-658 -994.475182
-659 -1001.856690
-660 -997.798222
-661 -1005.171950
-662 -1001.149375
-663 -1008.514977
-664 -1004.458130
-665 -1011.851796
-666 -1007.735189
-667 -1015.169535
-668 -1011.007568
-669 -1018.437447
-670 -1014.266902
-671 -1021.710237
-672 -1017.437539
-673 -1024.956420
-674 -1020.590676
-675 -1028.148842
-676 -1023.697829
-677 -1031.249117
-678 -1026.786147
-679 -1034.348432
-680 -1029.827670
-681 -1037.356093
-682 -1032.760308
-683 -1040.290166
-684 -1035.683573
-685 -1043.247600
-686 -1038.635640
-687 -1046.270683
-688 -1041.561998
-689 -1049.170948
-690 -1044.339156
-691 -1052.065930
-692 -1047.432210
-693 -1055.166491
-694 -1049.686050
-695 -1057.428800
-696 -1053.155484
-697 -1060.960099
-698 -1054.738663
-699 -1062.471232
