0 0.000000
-1 -21.339844
-2 -14.773438
-3 -31.144531
-4 -22.492188
-5 -33.718750
-6 -23.855469
-7 -34.703125
-8 -35.582031
-9 -41.007812
-10 -38.332031
-11 -48.410156
-12 -45.531250
-13 -49.113281
-14 -47.660156
-15 -57.964844
-16 -53.437500
-17 -69.621094
-18 -51.003906
-19 -65.609375
-20 -62.496094
-21 -84.378906
-22 -69.222656
-23 -94.906250
-24 -77.863281
-25 -97.601562
-26 -94.472656
-27 -99.582031
-28 -95.542969
-29 -105.148438
-30 -99.656250
-31 -106.531250
-32 -106.246094
-33 -107.187500
-34 -107.539062
-35 -110.210938
-36 -111.039062
-37 -116.527344
-38 -113.699219
-39 -122.128906
-40 -118.585938
-41 -125.246094
-42 -123.281250
-43 -126.394531
-44 -125.785156
-45 -130.246094
-46 -130.191406
-47 -135.121094
-48 -129.128906
-49 -136.222656
-50 -132.230469
-51 -144.878906
-52 -136.695312
-53 -152.382812
-54 -147.164062
-55 -153.750000
-56 -148.562500
-57 -160.292969
-58 -156.835938
-59 -168.167969
-60 -157.636719
-61 -172.855469
-62 -169.550781
-63 -181.835938
-64 -171.621094
-65 -185.019531
-66 -182.902344
-67 -186.984375
-68 -188.214844
-69 -192.960938
-70 -189.511719
-71 -195.492188
-72 -191.597656
-73 -200.265625
-74 -196.308594
-75 -201.664062
-76 -199.914062
-77 -205.000000
-78 -204.921875
-79 -210.800781
-80 -207.875000
-81 -212.703125
-82 -209.031250
-83 -215.835938
-84 -213.027344
-85 -217.335938
-86 -216.332031
-87 -222.953125
-88 -217.742188
-89 -231.925781
-90 -219.835938
-91 -234.285156
-92 -234.308594
-93 -242.507812
-94 -238.562500
-95 -246.093750
-96 -242.125000
-97 -248.191406
-98 -243.402344
-99 -253.359375
-100 -254.300781
-101 -258.917969
-102 -259.816406
-103 -267.421875
-104 -263.664062
-105 -275.605469
-106 -268.980469
-107 -278.542969
-108 -275.082031
-109 -286.089844
-110 -276.656250
-111 -290.984375
-112 -281.812500
-113 -288.207031
-114 -288.246094
-115 -301.378906
-116 -295.878906
-117 -307.261719
-118 -301.476562
-119 -311.082031
-120 -306.156250
-121 -312.832031
-122 -314.750000
-123 -316.894531
-124 -316.117188
-125 -318.503906
-126 -317.441406
-127 -321.937500
-128 -321.304688
-129 -323.785156
-130 -324.121094
-131 -326.769531
-132 -327.125000
-133 -332.066406
-134 -327.585938
-135 -334.781250
-136 -328.988281
-137 -339.402344
-138 -335.796875
-139 -340.972656
-140 -340.332031
-141 -344.292969
-142 -341.308594
-143 -350.593750
-144 -346.453125
-145 -352.652344
-146 -352.628906
-147 -357.636719
-148 -358.265625
-149 -376.769531
-150 -357.707031
-151 -379.605469
-152 -370.730469
-153 -385.703125
-154 -380.347656
-155 -388.164062
-156 -387.589844
-157 -390.375000
-158 -390.007812
-159 -396.414062
-160 -392.367188
-161 -396.867188
-162 -395.359375
-163 -402.824219
-164 -398.000000
-165 -402.078125
-166 -399.371094
-167 -411.710938
-168 -407.367188
-169 -414.628906
-170 -412.984375
-171 -418.093750
-172 -416.898438
-173 -422.625000
-174 -422.003906
-175 -427.320312
-176 -424.093750
-177 -432.531250
-178 -426.675781
-179 -439.472656
-180 -432.207031
-181 -446.625000
-182 -438.800781
-183 -449.371094
-184 -447.675781
-185 -456.375000
-186 -456.585938
-187 -463.460938
-188 -459.789062
-189 -465.304688
-190 -462.449219
-191 -473.667969
-192 -466.382812
-193 -476.855469
-194 -473.015625
-195 -481.191406
-196 -477.425781
-197 -485.230469
-198 -483.324219
-199 -493.246094
-200 -485.578125
-201 -493.867188
-202 -491.398438
-203 -496.585938
-204 -495.230469
-205 -500.417969
-206 -498.691406
-207 -507.632812
-208 -502.156250
-209 -507.515625
-210 -504.539062
-211 -511.128906
-212 -509.417969
-213 -517.238281
-214 -510.750000
-215 -518.664062
-216 -514.136719
-217 -525.617188
-218 -523.207031
-219 -531.984375
-220 -527.187500
-221 -533.761719
-222 -532.210938
-223 -537.281250
-224 -535.750000
-225 -543.550781
-226 -540.949219
-227 -551.980469
-228 -544.945312
-229 -561.132812
-230 -549.437500
-231 -567.417969
-232 -556.644531
-233 -570.972656
-234 -565.867188
-235 -576.929688
-236 -574.960938
-237 -582.296875
-238 -576.164062
-239 -586.222656
-240 -581.632812
-241 -589.550781
-242 -588.167969
-243 -595.285156
-244 -591.433594
-245 -597.171875
-246 -592.468750
-247 -600.617188
-248 -597.542969
-249 -604.171875
-250 -600.699219
-251 -616.417969
-252 -608.484375
-253 -618.996094
-254 -612.703125
-255 -622.585938
-256 -620.863281
-257 -626.953125
-258 -624.171875
-259 -632.472656
-260 -626.894531
-261 -636.472656
-262 -634.355469
-263 -647.925781
-264 -649.125000
-265 -662.324219
-266 -652.328125
-267 -666.199219
-268 -659.472656
-269 -668.636719
-270 -665.488281
-271 -676.644531
-272 -668.742188
-273 -679.488281
-274 -672.933594
-275 -683.531250
-276 -678.738281
-277 -691.171875
-278 -682.457031
-279 -699.058594
-280 -697.019531
-281 -703.781250
-282 -699.609375
-283 -710.320312
-284 -707.527344
-285 -717.207031
-286 -712.378906
-287 -723.609375
-288 -718.621094
-289 -723.828125
-290 -721.324219
-291 -726.679688
-292 -721.382812
-293 -734.703125
-294 -725.480469
-295 -739.640625
-296 -730.312500
-297 -743.613281
-298 -742.601562
-299 -747.269531
-300 -742.464844
-301 -753.472656
-302 -745.964844
-303 -759.832031
-304 -750.320312
-305 -765.722656
-306 -763.859375
-307 -766.695312
-308 -772.050781
-309 -783.558594
-310 -774.265625
-311 -789.039062
-312 -783.722656
-313 -791.828125
-314 -792.488281
-315 -812.796875
-316 -794.292969
-317 -819.039062
-318 -801.308594
-319 -819.632812
-320 -819.968750
-321 -829.511719
-322 -824.890625
-323 -832.433594
-324 -824.617188
-325 -833.289062
-326 -830.261719
-327 -837.628906
-328 -836.937500
-329 -841.613281
-330 -837.324219
-331 -847.843750
-332 -842.085938
-333 -867.175781
-334 -845.382812
-335 -865.710938
-336 -853.226562
-337 -872.832031
-338 -862.902344
-339 -876.562500
-340 -870.453125
-341 -883.199219
-342 -877.609375
-343 -884.441406
-344 -882.468750
-345 -885.718750
-346 -885.679688
-347 -891.625000
-348 -888.765625
-349 -897.042969
-350 -894.226562
-351 -906.062500
-352 -896.976562
-353 -909.562500
-354 -901.617188
-355 -914.082031
-356 -908.359375
-357 -923.664062
-358 -916.097656
-359 -926.511719
-360 -924.628906
-361 -931.640625
-362 -930.554688
-363 -938.257812
-364 -929.644531
-365 -940.406250
-366 -937.792969
-367 -949.816406
-368 -942.765625
-369 -958.414062
-370 -945.855469
-371 -961.109375
-372 -952.910156
-373 -962.191406
-374 -962.378906
-375 -966.140625
-376 -964.226562
-377 -970.093750
-378 -969.304688
-379 -975.359375
-380 -972.222656
-381 -985.054688
-382 -973.703125
-383 -986.246094
-384 -979.781250
-385 -986.050781
-386 -985.953125
-387 -993.503906
-388 -990.242188
-389 -1002.601562
-390 -991.664062
-391 -1009.062500
-392 -996.007812
-393 -1015.371094
-394 -1016.511719
-395 -1020.960938
-396 -1015.871094
-397 -1022.820312
-398 -1021.882812
-399 -1037.273438
-400 -1025.230469
-401 -1041.546875
-402 -1038.175781
-403 -1045.566406
-404 -1041.238281
-405 -1046.628906
-406 -1042.890625
-407 -1051.031250
-408 -1050.140625
-409 -1056.109375
-410 -1053.558594
-411 -1064.496094
-412 -1057.535156
-413 -1069.226562
-414 -1060.277344
-415 -1077.417969
-416 -1068.605469
-417 -1081.714844
-418 -1068.550781
-419 -1084.078125
-420 -1075.347656
-421 -1086.589844
-422 -1073.054688
-423 -1093.277344
-424 -1079.117188
-425 -1094.546875
-426 -1092.390625
-427 -1101.910156
-428 -1095.750000
-429 -1100.093750
-430 -1101.121094
-431 -1104.167969
-432 -1101.199219
-433 -1112.074219
-434 -1103.917969
-435 -1115.050781
-436 -1109.039062
-437 -1115.441406
-438 -1109.242188
-439 -1123.636719
-440 -1117.195312
-441 -1125.230469
-442 -1122.410156
-443 -1130.796875
-444 -1126.121094
-445 -1140.218750
-446 -1133.394531
-447 -1143.335938
-448 -1136.507812
-449 -1148.855469
-450 -1141.691406
-451 -1154.785156
-452 -1149.992188
-453 -1159.832031
-454 -1153.585938
-455 -1165.828125
-456 -1155.390625
-457 -1169.414062
-458 -1160.046875
-459 -1177.195312
-460 -1169.914062
-461 -1180.011719
-462 -1173.558594
-463 -1183.910156
-464 -1176.671875
-465 -1181.238281
-466 -1180.132812
-467 -1189.453125
-468 -1182.824219
-469 -1193.863281
-470 -1184.898438
-471 -1195.738281
-472 -1190.144531
-473 -1202.183594
-474 -1194.609375
-475 -1206.996094
-476 -1197.015625
-477 -1209.847656
-478 -1204.070312
-479 -1213.835938
-480 -1208.621094
-481 -1219.488281
-482 -1214.960938
-483 -1232.714844
-484 -1215.031250
-485 -1239.777344
-486 -1222.238281
-487 -1245.707031
-488 -1235.484375
-489 -1251.640625
-490 -1239.937500
-491 -1252.976562
-492 -1246.613281
-493 -1255.921875
-494 -1253.421875
-495 -1266.757812
-496 -1256.027344
-497 -1271.898438
-498 -1267.765625
-499 -1280.851562
-500 -1276.738281
-501 -1285.148438
-502 -1283.558594
-503 -1295.359375
-504 -1289.847656
-505 -1306.496094
-506 -1294.113281
-507 -1313.859375
-508 -1301.898438
-509 -1313.187500
-510 -1312.113281
-511 -1321.328125
-512 -1321.855469
-513 -1324.613281
-514 -1326.859375
-515 -1330.160156
-516 -1329.265625
-517 -1332.843750
-518 -1331.347656
-519 -1337.050781
-520 -1337.585938
-521 -1344.574219
-522 -1340.710938
-523 -1351.246094
-524 -1342.308594
-525 -1352.027344
-526 -1348.343750
-527 -1354.414062
-528 -1354.382812
-529 -1362.746094
-530 -1358.796875
-531 -1365.871094
-532 -1363.683594
-533 -1371.777344
-534 -1366.519531
-535 -1373.472656
-536 -1370.953125
-537 -1385.425781
-538 -1374.050781
-539 -1386.917969
-540 -1380.632812
-541 -1395.281250
-542 -1388.226562
-543 -1400.921875
-544 -1392.062500
-545 -1404.859375
-546 -1400.753906
-547 -1415.203125
-548 -1408.304688
-549 -1427.199219
-550 -1411.625000
-551 -1439.062500
-552 -1426.320312
-553 -1449.003906
-554 -1437.652344
-555 -1456.265625
-556 -1449.343750
-557 -1464.640625
-558 -1455.984375
-559 -1465.628906
-560 -1461.265625
-561 -1468.218750
-562 -1465.910156
-563 -1474.433594
-564 -1468.515625
-565 -1484.386719
-566 -1469.183594
-567 -1484.335938
-568 -1477.296875
-569 -1493.152344
-570 -1483.242188
-571 -1501.425781
-572 -1486.007812
-573 -1509.054688
-574 -1498.667969
-575 -1510.308594
-576 -1503.957031
-577 -1513.988281
-578 -1511.218750
-579 -1518.753906
-580 -1514.011719
-581 -1524.878906
-582 -1521.105469
-583 -1531.785156
-584 -1529.109375
-585 -1535.273438
-586 -1530.937500
-587 -1540.457031
-588 -1534.574219
-589 -1550.535156
-590 -1539.859375
-591 -1554.160156
-592 -1546.359375
-593 -1561.167969
-594 -1551.347656
-595 -1571.292969
-596 -1554.578125
-597 -1575.425781
-598 -1567.824219
-599 -1576.500000
-600 -1576.144531
-601 -1587.035156
-602 -1581.769531
-603 -1593.238281
-604 -1587.343750
-605 -1597.949219
-606 -1595.824219
-607 -1603.632812
-608 -1597.277344
-609 -1605.339844
-610 -1604.296875
-611 -1610.621094
-612 -1609.113281
-613 -1611.621094
-614 -1609.718750
-615 -1624.218750
-616 -1617.023438
-617 -1635.773438
-618 -1625.089844
-619 -1639.363281
-620 -1629.859375
-621 -1642.250000
-622 -1643.761719
-623 -1650.070312
-624 -1647.289062
-625 -1655.917969
-626 -1652.710938
-627 -1661.593750
-628 -1662.816406
-629 -1676.511719
-630 -1667.136719
-631 -1685.078125
-632 -1671.398438
-633 -1698.214844
-634 -1682.031250
-635 -1703.011719
-636 -1686.152344
-637 -1711.378906
-638 -1701.390625
-639 -1713.695312
-640 -1713.988281
-641 -1721.312500
-642 -1716.988281
-643 -1727.320312
-644 -1722.773438
-645 -1737.261719
-646 -1731.738281
-647 -1743.660156
-648 -1737.328125
-649 -1749.714844
-650 -1744.515625
-651 -1759.457031
-652 -1754.027344
-653 -1763.667969
-654 -1757.898438
-655 -1768.781250
-656 -1762.601562
-657 -1770.640625
-658 -1764.378906
-659 -1777.597656
-660 -1773.003906
-661 -1788.484375
-662 -1780.421875
-663 -1794.007812
-664 -1786.968750
-665 -1795.964844
-666 -1790.589844
-667 -1801.031250
-668 -1796.750000
-669 -1807.332031
-670 -1796.789062
-671 -1817.046875
-672 -1802.156250
-673 -1824.335938
-674 -1812.542969
-675 -1831.640625
-676 -1816.750000
-677 -1831.593750
-678 -1825.511719
-679 -1847.640625
-680 -1835.453125
-681 -1859.695312
-682 -1854.570312
-683 -1869.730469
-684 -1860.210938
-685 -1873.457031
-686 -1865.640625
-687 -1882.824219
-688 -1875.035156
-689 -1889.261719
-690 -1881.062500
-691 -1893.031250
-692 -1882.863281
-693 -1899.566406
-694 -1889.093750
-695 -1905.480469
-696 -1897.355469
-697 -1919.750000
-698 -1903.007812
-699 -1925.136719
