0 0.000000
-1 -58.953125
-2 -20.234375
-3 -108.359375
-4 -80.875000
-5 -119.203125
-6 -67.921875
-7 -110.875000
-8 -91.453125
-9 -118.609375
-10 -109.000000
-11 -144.312500
-12 -85.578125
-13 -145.156250
-14 -118.656250
-15 -194.218750
-16 -194.765625
-17 -196.453125
-18 -157.078125
-19 -204.515625
-20 -197.187500
-21 -218.562500
-22 -199.812500
-23 -224.593750
-24 -220.031250
-25 -235.953125
-26 -241.500000
-27 -288.375000
-28 -235.796875
-29 -283.921875
-30 -253.406250
-31 -298.375000
-32 -285.625000
-33 -303.390625
-34 -307.015625
-35 -308.000000
-36 -308.328125
-37 -317.812500
-38 -314.953125
-39 -337.484375
-40 -315.750000
-41 -345.687500
-42 -320.093750
-43 -352.328125
-44 -327.750000
-45 -355.531250
-46 -355.609375
-47 -359.015625
-48 -353.046875
-49 -369.687500
-50 -365.437500
-51 -375.140625
-52 -364.968750
-53 -375.015625
-54 -390.812500
-55 -403.984375
-56 -395.468750
-57 -406.250000
-58 -403.609375
-59 -427.500000
-60 -405.265625
-61 -425.234375
-62 -409.609375
-63 -451.187500
-64 -428.093750
-65 -481.609375
-66 -431.312500
-67 -486.421875
-68 -478.500000
-69 -492.203125
-70 -486.343750
-71 -492.218750
-72 -505.859375
-73 -514.265625
-74 -508.562500
-75 -521.468750
-76 -522.093750
-77 -541.312500
-78 -524.359375
-79 -570.015625
-80 -528.765625
-81 -575.859375
-82 -580.187500
-83 -601.953125
-84 -582.546875
-85 -605.593750
-86 -597.328125
-87 -608.343750
-88 -596.796875
-89 -611.265625
-90 -608.156250
-91 -631.531250
-92 -621.421875
-93 -642.156250
-94 -638.406250
-95 -637.656250
-96 -639.109375
-97 -643.156250
-98 -659.281250
-99 -669.078125
-100 -678.250000
-101 -683.125000
-102 -681.718750
-103 -694.156250
-104 -683.156250
-105 -701.531250
-106 -687.875000
-107 -708.078125
-108 -708.546875
-109 -710.765625
-110 -718.078125
-111 -720.421875
-112 -721.390625
-113 -754.796875
-114 -729.390625
-115 -763.625000
-116 -758.656250
-117 -772.968750
-118 -771.328125
-119 -794.046875
-120 -796.656250
-121 -802.375000
-122 -798.828125
-123 -806.546875
-124 -803.375000
-125 -825.843750
-126 -808.859375
-127 -835.687500
-128 -822.828125
-129 -855.406250
-130 -851.390625
-131 -859.781250
-132 -862.890625
-133 -865.890625
-134 -869.187500
-135 -880.921875
-136 -872.468750
-137 -890.546875
-138 -880.656250
-139 -894.390625
-140 -894.578125
-141 -925.531250
-142 -900.359375
-143 -928.328125
-144 -913.875000
-145 -941.203125
-146 -938.562500
-147 -955.546875
-148 -944.609375
-149 -979.578125
-150 -967.156250
-151 -1001.562500
-152 -987.640625
-153 -1009.281250
-154 -988.750000
-155 -1060.062500
-156 -1001.296875
-157 -1072.343750
-158 -1070.234375
-159 -1127.812500
-160 -1100.359375
-161 -1124.390625
-162 -1120.109375
-163 -1133.656250
-164 -1145.218750
-165 -1150.250000
-166 -1147.546875
-167 -1169.968750
-168 -1159.656250
-169 -1171.078125
-170 -1158.796875
-171 -1171.218750
-172 -1173.234375
-173 -1195.593750
-174 -1175.578125
-175 -1201.781250
-176 -1191.796875
-177 -1208.843750
-178 -1196.656250
-179 -1213.171875
-180 -1217.265625
-181 -1248.718750
-182 -1217.765625
-183 -1278.812500
-184 -1252.234375
-185 -1298.546875
-186 -1274.859375
-187 -1307.156250
-188 -1288.921875
-189 -1300.484375
-190 -1300.515625
-191 -1311.859375
-192 -1309.187500
-193 -1323.828125
-194 -1315.140625
-195 -1334.671875
-196 -1313.859375
-197 -1342.296875
-198 -1325.546875
-199 -1347.859375
-200 -1344.937500
-201 -1387.484375
-202 -1348.781250
-203 -1384.703125
-204 -1376.625000
-205 -1396.875000
-206 -1388.296875
-207 -1411.656250
-208 -1387.031250
-209 -1413.796875
-210 -1402.453125
-211 -1426.671875
-212 -1415.281250
-213 -1427.359375
-214 -1422.046875
-215 -1448.140625
-216 -1432.156250
-217 -1458.343750
-218 -1442.718750
-219 -1474.562500
-220 -1456.453125
-221 -1475.328125
-222 -1459.765625
-223 -1490.453125
-224 -1484.671875
-225 -1496.312500
-226 -1501.796875
-227 -1524.859375
-228 -1514.968750
-229 -1556.234375
-230 -1515.671875
-231 -1566.484375
-232 -1543.828125
-233 -1566.703125
-234 -1579.656250
-235 -1621.765625
-236 -1585.093750
-237 -1628.078125
-238 -1610.468750
-239 -1635.234375
-240 -1640.765625
-241 -1656.031250
-242 -1663.859375
-243 -1673.109375
-244 -1668.781250
-245 -1688.593750
-246 -1679.062500
-247 -1687.656250
-248 -1687.609375
-249 -1710.046875
-250 -1691.703125
-251 -1711.656250
-252 -1695.515625
-253 -1713.953125
-254 -1715.750000
-255 -1717.812500
-256 -1719.468750
-257 -1722.171875
-258 -1736.875000
-259 -1758.609375
-260 -1750.500000
-261 -1779.875000
-262 -1757.328125
-263 -1800.359375
-264 -1765.609375
-265 -1807.750000
-266 -1792.265625
-267 -1831.750000
-268 -1811.296875
-269 -1835.765625
-270 -1838.578125
-271 -1895.203125
-272 -1843.500000
-273 -1918.312500
-274 -1918.234375
-275 -1940.734375
-276 -1922.562500
-277 -1985.156250
-278 -1956.984375
-279 -2019.921875
-280 -2014.859375
-281 -2029.375000
-282 -2017.328125
-283 -2063.781250
-284 -2037.140625
-285 -2091.906250
-286 -2084.734375
-287 -2108.281250
-288 -2079.796875
-289 -2135.296875
-290 -2116.140625
-291 -2138.859375
-292 -2126.375000
-293 -2152.140625
-294 -2140.296875
-295 -2166.781250
-296 -2159.671875
-297 -2213.531250
-298 -2174.859375
-299 -2229.437500
-300 -2209.531250
-301 -2232.328125
-302 -2220.875000
-303 -2240.343750
-304 -2230.453125
-305 -2260.812500
-306 -2245.468750
-307 -2276.093750
-308 -2276.750000
-309 -2295.859375
-310 -2281.921875
-311 -2354.453125
-312 -2336.265625
-313 -2356.781250
-314 -2355.468750
-315 -2363.625000
-316 -2362.015625
-317 -2385.656250
-318 -2372.437500
-319 -2387.875000
-320 -2376.781250
-321 -2411.343750
-322 -2395.187500
-323 -2445.296875
-324 -2401.671875
-325 -2440.328125
-326 -2432.656250
-327 -2462.578125
-328 -2442.031250
-329 -2470.078125
-330 -2464.484375
-331 -2479.625000
-332 -2477.359375
-333 -2496.234375
-334 -2479.359375
-335 -2500.140625
-336 -2489.234375
-337 -2503.812500
-338 -2491.453125
-339 -2513.281250
-340 -2496.531250
-341 -2522.421875
-342 -2506.218750
-343 -2518.578125
-344 -2511.437500
-345 -2532.375000
-346 -2515.046875
-347 -2539.312500
-348 -2520.546875
-349 -2547.375000
-350 -2534.328125
-351 -2537.515625
-352 -2537.406250
-353 -2563.843750
-354 -2549.781250
-355 -2568.343750
-356 -2546.437500
-357 -2574.328125
-358 -2555.734375
-359 -2580.484375
-360 -2585.000000
-361 -2587.843750
-362 -2582.765625
-363 -2597.562500
-364 -2606.296875
-365 -2638.531250
-366 -2614.109375
-367 -2646.265625
-368 -2623.062500
-369 -2638.578125
-370 -2638.640625
-371 -2665.828125
-372 -2650.312500
-373 -2672.890625
-374 -2685.234375
-375 -2696.937500
-376 -2690.062500
-377 -2696.218750
-378 -2706.609375
-379 -2731.375000
-380 -2714.203125
-381 -2739.937500
-382 -2721.640625
-383 -2742.218750
-384 -2727.406250
-385 -2752.015625
-386 -2744.859375
-387 -2767.781250
-388 -2748.015625
-389 -2794.625000
-390 -2795.750000
-391 -2807.765625
-392 -2796.671875
-393 -2844.765625
-394 -2801.218750
-395 -2831.984375
-396 -2817.796875
-397 -2843.375000
-398 -2833.156250
-399 -2858.781250
-400 -2851.406250
-401 -2862.796875
-402 -2856.437500
-403 -2870.671875
-404 -2863.859375
-405 -2895.218750
-406 -2881.390625
-407 -2889.375000
-408 -2890.500000
-409 -2906.984375
-410 -2896.718750
-411 -2911.156250
-412 -2902.703125
-413 -2921.093750
-414 -2909.531250
-415 -2932.734375
-416 -2913.203125
-417 -2939.171875
-418 -2932.578125
-419 -2945.953125
-420 -2933.359375
-421 -2962.828125
-422 -2936.796875
-423 -2993.406250
-424 -2937.984375
-425 -3002.265625
-426 -2974.968750
-427 -3006.812500
-428 -2991.234375
-429 -3003.687500
-430 -3005.281250
-431 -3021.578125
-432 -3016.843750
-433 -3019.359375
-434 -3018.406250
-435 -3027.843750
-436 -3026.062500
-437 -3036.078125
-438 -3036.203125
-439 -3050.343750
-440 -3042.187500
-441 -3057.609375
-442 -3041.390625
-443 -3078.015625
-444 -3049.593750
-445 -3083.906250
-446 -3064.453125
-447 -3091.359375
-448 -3088.015625
-449 -3101.718750
-450 -3091.781250
-451 -3109.515625
-452 -3098.640625
-453 -3112.515625
-454 -3114.437500
-455 -3130.843750
-456 -3124.453125
-457 -3148.750000
-458 -3135.265625
-459 -3160.796875
-460 -3158.687500
-461 -3164.265625
-462 -3166.781250
-463 -3197.750000
-464 -3180.656250
-465 -3191.390625
-466 -3189.218750
-467 -3206.062500
-468 -3198.500000
-469 -3209.828125
-470 -3204.750000
-471 -3210.671875
-472 -3204.125000
-473 -3241.921875
-474 -3205.562500
-475 -3230.078125
-476 -3214.046875
-477 -3249.750000
-478 -3232.140625
-479 -3258.140625
-480 -3253.781250
-481 -3273.187500
-482 -3253.109375
-483 -3274.484375
-484 -3261.281250
-485 -3286.250000
-486 -3278.921875
-487 -3291.000000
-488 -3288.046875
-489 -3313.562500
-490 -3306.687500
-491 -3354.000000
-492 -3321.281250
-493 -3378.781250
-494 -3360.015625
-495 -3384.625000
-496 -3368.906250
-497 -3415.968750
-498 -3381.828125
-499 -3433.937500
-500 -3388.015625
-501 -3427.156250
-502 -3409.562500
-503 -3438.015625
-504 -3425.687500
-505 -3436.218750
-506 -3434.187500
-507 -3454.984375
-508 -3433.562500
-509 -3465.937500
-510 -3446.328125
-511 -3472.812500
-512 -3448.781250
-513 -3472.859375
-514 -3459.703125
-515 -3494.687500
-516 -3476.687500
-517 -3524.453125
-518 -3490.500000
-519 -3518.593750
-520 -3496.390625
-521 -3529.640625
-522 -3527.578125
-523 -3550.687500
-524 -3530.890625
-525 -3555.703125
-526 -3538.484375
-527 -3575.109375
-528 -3559.937500
-529 -3579.250000
-530 -3565.250000
-531 -3594.937500
-532 -3576.562500
-533 -3599.406250
-534 -3587.500000
-535 -3602.203125
-536 -3595.937500
-537 -3614.640625
-538 -3619.406250
-539 -3624.828125
-540 -3619.687500
-541 -3642.218750
-542 -3626.859375
-543 -3654.656250
-544 -3629.140625
-545 -3660.484375
-546 -3638.484375
-547 -3692.375000
-548 -3660.437500
-549 -3708.890625
-550 -3670.609375
-551 -3726.671875
-552 -3697.687500
-553 -3738.656250
-554 -3728.812500
-555 -3741.015625
-556 -3724.031250
-557 -3745.234375
-558 -3735.687500
-559 -3750.625000
-560 -3737.828125
-561 -3760.437500
-562 -3762.312500
-563 -3766.421875
-564 -3762.109375
-565 -3786.796875
-566 -3778.296875
-567 -3820.703125
-568 -3792.156250
-569 -3829.890625
-570 -3825.281250
-571 -3835.890625
-572 -3827.421875
-573 -3849.515625
-574 -3835.640625
-575 -3875.359375
-576 -3861.359375
-577 -3876.562500
-578 -3866.515625
-579 -3882.468750
-580 -3870.171875
-581 -3887.703125
-582 -3877.750000
-583 -3941.406250
-584 -3901.359375
-585 -3961.234375
-586 -3890.140625
-587 -3973.171875
-588 -3958.875000
-589 -3983.343750
-590 -3972.812500
-591 -3988.078125
-592 -3971.640625
-593 -3995.187500
-594 -3981.015625
-595 -4010.359375
-596 -3989.046875
-597 -4025.359375
-598 -4007.750000
-599 -4015.218750
-600 -4012.531250
-601 -4032.593750
-602 -4030.718750
-603 -4049.187500
-604 -4040.390625
-605 -4065.031250
-606 -4047.109375
-607 -4054.296875
-608 -4055.921875
-609 -4075.984375
-610 -4065.421875
-611 -4092.796875
-612 -4079.468750
-613 -4104.656250
-614 -4093.046875
-615 -4101.062500
-616 -4102.546875
-617 -4124.078125
-618 -4108.078125
-619 -4137.140625
-620 -4120.593750
-621 -4137.140625
-622 -4129.109375
-623 -4139.406250
-624 -4140.109375
-625 -4174.218750
-626 -4154.000000
-627 -4183.718750
-628 -4159.140625
-629 -4183.109375
-630 -4180.875000
-631 -4186.890625
-632 -4181.515625
-633 -4200.015625
-634 -4185.359375
-635 -4215.343750
-636 -4190.515625
-637 -4234.578125
-638 -4209.000000
-639 -4237.656250
-640 -4217.375000
-641 -4237.781250
-642 -4224.421875
-643 -4258.703125
-644 -4240.812500
-645 -4272.671875
-646 -4262.078125
-647 -4300.531250
-648 -4270.296875
-649 -4330.671875
-650 -4279.828125
-651 -4339.953125
-652 -4299.953125
-653 -4351.687500
-654 -4348.484375
-655 -4363.890625
-656 -4349.984375
-657 -4377.234375
-658 -4369.953125
-659 -4388.968750
-660 -4372.125000
-661 -4407.750000
-662 -4391.765625
-663 -4417.531250
-664 -4389.359375
-665 -4437.234375
-666 -4404.968750
-667 -4447.140625
-668 -4415.859375
-669 -4452.062500
-670 -4446.968750
-671 -4453.015625
-672 -4455.781250
-673 -4468.281250
-674 -4458.046875
-675 -4492.328125
-676 -4461.531250
-677 -4520.171875
-678 -4473.453125
-679 -4554.734375
-680 -4539.265625
-681 -4562.453125
-682 -4550.031250
-683 -4585.937500
-684 -4582.203125
-685 -4626.562500
-686 -4604.890625
-687 -4632.328125
-688 -4610.437500
-689 -4639.828125
-690 -4669.171875
-691 -4670.875000
-692 -4667.000000
-693 -4679.281250
-694 -4672.343750
-695 -4678.156250
-696 -4672.109375
-697 -4731.515625
-698 -4693.625000
-699 -4746.765625
