0 0.000000
-1 -4.510059
-2 -2.999283
-3 -7.626648
-4 -5.027622
-5 -9.677040
-6 -5.208752
-7 -9.818237
-8 -8.267300
-9 -12.799828
-10 -10.363697
-11 -14.939800
-12 -11.091293
-13 -15.726326
-14 -14.106014
-15 -18.761124
-16 -16.309624
-17 -20.880173
-18 -17.465511
-19 -22.112366
-20 -20.470497
-21 -25.027603
-22 -22.659161
-23 -27.330635
-24 -24.074875
-25 -28.751141
-26 -27.086460
-27 -31.789265
-28 -29.373707
-29 -34.144783
-30 -30.983574
-31 -35.795128
-32 -34.002419
-33 -38.771507
-34 -36.266575
-35 -41.122211
-36 -38.221088
-37 -42.982197
-38 -41.249004
-39 -46.032024
-40 -43.597664
-41 -48.464779
-42 -45.516582
-43 -50.359890
-44 -48.651867
-45 -53.387657
-46 -50.970039
-47 -55.652115
-48 -53.119038
-49 -57.709927
-50 -56.057953
-51 -60.783539
-52 -58.371601
-53 -63.119286
-54 -60.388359
-55 -65.330410
-56 -63.547039
-57 -68.201767
-58 -66.011955
-59 -70.689556
-60 -68.130146
-61 -72.841557
-62 -71.159622
-63 -75.927254
-64 -73.721821
-65 -78.486881
-66 -75.931618
-67 -80.662067
-68 -78.910458
-69 -83.764458
-70 -81.468548
-71 -86.230381
-72 -83.798958
-73 -88.621471
-74 -86.769367
-75 -91.743557
-76 -89.455402
-77 -94.276138
-78 -91.812057
-79 -96.610428
-80 -94.847092
-81 -99.632809
-82 -97.413029
-83 -102.236565
-84 -99.889732
-85 -104.687157
-86 -102.902477
-87 -107.697990
-88 -105.530586
-89 -110.351494
-90 -108.111343
-91 -112.821640
-92 -111.028770
-93 -115.962078
-94 -113.738403
-95 -118.606419
-96 -116.270977
-97 -121.061146
-98 -119.337635
-99 -124.054821
-100 -121.975471
-101 -126.733303
-102 -124.494003
-103 -129.384823
-104 -127.574276
-105 -132.442009
-106 -130.330856
-107 -135.147316
-108 -132.960228
-109 -137.819054
-110 -136.037239
-111 -140.732002
-112 -138.672062
-113 -143.589897
-114 -141.413048
-115 -146.268372
-116 -144.419456
-117 -149.452850
-118 -147.207878
-119 -152.176823
-120 -150.002651
-121 -154.867390
-122 -152.991009
-123 -158.012474
-124 -155.870167
-125 -160.738487
-126 -158.555374
-127 -163.485291
-128 -161.605381
-129 -166.583965
-130 -164.453312
-131 -169.311714
-132 -167.181908
-133 -172.097912
-134 -170.322807
-135 -175.260174
-136 -173.048431
-137 -177.979298
-138 -175.829018
-139 -180.796276
-140 -178.920677
-141 -183.904064
-142 -181.789665
-143 -186.770889
-144 -184.623505
-145 -189.613625
-146 -187.715580
-147 -192.724972
-148 -190.579796
-149 -195.656418
-150 -193.393974
-151 -198.544407
-152 -196.583405
-153 -201.710983
-154 -199.475018
-155 -204.666359
-156 -202.473465
-157 -207.640244
-158 -205.684765
-159 -210.766232
-160 -208.587742
-161 -213.644024
-162 -211.488827
-163 -216.546230
-164 -214.563717
-165 -219.673164
-166 -217.429340
-167 -222.538021
-168 -220.396908
-169 -225.411232
-170 -223.505714
-171 -228.432972
-172 -226.462364
-173 -231.422020
-174 -229.439659
-175 -234.448551
-176 -232.518391
-177 -237.528973
-178 -235.469917
-179 -240.657524
-180 -238.403519
-181 -243.545002
-182 -241.595558
-183 -246.585888
-184 -244.378948
-185 -249.619900
-186 -247.412331
-187 -252.573616
-188 -250.610958
-189 -255.730251
-190 -253.604469
-191 -258.759041
-192 -256.682781
-193 -261.815872
-194 -259.828869
-195 -264.943382
-196 -262.850967
-197 -268.012371
-198 -265.887386
-199 -271.057636
-200 -268.983952
-201 -274.120049
-202 -272.059013
-203 -277.184940
-204 -275.068172
-205 -280.311172
-206 -278.156227
-207 -283.479862
-208 -281.365250
-209 -286.523354
-210 -284.342148
-211 -289.489857
-212 -287.445938
-213 -292.579327
-214 -290.465981
-215 -295.552677
-216 -293.547443
-217 -298.630753
-218 -296.534874
-219 -301.798012
-220 -299.655941
-221 -304.874828
-222 -302.605461
-223 -307.973011
-224 -305.842419
-225 -311.104588
-226 -308.762638
-227 -314.070026
-228 -311.870880
-229 -317.257526
-230 -315.050713
-231 -320.291519
-232 -318.040405
-233 -323.319878
-234 -321.223892
-235 -326.393356
-236 -324.185280
-237 -329.432560
-238 -327.185471
-239 -332.498981
-240 -330.281086
-241 -335.422039
-242 -333.253746
-243 -338.493111
-244 -336.445568
-245 -341.579082
-246 -339.438885
-247 -344.739021
-248 -342.508678
-249 -347.793022
-250 -345.624001
-251 -350.943897
-252 -348.683735
-253 -353.983829
-254 -351.737194
-255 -357.036343
-256 -354.893211
-257 -360.077908
-258 -357.909130
-259 -363.200710
-260 -360.925507
-261 -366.184048
-262 -363.920410
-263 -369.187157
-264 -367.021606
-265 -372.294022
-266 -369.968941
-267 -375.445614
-268 -373.014759
-269 -378.476799
-270 -376.111702
-271 -381.654678
-272 -379.076786
-273 -384.622513
-274 -382.246624
-275 -387.637657
-276 -385.296574
-277 -390.764618
-278 -388.301868
-279 -393.880886
-280 -391.403786
-281 -396.752415
-282 -394.384670
-283 -399.871689
-284 -397.529381
-285 -402.951977
-286 -400.622398
-287 -405.958344
-288 -403.720428
-289 -408.997650
-290 -406.628551
-291 -412.121220
-292 -409.650803
-293 -415.089394
-294 -412.729740
-295 -418.103504
-296 -415.823086
-297 -421.229996
-298 -418.904224
-299 -424.281857
-300 -421.934006
-301 -427.429672
-302 -424.956181
-303 -430.513542
-304 -427.985374
-305 -433.657150
-306 -431.122242
-307 -436.593510
-308 -434.251194
-309 -439.647343
-310 -437.293571
-311 -442.747185
-312 -440.277248
-313 -445.841125
-314 -443.432938
-315 -448.966114
-316 -446.558609
-317 -452.116287
-318 -449.647053
-319 -455.136288
-320 -452.707703
-321 -458.351887
-322 -455.907990
-323 -461.579208
-324 -458.987869
-325 -464.641903
-326 -462.099892
-327 -467.695599
-328 -465.287060
-329 -470.827110
-330 -468.472992
-331 -474.078308
-332 -471.520145
-333 -477.150368
-334 -474.708015
-335 -480.366280
-336 -477.804142
-337 -483.448166
-338 -480.902119
-339 -486.687801
-340 -484.017597
-341 -489.635338
-342 -487.081711
-343 -492.835228
-344 -490.282433
-345 -495.975208
-346 -493.382336
-347 -499.216846
-348 -496.594505
-349 -502.218410
-350 -499.742443
-351 -505.363571
-352 -502.908020
-353 -508.517704
-354 -505.926865
-355 -511.657486
-356 -509.042637
-357 -514.679111
-358 -512.170788
-359 -517.708492
-360 -515.169308
-361 -520.864494
-362 -518.164272
-363 -523.983410
-364 -521.255550
-365 -527.007874
-366 -524.464996
-367 -530.106476
-368 -527.473175
-369 -533.239532
-370 -530.624424
-371 -536.238251
-372 -533.791458
-373 -539.462029
-374 -536.797001
-375 -542.653248
-376 -539.826965
-377 -545.702961
-378 -542.980755
-379 -548.779751
-380 -546.199036
-381 -552.013760
-382 -549.413422
-383 -555.005905
-384 -552.435123
-385 -558.158760
-386 -555.617313
-387 -561.419193
-388 -558.787926
-389 -564.576721
-390 -561.878551
-391 -567.767357
-392 -565.118557
-393 -570.869541
-394 -568.245392
-395 -574.198841
-396 -571.497078
-397 -577.393444
-398 -574.545109
-399 -580.461151
-400 -577.793880
-401 -583.732143
-402 -580.829994
-403 -586.853626
-404 -584.088993
-405 -590.021576
-406 -587.314556
-407 -593.199947
-408 -590.376190
-409 -596.300304
-410 -593.634674
-411 -599.328514
-412 -596.721989
-413 -602.350445
-414 -599.710838
-415 -605.525215
-416 -602.860920
-417 -608.624836
-418 -605.865570
-419 -611.729832
-420 -609.030804
-421 -614.948742
-422 -612.152599
-423 -618.010654
-424 -615.400414
-425 -621.201996
-426 -618.313759
-427 -624.309105
-428 -621.493622
-429 -627.438194
-430 -624.726635
-431 -630.656250
-432 -627.968082
-433 -633.780159
-434 -631.019592
-435 -637.083748
-436 -634.172356
-437 -640.240780
-438 -637.404221
-439 -643.418617
-440 -640.687641
-441 -646.606930
-442 -643.758011
-443 -649.677578
-444 -647.044884
-445 -653.028629
-446 -650.244564
-447 -656.301437
-448 -653.338654
-449 -659.402260
-450 -656.586369
-451 -662.676113
-452 -659.773933
-453 -665.883266
-454 -662.966827
-455 -669.126133
-456 -666.147392
-457 -672.342575
-458 -669.544525
-459 -675.611969
-460 -672.643085
-461 -678.723236
-462 -675.872341
-463 -682.041985
-464 -679.116329
-465 -685.333694
-466 -682.261913
-467 -688.453117
-468 -685.410328
-469 -691.726982
-470 -688.790203
-471 -694.817924
-472 -691.897099
-473 -697.980228
-474 -695.036926
-475 -701.321758
-476 -698.191753
-477 -704.426720
-478 -701.422485
-479 -707.593636
-480 -704.793625
-481 -710.919136
-482 -707.974007
-483 -714.262379
-484 -711.170639
-485 -717.472256
-486 -714.264156
-487 -720.673946
-488 -717.645916
-489 -723.777863
-490 -720.809269
-491 -726.979786
-492 -723.843967
-493 -730.130920
-494 -727.238949
-495 -733.400486
-496 -730.228439
-497 -736.602154
-498 -733.314476
-499 -739.750660
-500 -736.632561
-501 -743.045464
-502 -739.926701
-503 -746.138153
-504 -742.830860
-505 -749.109978
-506 -746.286564
-507 -752.520699
-508 -749.236012
-509 -755.727108
-510 -752.475952
-511 -758.907780
-512 -755.729420
-513 -762.155575
-514 -758.919731
-515 -765.349392
-516 -762.230724
-517 -768.630280
-518 -765.539490
-519 -772.028744
-520 -768.667526
-521 -775.211044
-522 -771.868488
-523 -778.467453
-524 -775.295341
-525 -781.893436
-526 -778.579494
-527 -785.040569
-528 -781.826374
-529 -788.072662
-530 -784.968342
-531 -791.340595
-532 -788.387863
-533 -794.706169
-534 -791.408119
-535 -797.793228
-536 -794.769878
-537 -801.058567
-538 -797.881210
-539 -804.331421
-540 -800.986641
-541 -807.690670
-542 -804.371887
-543 -810.772934
-544 -807.558826
-545 -814.118366
-546 -810.701843
-547 -817.375004
-548 -814.009743
-549 -820.848049
-550 -817.208870
-551 -823.932819
-552 -820.594196
-553 -827.335163
-554 -824.005440
-555 -830.523113
-556 -827.126385
-557 -833.674683
-558 -830.480232
-559 -836.965744
-560 -833.854313
-561 -840.189350
-562 -836.983021
-563 -843.520653
-564 -840.268818
-565 -846.958630
-566 -843.490448
-567 -850.150719
-568 -846.765457
-569 -853.505707
-570 -850.127117
-571 -856.888062
-572 -853.473347
-573 -860.135208
-574 -856.771729
-575 -863.396984
-576 -860.081024
-577 -866.686234
-578 -863.371868
-579 -870.105236
-580 -866.614498
-581 -873.326099
-582 -869.717182
-583 -876.516403
-584 -873.096886
-585 -879.810677
-586 -876.339207
-587 -883.092464
-588 -879.573883
-589 -886.252338
-590 -883.052139
-591 -889.657246
-592 -886.077522
-593 -893.040108
-594 -889.299168
-595 -896.072159
-596 -892.578518
-597 -899.362957
-598 -896.069141
-599 -902.695347
-600 -898.991291
-601 -906.043846
-602 -902.299831
-603 -909.168186
-604 -905.737309
-605 -912.557255
-606 -908.944355
-607 -915.941570
-608 -911.980068
-609 -919.102119
-610 -915.392658
-611 -922.358532
-612 -918.852570
-613 -925.846844
-614 -921.943352
-615 -929.096245
-616 -925.275871
-617 -932.252056
-618 -928.663605
-619 -935.662884
-620 -931.920105
-621 -938.956081
-622 -934.941322
-623 -942.382973
-624 -938.331760
-625 -945.663723
-626 -941.719261
-627 -948.850483
-628 -944.970383
-629 -952.354771
-630 -948.402397
-631 -955.567711
-632 -951.551399
-633 -958.793415
-634 -954.952961
-635 -962.024067
-636 -958.296787
-637 -965.256977
-638 -961.477604
-639 -968.373089
-640 -964.776493
-641 -971.681732
-642 -968.038498
-643 -975.051796
-644 -971.239513
-645 -978.090034
-646 -974.513737
-647 -981.759182
-648 -977.682308
-649 -985.205643
-650 -980.949318
-651 -988.336998
-652 -984.652809
-653 -991.898792
-654 -988.078140
-655 -995.254124
-656 -991.217274
-657 -998.640030
-658 -994.581402
-659 -1001.943573
-660 -997.836025
-661 -1005.232872
-662 -1001.448139
-663 -1008.483418
-664 -1004.635414
-665 -1012.071407
-666 -1007.675671
-667 -1015.334194
-668 -1011.003902
-669 -1018.374111
-670 -1014.383389
-671 -1021.891644
-672 -1017.301109
-673 -1024.862659
-674 -1020.110741
-675 -1027.772957
-676 -1023.300621
-677 -1030.505657
-678 -1026.131767
-679 -1033.617027
-680 -1028.737465
-681 -1036.459793
-682 -1031.720940
-683 -1039.378361
-684 -1034.605606
-685 -1041.781368
-686 -1037.433170
-687 -1045.097389
-688 -1040.268974
-689 -1047.883480
-690 -1042.601791
-691 -1050.819122
-692 -1046.085953
-693 -1053.877586
-694 -1048.413528
-695 -1056.260830
-696 -1051.952972
-697 -1059.423542
-698 -1053.092426
-699 -1061.368031
