0 0.000000
-1 -5.537598
-2 -4.542480
-3 -8.371582
-4 -7.219238
-5 -11.564941
-6 -6.887695
-7 -11.933594
-8 -10.414551
-9 -14.159668
-10 -12.002441
-11 -16.986328
-12 -12.914551
-13 -18.254395
-14 -15.892578
-15 -21.283203
-16 -18.449219
-17 -23.753418
-18 -21.491211
-19 -25.414062
-20 -23.454102
-21 -28.260254
-22 -26.369629
-23 -31.802246
-24 -27.937988
-25 -33.147949
-26 -30.495605
-27 -35.633789
-28 -34.142578
-29 -38.780273
-30 -35.789062
-31 -40.698242
-32 -38.434570
-33 -42.466309
-34 -40.496094
-35 -46.884766
-36 -43.392090
-37 -48.599121
-38 -46.671387
-39 -51.412598
-40 -49.321777
-41 -54.908203
-42 -51.140625
-43 -57.157715
-44 -54.308594
-45 -58.795410
-46 -57.086426
-47 -61.663574
-48 -59.124512
-49 -62.668945
-50 -62.445801
-51 -66.683594
-52 -65.122070
-53 -68.926270
-54 -66.340332
-55 -70.982910
-56 -69.577637
-57 -75.390137
-58 -72.001465
-59 -76.959961
-60 -74.525879
-61 -79.489746
-62 -77.475098
-63 -82.683594
-64 -80.115723
-65 -84.979004
-66 -83.300781
-67 -88.645508
-68 -85.915527
-69 -92.322266
-70 -89.531738
-71 -96.087891
-72 -92.392090
-73 -98.853027
-74 -95.852539
-75 -102.803711
-76 -100.853516
-77 -106.039551
-78 -102.377441
-79 -109.093262
-80 -105.544922
-81 -111.187500
-82 -109.813965
-83 -114.719727
-84 -112.206543
-85 -118.323242
-86 -115.520020
-87 -122.085938
-88 -119.336426
-89 -124.506348
-90 -122.365234
-91 -126.362305
-92 -125.229004
-93 -131.699707
-94 -128.195312
-95 -135.708008
-96 -129.805664
-97 -138.975586
-98 -135.728516
-99 -140.916504
-100 -138.934082
-101 -144.169922
-102 -141.397949
-103 -147.547363
-104 -142.881836
-105 -149.075195
-106 -146.367676
-107 -153.603516
-108 -150.698730
-109 -156.687988
-110 -154.623535
-111 -160.230957
-112 -156.391113
-113 -162.986328
-114 -159.802734
-115 -165.152344
-116 -162.032715
-117 -167.446777
-118 -164.217773
-119 -169.821777
-120 -168.449219
-121 -172.753418
-122 -170.829590
-123 -175.517578
-124 -173.606934
-125 -179.612305
-126 -176.884277
-127 -182.636230
-128 -180.212402
-129 -185.962402
-130 -183.151855
-131 -189.023926
-132 -186.541504
-133 -191.325195
-134 -189.899414
-135 -194.791016
-136 -192.826172
-137 -198.137695
-138 -197.458008
-139 -202.423828
-140 -199.685547
-141 -205.323730
-142 -202.782715
-143 -208.318848
-144 -205.752930
-145 -211.167480
-146 -208.502441
-147 -213.209473
-148 -212.767090
-149 -217.015137
-150 -214.180176
-151 -220.448242
-152 -217.823242
-153 -222.685547
-154 -222.724609
-155 -227.414062
-156 -225.100586
-157 -230.999023
-158 -228.216797
-159 -232.826660
-160 -231.545898
-161 -237.276855
-162 -235.648438
-163 -240.194824
-164 -237.943848
-165 -242.270020
-166 -240.696777
-167 -245.393555
-168 -242.786133
-169 -248.685059
-170 -245.774902
-171 -251.558105
-172 -247.234375
-173 -253.758301
-174 -251.798828
-175 -257.044434
-176 -255.219238
-177 -260.268066
-178 -257.585449
-179 -262.597656
-180 -260.159180
-181 -265.794434
-182 -263.348633
-183 -267.471191
-184 -265.960938
-185 -271.491699
-186 -270.279297
-187 -275.210449
-188 -271.579590
-189 -277.588867
-190 -275.146484
-191 -280.684082
-192 -277.726562
-193 -283.424316
-194 -280.783203
-195 -286.143066
-196 -283.920898
-197 -289.853027
-198 -287.395020
-199 -292.326172
-200 -290.790527
-201 -293.894043
-202 -292.921875
-203 -297.527832
-204 -296.341797
-205 -301.212402
-206 -299.293945
-207 -305.255859
-208 -302.100098
-209 -307.286133
-210 -304.851562
-211 -310.791504
-212 -308.621094
-213 -313.100098
-214 -311.521973
-215 -316.104004
-216 -313.537598
-217 -319.578125
-218 -316.482422
-219 -322.804688
-220 -319.295410
-221 -326.320801
-222 -324.187988
-223 -329.933105
-224 -326.842285
-225 -333.007324
-226 -330.399902
-227 -335.518555
-228 -334.258789
-229 -340.644531
-230 -337.404785
-231 -344.377930
-232 -342.623535
-233 -347.337402
-234 -346.267090
-235 -351.006348
-236 -349.117676
-237 -354.430176
-238 -352.924805
-239 -356.726074
-240 -355.711914
-241 -362.268066
-242 -358.585449
-243 -365.104004
-244 -362.980957
-245 -368.208984
-246 -366.511719
-247 -372.022461
-248 -369.308105
-249 -376.292969
-250 -372.228516
-251 -378.855469
-252 -376.448730
-253 -381.473145
-254 -379.315430
-255 -384.332520
-256 -382.619141
-257 -386.963379
-258 -385.512695
-259 -390.119141
-260 -388.771973
-261 -391.769043
-262 -390.675293
-263 -396.194824
-264 -393.749512
-265 -398.830566
-266 -396.359375
-267 -403.209473
-268 -400.956055
-269 -407.843262
-270 -403.703613
-271 -409.725586
-272 -407.246094
-273 -412.879395
-274 -409.729492
-275 -416.060059
-276 -415.115723
-277 -419.278320
-278 -418.453125
-279 -422.191406
-280 -420.048340
-281 -426.036621
-282 -423.391113
-283 -430.016602
-284 -428.078613
-285 -432.700684
-286 -432.307129
-287 -436.072754
-288 -435.276855
-289 -439.953613
-290 -438.104980
-291 -444.724609
-292 -441.699219
-293 -447.756348
-294 -444.240234
-295 -450.412598
-296 -448.448730
-297 -452.704590
-298 -450.270020
-299 -456.804688
-300 -453.437988
-301 -458.774902
-302 -457.489258
-303 -461.802246
-304 -460.197754
-305 -467.045898
-306 -462.829590
-307 -469.244141
-308 -467.158691
-309 -474.434570
-310 -470.150879
-311 -476.848633
-312 -476.043945
-313 -481.058594
-314 -479.815918
-315 -485.208984
-316 -483.097656
-317 -487.949219
-318 -486.535156
-319 -490.927246
-320 -489.141113
-321 -494.931641
-322 -492.328125
-323 -498.177734
-324 -495.843262
-325 -503.051758
-326 -498.506836
-327 -505.700684
-328 -502.747559
-329 -508.498535
-330 -506.525879
-331 -512.663086
-332 -509.623047
-333 -514.397461
-334 -511.502930
-335 -518.083008
-336 -515.914062
-337 -520.898926
-338 -519.027344
-339 -523.178223
-340 -523.245605
-341 -527.210938
-342 -525.641113
-343 -530.390137
-344 -528.857910
-345 -534.374023
-346 -532.520020
-347 -537.071289
-348 -535.261230
-349 -540.494629
-350 -538.139648
-351 -542.964355
-352 -541.920898
-353 -546.768066
-354 -544.192871
-355 -551.537109
-356 -547.213867
-357 -554.704590
-358 -549.729980
-359 -558.299316
-360 -554.416992
-361 -560.567871
-362 -557.464355
-363 -564.235840
-364 -560.859863
-365 -566.785645
-366 -563.904297
-367 -570.335449
-368 -566.635742
-369 -573.066406
-370 -569.504395
-371 -577.579102
-372 -575.738770
-373 -580.660156
-374 -577.250488
-375 -583.109375
-376 -581.082520
-377 -585.874023
-378 -583.957520
-379 -589.564941
-380 -586.870605
-381 -592.349121
-382 -590.045898
-383 -595.747559
-384 -593.762207
-385 -598.368164
-386 -596.733398
-387 -601.875488
-388 -599.513184
-389 -605.803711
-390 -602.860352
-391 -608.663086
-392 -605.267090
-393 -612.240723
-394 -608.293945
-395 -616.353516
-396 -613.587402
-397 -619.213867
-398 -616.784180
-399 -622.163574
-400 -620.029785
-401 -626.568848
-402 -624.390137
-403 -630.262695
-404 -626.954102
-405 -633.897949
-406 -631.163574
-407 -637.421875
-408 -634.985840
-409 -640.895996
-410 -638.616699
-411 -642.776855
-412 -641.659668
-413 -646.696289
-414 -644.575684
-415 -651.621582
-416 -648.559570
-417 -656.347168
-418 -652.254395
-419 -659.307617
-420 -655.479980
-421 -663.710938
-422 -659.348145
-423 -666.854980
-424 -663.954102
-425 -669.893555
-426 -666.821777
-427 -673.683594
-428 -670.162109
-429 -675.493652
-430 -672.102051
-431 -678.167969
-432 -676.395996
-433 -681.149902
-434 -677.754883
-435 -686.199219
-436 -681.832520
-437 -687.405273
-438 -685.485840
-439 -693.171387
-440 -689.471680
-441 -695.447266
-442 -691.983887
-443 -697.563477
-444 -695.790527
-445 -700.098145
-446 -698.360840
-447 -703.521973
-448 -701.797852
-449 -708.240234
-450 -703.876465
-451 -709.277344
-452 -706.574707
-453 -713.653809
-454 -710.310059
-455 -716.718750
-456 -712.321777
-457 -720.558105
-458 -717.625977
-459 -723.624512
-460 -720.456055
-461 -727.892090
-462 -723.184082
-463 -731.032227
-464 -726.985352
-465 -734.384277
-466 -731.107910
-467 -737.620605
-468 -734.283691
-469 -740.211426
-470 -736.335449
-471 -741.843262
-472 -740.548340
-473 -746.560547
-474 -742.998047
-475 -748.798828
-476 -745.780762
-477 -751.697754
-478 -749.624512
-479 -755.632812
-480 -752.493164
-481 -760.802734
-482 -756.901367
-483 -765.098145
-484 -760.702637
-485 -769.140137
-486 -764.744629
-487 -772.623047
-488 -767.573730
-489 -777.938477
-490 -771.977539
-491 -781.427246
-492 -775.335938
-493 -784.361816
-494 -779.897949
-495 -787.829102
-496 -781.801758
-497 -788.500488
-498 -786.792969
-499 -793.067871
-500 -787.773438
-501 -796.440918
-502 -791.395020
-503 -800.306152
-504 -795.645996
-505 -803.800293
-506 -798.194824
-507 -807.855469
-508 -802.632324
-509 -808.953125
-510 -804.601074
-511 -813.533203
-512 -808.940918
-513 -816.517578
-514 -810.042480
-515 -819.115234
-516 -814.096191
-517 -822.459961
-518 -817.960449
-519 -825.623047
-520 -820.754395
-521 -829.373047
-522 -824.803223
-523 -834.054199
-524 -829.909668
-525 -837.277344
-526 -833.794922
-527 -841.607910
-528 -838.498047
-529 -845.912109
-530 -840.153809
-531 -849.062500
-532 -842.929199
-533 -853.486816
-534 -847.955078
-535 -856.888672
-536 -853.070801
-537 -859.545410
-538 -855.006836
-539 -861.724609
-540 -858.458008
-541 -866.176270
-542 -862.311035
-543 -870.347656
-544 -864.602539
-545 -871.875977
-546 -868.750488
-547 -874.437500
-548 -872.604980
-549 -877.720215
-550 -875.395508
-551 -882.857910
-552 -877.434082
-553 -886.627930
-554 -881.292480
-555 -889.435547
-556 -886.376465
-557 -891.677246
-558 -889.200195
-559 -897.451172
-560 -893.209961
-561 -901.994629
-562 -895.171875
-563 -907.957520
-564 -901.595215
-565 -912.238770
-566 -906.378418
-567 -917.337891
-568 -911.250000
-569 -922.565430
-570 -916.061523
-571 -926.297363
-572 -923.543945
-573 -929.840820
-574 -927.896973
-575 -935.750488
-576 -931.140625
-577 -939.975586
-578 -934.742188
-579 -943.770508
-580 -940.052246
-581 -948.158691
-582 -943.591309
-583 -953.852539
-584 -947.908691
-585 -959.333984
-586 -951.646973
-587 -962.120117
-588 -957.985840
-589 -965.937988
-590 -962.238770
-591 -968.559082
-592 -964.547852
-593 -971.055664
-594 -969.195312
-595 -974.984863
-596 -971.715332
-597 -977.391602
-598 -975.415039
-599 -982.169922
-600 -979.596680
-601 -984.995117
-602 -982.488770
-603 -990.026855
-604 -984.877930
-605 -991.824219
-606 -990.104004
-607 -997.082031
-608 -992.923828
-609 -1000.816895
-610 -994.824219
-611 -1000.086426
-612 -999.092285
-613 -1005.521484
-614 -1000.902344
-615 -1006.594238
-616 -1002.390625
-617 -1010.822266
-618 -1006.131348
-619 -1014.407227
-620 -1010.933105
-621 -1020.022949
-622 -1014.675781
-623 -1023.947754
-624 -1018.742188
-625 -1026.201172
-626 -1022.376953
-627 -1030.476562
-628 -1025.901855
-629 -1035.009277
-630 -1028.604004
-631 -1036.881348
-632 -1031.983887
-633 -1041.392578
-634 -1036.495605
-635 -1044.779297
-636 -1039.848145
-637 -1046.983887
-638 -1043.466797
-639 -1051.951172
-640 -1047.018066
-641 -1055.499023
-642 -1051.326172
-643 -1059.022461
-644 -1053.318359
-645 -1061.756836
-646 -1057.775391
-647 -1066.204590
-648 -1061.530762
-649 -1069.153809
-650 -1064.154297
-651 -1072.846680
-652 -1069.645020
-653 -1076.035645
-654 -1072.370605
-655 -1079.436523
-656 -1075.318848
-657 -1082.074219
-658 -1079.041504
-659 -1085.989746
-660 -1082.399902
-661 -1089.560059
-662 -1086.755371
-663 -1093.204590
-664 -1089.759766
-665 -1095.321777
-666 -1094.353027
-667 -1099.823242
-668 -1095.300781
-669 -1105.317383
-670 -1099.587891
-671 -1108.963867
-672 -1104.465820
-673 -1111.826172
-674 -1107.448730
-675 -1113.450195
-676 -1110.535645
-677 -1116.979980
-678 -1113.118164
-679 -1123.114746
-680 -1115.892090
-681 -1128.075195
-682 -1120.128906
-683 -1132.142578
-684 -1126.174805
-685 -1135.410645
-686 -1129.835449
-687 -1141.370605
-688 -1135.326172
-689 -1144.902344
-690 -1140.959473
-691 -1148.427246
-692 -1145.217773
-693 -1152.412109
-694 -1148.044922
-695 -1154.898438
-696 -1153.354004
-697 -1157.680664
-698 -1156.399902
-699 -1163.592285
