0 0.000000
-1 -4.161743
-2 -2.595581
-3 -7.363647
-4 -4.476318
-5 -9.283325
-6 -4.666626
-7 -8.307251
-8 -7.592285
-9 -12.427856
-10 -9.569946
-11 -14.215576
-12 -10.263794
-13 -15.503296
-14 -13.389648
-15 -18.695557
-16 -15.944702
-17 -21.169556
-18 -17.578125
-19 -22.426880
-20 -21.058716
-21 -25.834595
-22 -22.871826
-23 -27.522827
-24 -24.152100
-25 -29.198608
-26 -27.618408
-27 -32.181763
-28 -29.774414
-29 -34.394409
-30 -31.322632
-31 -36.125488
-32 -34.662476
-33 -39.545532
-34 -36.574463
-35 -41.825073
-36 -38.610840
-37 -43.505005
-38 -42.443115
-39 -47.543945
-40 -44.457764
-41 -48.901001
-42 -46.175293
-43 -50.952759
-44 -49.035278
-45 -54.491699
-46 -51.680054
-47 -56.890747
-48 -53.630005
-49 -59.421509
-50 -57.320435
-51 -62.684692
-52 -59.997803
-53 -64.546631
-54 -62.153564
-55 -66.769165
-56 -65.405884
-57 -69.891968
-58 -67.526367
-59 -71.774536
-60 -69.821045
-61 -74.169556
-62 -72.337646
-63 -77.535889
-64 -75.235596
-65 -80.193726
-66 -77.214233
-67 -82.347412
-68 -80.740967
-69 -85.056641
-70 -83.196289
-71 -87.506958
-72 -85.411987
-73 -89.457153
-74 -88.177612
-75 -92.971191
-76 -90.674683
-77 -95.607422
-78 -93.391968
-79 -98.303223
-80 -96.297974
-81 -101.618408
-82 -98.642334
-83 -104.324829
-84 -101.328735
-85 -106.857666
-86 -104.625854
-87 -109.357422
-88 -107.311035
-89 -112.187866
-90 -109.831787
-91 -114.290283
-92 -112.715942
-93 -117.504639
-94 -115.385132
-95 -120.441650
-96 -118.456543
-97 -123.463013
-98 -121.893677
-99 -126.419800
-100 -124.140259
-101 -129.433716
-102 -126.678711
-103 -131.840576
-104 -129.853760
-105 -134.991577
-106 -132.604492
-107 -137.529663
-108 -134.873901
-109 -140.957886
-110 -138.640137
-111 -143.954956
-112 -141.383179
-113 -147.462158
-114 -144.038940
-115 -150.164673
-116 -148.222534
-117 -153.663696
-118 -150.736084
-119 -155.575806
-120 -153.591064
-121 -158.792847
-122 -156.549927
-123 -161.993042
-124 -159.239014
-125 -164.740112
-126 -162.561035
-127 -167.824341
-128 -165.673096
-129 -170.941406
-130 -168.119263
-131 -174.249146
-132 -170.960449
-133 -177.353271
-134 -175.536987
-135 -180.538086
-136 -178.524048
-137 -183.266724
-138 -180.782471
-139 -185.978882
-140 -184.265381
-141 -188.643066
-142 -187.072144
-143 -191.333252
-144 -189.524902
-145 -194.350464
-146 -192.455200
-147 -197.331421
-148 -195.596680
-149 -200.273804
-150 -198.602051
-151 -203.718628
-152 -201.626221
-153 -206.586060
-154 -204.477661
-155 -209.423828
-156 -207.265137
-157 -212.257446
-158 -210.885376
-159 -215.345825
-160 -213.704102
-161 -218.444458
-162 -216.461914
-163 -221.941284
-164 -219.544189
-165 -224.862671
-166 -222.258545
-167 -228.224243
-168 -225.451904
-169 -230.795532
-170 -228.746826
-171 -234.141724
-172 -231.809814
-173 -237.026001
-174 -234.874634
-175 -239.883057
-176 -237.737671
-177 -243.458740
-178 -240.726929
-179 -246.054810
-180 -244.003662
-181 -249.949707
-182 -247.588501
-183 -253.190430
-184 -251.134644
-185 -256.932983
-186 -253.535767
-187 -259.626099
-188 -256.822876
-189 -262.511475
-190 -260.442383
-191 -265.621948
-192 -263.536133
-193 -268.793091
-194 -266.810669
-195 -271.772095
-196 -268.973022
-197 -275.158447
-198 -272.103760
-199 -278.386963
-200 -274.825562
-201 -280.877686
-202 -278.311035
-203 -284.244019
-204 -281.011841
-205 -286.900024
-206 -284.494751
-207 -289.321289
-208 -287.662476
-209 -293.051758
-210 -290.068970
-211 -295.029907
-212 -292.909302
-213 -298.617798
-214 -296.355225
-215 -301.827637
-216 -299.599487
-217 -304.585449
-218 -302.200439
-219 -307.576294
-220 -305.888184
-221 -311.227661
-222 -308.381714
-223 -314.001953
-224 -311.303955
-225 -317.509155
-226 -314.874146
-227 -320.243408
-228 -317.834229
-229 -323.414673
-230 -320.642822
-231 -326.341064
-232 -323.243286
-233 -329.328247
-234 -327.022705
-235 -333.236206
-236 -330.180908
-237 -336.319580
-238 -332.850220
-239 -339.418701
-240 -336.021484
-241 -341.983154
-242 -339.461060
-243 -344.610229
-244 -342.763306
-245 -347.967163
-246 -345.890747
-247 -351.369263
-248 -349.651001
-249 -355.001709
-250 -351.930908
-251 -357.991821
-252 -355.002686
-253 -361.575806
-254 -358.826294
-255 -364.485474
-256 -362.377563
-257 -368.267090
-258 -365.892822
-259 -371.640137
-260 -368.695557
-261 -374.477173
-262 -371.817383
-263 -377.773071
-264 -375.143311
-265 -380.644531
-266 -378.505127
-267 -383.263916
-268 -381.514404
-269 -388.091797
-270 -384.902222
-271 -390.902954
-272 -387.861450
-273 -394.275513
-274 -392.405518
-275 -397.831909
-276 -395.241821
-277 -401.676758
-278 -397.924561
-279 -404.222534
-280 -401.614624
-281 -408.195923
-282 -404.782104
-283 -410.955811
-284 -408.716919
-285 -413.971191
-286 -411.743652
-287 -417.277954
-288 -415.127441
-289 -420.753296
-290 -418.137939
-291 -423.835571
-292 -421.491943
-293 -427.572510
-294 -425.260010
-295 -431.095581
-296 -428.809692
-297 -434.628052
-298 -431.211548
-299 -437.455322
-300 -435.475342
-301 -441.191284
-302 -438.687500
-303 -444.148071
-304 -442.209961
-305 -446.731689
-306 -445.170654
-307 -450.223389
-308 -448.135742
-309 -453.298584
-310 -450.621094
-311 -456.413330
-312 -453.966064
-313 -459.664917
-314 -457.488403
-315 -462.698120
-316 -460.918701
-317 -465.924072
-318 -463.835693
-319 -469.939087
-320 -467.207764
-321 -472.829346
-322 -470.151733
-323 -475.890137
-324 -473.897705
-325 -478.755859
-326 -476.526001
-327 -482.362305
-328 -479.172485
-329 -485.314331
-330 -481.699463
-331 -488.315674
-332 -486.359131
-333 -491.880493
-334 -489.764282
-335 -495.252441
-336 -492.482056
-337 -498.860718
-338 -495.661011
-339 -502.006470
-340 -499.341675
-341 -504.569214
-342 -502.451538
-343 -507.723389
-344 -505.091675
-345 -510.420654
-346 -508.311157
-347 -513.854492
-348 -511.277588
-349 -516.935303
-350 -514.354736
-351 -520.458496
-352 -517.377808
-353 -523.346436
-354 -520.155273
-355 -526.349854
-356 -523.110596
-357 -529.902466
-358 -526.615112
-359 -533.625732
-360 -530.396484
-361 -536.793701
-362 -533.243896
-363 -539.219604
-364 -536.572754
-365 -542.968750
-366 -539.798340
-367 -546.386475
-368 -542.956909
-369 -549.317017
-370 -546.913818
-371 -553.053955
-372 -550.431519
-373 -556.382568
-374 -552.371216
-375 -559.352295
-376 -556.237427
-377 -562.588501
-378 -559.697754
-379 -565.896362
-380 -562.527954
-381 -569.379395
-382 -565.921265
-383 -572.253540
-384 -569.063965
-385 -575.446167
-386 -572.930542
-387 -578.391235
-388 -575.760254
-389 -581.321045
-390 -579.412476
-391 -585.244873
-392 -581.916016
-393 -587.727783
-394 -585.319092
-395 -591.441772
-396 -588.674683
-397 -594.569214
-398 -591.229736
-399 -596.945557
-400 -594.502319
-401 -600.095459
-402 -597.697510
-403 -602.978271
-404 -600.789795
-405 -606.235352
-406 -603.305786
-407 -609.599365
-408 -606.914185
-409 -612.689209
-410 -610.089233
-411 -616.905396
-412 -613.483032
-413 -620.962402
-414 -616.996704
-415 -623.994629
-416 -620.734863
-417 -627.366699
-418 -624.211548
-419 -630.589478
-420 -627.907104
-421 -633.993530
-422 -631.665039
-423 -637.769165
-424 -634.664062
-425 -641.947754
-426 -637.618896
-427 -644.447876
-428 -642.415405
-429 -648.185913
-430 -645.864746
-431 -651.177612
-432 -648.828735
-433 -654.095337
-434 -652.036499
-435 -657.695923
-436 -655.420532
-437 -660.471191
-438 -658.010010
-439 -664.310059
-440 -661.211548
-441 -667.078491
-442 -664.590332
-443 -671.150757
-444 -667.822632
-445 -674.457886
-446 -671.227417
-447 -677.968384
-448 -674.612671
-449 -680.492920
-450 -678.105957
-451 -683.876099
-452 -681.376831
-453 -687.101196
-454 -684.557251
-455 -690.894287
-456 -687.135376
-457 -693.254883
-458 -691.217163
-459 -697.279419
-460 -694.459473
-461 -701.012207
-462 -697.648682
-463 -704.782104
-464 -702.020508
-465 -708.273071
-466 -705.655884
-467 -711.847656
-468 -708.810059
-469 -715.771484
-470 -712.235840
-471 -719.998291
-472 -716.122437
-473 -723.229980
-474 -720.565186
-475 -726.490356
-476 -724.155762
-477 -729.965698
-478 -726.644775
-479 -733.043945
-480 -729.975464
-481 -735.810791
-482 -733.390991
-483 -739.959106
-484 -736.325439
-485 -742.672485
-486 -738.829468
-487 -745.388184
-488 -742.263184
-489 -748.510742
-490 -745.495117
-491 -751.971802
-492 -748.654419
-493 -754.660156
-494 -752.255005
-495 -757.325195
-496 -754.695312
-497 -760.321411
-498 -757.311890
-499 -763.916016
-500 -759.958740
-501 -767.223389
-502 -763.921875
-503 -770.189453
-504 -767.578735
-505 -773.656006
-506 -770.873535
-507 -777.063599
-508 -773.739380
-509 -780.636597
-510 -776.832031
-511 -784.081665
-512 -780.881592
-513 -786.809326
-514 -783.776611
-515 -791.167847
-516 -787.565796
-517 -795.213867
-518 -790.042358
-519 -798.130859
-520 -794.477539
-521 -801.324341
-522 -798.464355
-523 -805.400879
-524 -801.588989
-525 -809.062866
-526 -804.610596
-527 -811.757446
-528 -808.120117
-529 -815.899536
-530 -812.715332
-531 -818.089966
-532 -814.863159
-533 -821.120117
-534 -818.291870
-535 -825.102905
-536 -820.767212
-537 -828.947998
-538 -825.493042
-539 -831.658081
-540 -828.808594
-541 -834.545166
-542 -831.031006
-543 -838.491211
-544 -834.766846
-545 -841.954346
-546 -838.405884
-547 -844.852173
-548 -840.827271
-549 -848.234497
-550 -844.119995
-551 -850.388916
-552 -847.538086
-553 -854.052734
-554 -850.534302
-555 -857.628052
-556 -853.237061
-557 -861.528931
-558 -856.763184
-559 -864.090942
-560 -860.743530
-561 -867.139771
-562 -863.513062
-563 -870.268555
-564 -866.237549
-565 -873.364014
-566 -870.211792
-567 -876.995850
-568 -873.476440
-569 -879.645142
-570 -875.832153
-571 -882.951294
-572 -879.629639
-573 -885.661377
-574 -883.675171
-575 -889.685547
-576 -885.784546
-577 -893.854492
-578 -888.739136
-579 -897.413818
-580 -892.979614
-581 -900.064331
-582 -896.573364
-583 -903.286743
-584 -899.163818
-585 -905.483154
-586 -901.964722
-587 -908.417236
-588 -905.209961
-589 -911.865601
-590 -907.160156
-591 -914.304932
-592 -910.113403
-593 -918.668579
-594 -914.143921
-595 -921.585449
-596 -916.922119
-597 -924.006592
-598 -920.453369
-599 -928.441895
-600 -924.836182
-601 -931.242188
-602 -928.291260
-603 -934.798950
-604 -931.318726
-605 -939.173096
-606 -934.105103
-607 -942.635620
-608 -937.349731
-609 -946.912231
-610 -941.755249
-611 -949.431396
-612 -946.057861
-613 -954.372314
-614 -949.316284
-615 -956.862305
-616 -953.963745
-617 -960.599609
-618 -956.624268
-619 -963.151489
-620 -960.203735
-621 -966.466919
-622 -962.182251
-623 -970.354858
-624 -966.560669
-625 -973.504517
-626 -968.748779
-627 -976.811523
-628 -972.417847
-629 -980.052490
-630 -975.683594
-631 -983.178589
-632 -979.474487
-633 -986.005249
-634 -982.950073
-635 -989.205688
-636 -985.729004
-637 -993.604858
-638 -988.911743
-639 -995.526001
-640 -991.863525
-641 -1000.333984
-642 -995.754517
-643 -1003.756348
-644 -999.818359
-645 -1006.136108
-646 -1002.838623
-647 -1010.905884
-648 -1006.754517
-649 -1015.545898
-650 -1009.365234
-651 -1018.747803
-652 -1013.876343
-653 -1022.027954
-654 -1018.867920
-655 -1026.426270
-656 -1021.078247
-657 -1029.275391
-658 -1024.435547
-659 -1033.354370
-660 -1028.935425
-661 -1036.756958
-662 -1032.282959
-663 -1039.630981
-664 -1035.888428
-665 -1044.093384
-666 -1039.778809
-667 -1046.581543
-668 -1043.154541
-669 -1050.302246
-670 -1047.215942
-671 -1054.708740
-672 -1049.595581
-673 -1058.187622
-674 -1053.277588
-675 -1061.808838
-676 -1058.146851
-677 -1065.698853
-678 -1061.378174
-679 -1070.055298
-680 -1064.880493
-681 -1073.355835
-682 -1069.764160
-683 -1076.896729
-684 -1072.254395
-685 -1079.957886
-686 -1076.485107
-687 -1084.012085
-688 -1078.359131
-689 -1087.451050
-690 -1082.012695
-691 -1090.813110
-692 -1084.457275
-693 -1094.023926
-694 -1087.047729
-695 -1095.752808
-696 -1092.810181
-697 -1101.320557
-698 -1094.712769
-699 -1108.025879
