0 0.000000
-1 -4.597047
-2 -3.046379
-3 -7.634701
-4 -5.105092
-5 -9.676331
-6 -5.221464
-7 -9.804071
-8 -8.276617
-9 -12.880652
-10 -10.347745
-11 -14.959767
-12 -11.168799
-13 -15.770127
-14 -14.181705
-15 -18.814255
-16 -16.314380
-17 -20.925313
-18 -17.506784
-19 -22.130269
-20 -20.530547
-21 -25.173688
-22 -22.727799
-23 -27.381742
-24 -24.160360
-25 -28.820928
-26 -27.178450
-27 -31.840842
-28 -29.441162
-29 -34.072499
-30 -31.060259
-31 -35.705198
-32 -34.055470
-33 -38.729156
-34 -36.337722
-35 -41.012323
-36 -38.140143
-37 -42.841784
-38 -41.154543
-39 -45.863477
-40 -43.493711
-41 -48.186601
-42 -45.417277
-43 -50.106467
-44 -48.422667
-45 -53.117374
-46 -50.794902
-47 -55.497282
-48 -52.835177
-49 -57.559542
-50 -55.839393
-51 -60.558338
-52 -58.235588
-53 -62.989959
-54 -60.399885
-55 -65.114390
-56 -63.386020
-57 -68.135707
-58 -65.831800
-59 -70.605526
-60 -68.063156
-61 -72.840800
-62 -71.091985
-63 -75.846380
-64 -73.573352
-65 -78.336467
-66 -75.875978
-67 -80.652822
-68 -78.905176
-69 -83.678041
-70 -81.407102
-71 -86.196357
-72 -83.780116
-73 -88.553775
-74 -86.804859
-75 -91.618157
-76 -89.361595
-77 -94.171648
-78 -91.775423
-79 -96.595831
-80 -94.819731
-81 -99.632396
-82 -97.416430
-83 -102.205195
-84 -99.876759
-85 -104.674281
-86 -102.894741
-87 -107.724719
-88 -105.506224
-89 -110.357424
-90 -108.074246
-91 -112.906609
-92 -111.086134
-93 -115.910776
-94 -113.724146
-95 -118.556531
-96 -116.296950
-97 -121.154562
-98 -119.324663
-99 -124.190904
-100 -122.005589
-101 -126.873464
-102 -124.626680
-103 -129.491096
-104 -127.669927
-105 -132.566592
-106 -130.362415
-107 -135.267517
-108 -133.028294
-109 -137.957087
-110 -136.103121
-111 -140.989225
-112 -138.851307
-113 -143.745372
-114 -141.541458
-115 -146.449936
-116 -144.610395
-117 -149.505631
-118 -147.342576
-119 -152.271094
-120 -150.088032
-121 -155.008985
-122 -153.148986
-123 -158.110069
-124 -155.949931
-125 -160.888488
-126 -158.715475
-127 -163.663760
-128 -161.798637
-129 -166.741768
-130 -164.594138
-131 -169.555017
-132 -167.401627
-133 -172.351723
-134 -170.476083
-135 -175.454722
-136 -173.304609
-137 -178.270934
-138 -176.141179
-139 -181.113686
-140 -179.239057
-141 -184.204557
-142 -182.074827
-143 -187.066209
-144 -184.926078
-145 -189.920663
-146 -188.045105
-147 -193.040576
-148 -190.893561
-149 -195.912585
-150 -193.783975
-151 -198.801803
-152 -196.910164
-153 -201.924921
-154 -199.801402
-155 -204.817232
-156 -202.713282
-157 -207.747837
-158 -205.842456
-159 -210.854720
-160 -208.748916
-161 -213.758441
-162 -211.669320
-163 -216.711644
-164 -214.771107
-165 -219.834849
-166 -217.670012
-167 -222.745387
-168 -220.613305
-169 -225.711050
-170 -223.742328
-171 -228.836299
-172 -226.689443
-173 -231.783798
-174 -229.681829
-175 -234.773993
-176 -232.809275
-177 -237.925670
-178 -235.778619
-179 -240.882319
-180 -238.763861
-181 -243.892821
-182 -241.904835
-183 -247.037596
-184 -244.890725
-185 -250.035406
-186 -247.909621
-187 -253.065508
-188 -251.045951
-189 -256.190498
-190 -254.056812
-191 -259.230126
-192 -257.082985
-193 -262.259097
-194 -260.229251
-195 -265.405709
-196 -263.262852
-197 -268.443116
-198 -266.296816
-199 -271.473197
-200 -269.430511
-201 -274.597479
-202 -272.450585
-203 -277.632037
-204 -275.482256
-205 -280.682482
-206 -278.583608
-207 -283.780924
-208 -281.610503
-209 -286.829556
-210 -284.664941
-211 -289.883299
-212 -287.774463
-213 -292.979483
-214 -290.811438
-215 -296.028645
-216 -293.853515
-217 -299.068240
-218 -296.931738
-219 -302.167451
-220 -299.986276
-221 -305.222239
-222 -303.029284
-223 -308.286907
-224 -306.106586
-225 -311.378466
-226 -309.150888
-227 -314.448387
-228 -312.237641
-229 -317.514109
-230 -315.325984
-231 -320.568659
-232 -318.388742
-233 -323.618030
-234 -321.429923
-235 -326.678523
-236 -324.489683
-237 -329.777340
-238 -327.527138
-239 -332.812306
-240 -330.589235
-241 -335.872832
-242 -333.639238
-243 -338.941037
-244 -336.680938
-245 -342.009646
-246 -339.739789
-247 -345.052402
-248 -342.793604
-249 -348.106875
-250 -345.847468
-251 -351.161884
-252 -348.891518
-253 -354.201299
-254 -351.940418
-255 -357.264739
-256 -354.994970
-257 -360.323329
-258 -358.048794
-259 -363.395670
-260 -361.092451
-261 -366.443190
-262 -364.128559
-263 -369.497423
-264 -367.201395
-265 -372.579206
-266 -370.259339
-267 -375.629521
-268 -373.315091
-269 -378.666484
-270 -376.397834
-271 -381.743573
-272 -379.428101
-273 -384.816937
-274 -382.501816
-275 -387.883006
-276 -385.566022
-277 -390.943357
-278 -388.620594
-279 -394.033316
-280 -391.690098
-281 -397.122622
-282 -394.787467
-283 -400.194467
-284 -397.869987
-285 -403.261046
-286 -400.899921
-287 -406.304748
-288 -403.966743
-289 -409.404724
-290 -407.019561
-291 -412.494241
-292 -410.123187
-293 -415.556820
-294 -413.186257
-295 -418.626129
-296 -416.254394
-297 -421.720336
-298 -419.335109
-299 -424.825808
-300 -422.428746
-301 -427.936509
-302 -425.513281
-303 -431.009968
-304 -428.595949
-305 -434.099788
-306 -431.680378
-307 -437.195067
-308 -434.768429
-309 -440.269871
-310 -437.861468
-311 -443.356750
-312 -440.920564
-313 -446.464122
-314 -444.004491
-315 -449.563513
-316 -447.113849
-317 -452.677177
-318 -450.217013
-319 -455.775583
-320 -453.284226
-321 -458.858395
-322 -456.401527
-323 -461.968289
-324 -459.484328
-325 -465.060700
-326 -462.576937
-327 -468.151838
-328 -465.663128
-329 -471.272279
-330 -468.759609
-331 -474.387352
-332 -471.883404
-333 -477.501457
-334 -474.993362
-335 -480.600101
-336 -478.077600
-337 -483.702643
-338 -481.177260
-339 -486.826965
-340 -484.281237
-341 -489.942962
-342 -487.379239
-343 -493.048050
-344 -490.490931
-345 -496.153242
-346 -493.610731
-347 -499.277074
-348 -496.704379
-349 -502.367031
-350 -499.808611
-351 -505.489944
-352 -502.925104
-353 -508.585532
-354 -506.032869
-355 -511.724102
-356 -509.143572
-357 -514.815784
-358 -512.236094
-359 -517.912242
-360 -515.344195
-361 -521.021138
-362 -518.450884
-363 -524.126276
-364 -521.515701
-365 -527.233021
-366 -524.600979
-367 -530.315559
-368 -527.737754
-369 -533.424105
-370 -530.833710
-371 -536.556012
-372 -533.927699
-373 -539.654531
-374 -537.044100
-375 -542.798200
-376 -540.146589
-377 -545.921066
-378 -543.266103
-379 -549.027176
-380 -546.409975
-381 -552.155016
-382 -549.536994
-383 -555.287800
-384 -552.645612
-385 -558.411553
-386 -555.757223
-387 -561.572525
-388 -558.872514
-389 -564.719107
-390 -562.016103
-391 -567.857973
-392 -565.166071
-393 -571.002943
-394 -568.275164
-395 -574.111004
-396 -571.417818
-397 -577.261509
-398 -574.558535
-399 -580.397572
-400 -577.697085
-401 -583.539757
-402 -580.790093
-403 -586.662505
-404 -583.928635
-405 -589.796416
-406 -587.074695
-407 -592.939037
-408 -590.204523
-409 -596.083739
-410 -593.337771
-411 -599.252663
-412 -596.489912
-413 -602.402909
-414 -599.628500
-415 -605.549812
-416 -602.789214
-417 -608.741204
-418 -605.938326
-419 -611.894761
-420 -609.096986
-421 -615.033713
-422 -612.247894
-423 -618.190874
-424 -615.417925
-425 -621.375944
-426 -618.572304
-427 -624.540824
-428 -621.705864
-429 -627.724749
-430 -624.865380
-431 -630.879678
-432 -628.031126
-433 -634.042365
-434 -631.204869
-435 -637.220062
-436 -634.353368
-437 -640.391733
-438 -637.538555
-439 -643.550095
-440 -640.706724
-441 -646.744274
-442 -643.871405
-443 -649.905904
-444 -646.992595
-445 -653.070427
-446 -650.205904
-447 -656.244387
-448 -653.345558
-449 -659.417139
-450 -656.497673
-451 -662.592911
-452 -659.698765
-453 -665.768000
-454 -662.862459
-455 -668.947646
-456 -666.036374
-457 -672.125351
-458 -669.226378
-459 -675.323827
-460 -672.377657
-461 -678.509440
-462 -675.539746
-463 -681.700565
-464 -678.756046
-465 -684.890094
-466 -681.930571
-467 -688.090956
-468 -685.108415
-469 -691.285106
-470 -688.283870
-471 -694.477431
-472 -691.478931
-473 -697.675391
-474 -694.646873
-475 -700.847252
-476 -697.840061
-477 -704.034809
-478 -701.040923
-479 -707.241072
-480 -704.226595
-481 -710.443828
-482 -707.391185
-483 -713.618355
-484 -710.600591
-485 -716.831452
-486 -713.780519
-487 -720.025387
-488 -716.967229
-489 -723.225058
-490 -720.185241
-491 -726.455312
-492 -723.364917
-493 -729.652885
-494 -726.573820
-495 -732.870565
-496 -729.776100
-497 -736.060876
-498 -732.976727
-499 -739.288307
-500 -736.164242
-501 -742.487375
-502 -739.382612
-503 -745.689154
-504 -742.589300
-505 -748.897958
-506 -745.779792
-507 -752.123264
-508 -748.999318
-509 -755.334169
-510 -752.195630
-511 -758.540450
-512 -755.382527
-513 -761.773821
-514 -758.631105
-515 -764.981469
-516 -761.830589
-517 -768.221143
-518 -765.060630
-519 -771.461420
-520 -768.226615
-521 -774.688174
-522 -771.474600
-523 -777.912260
-524 -774.716964
-525 -781.137385
-526 -777.924030
-527 -784.343565
-528 -781.148786
-529 -787.585831
-530 -784.367671
-531 -790.802718
-532 -787.553141
-533 -794.033247
-534 -790.795311
-535 -797.214667
-536 -794.024772
-537 -800.494628
-538 -797.243379
-539 -803.746256
-540 -800.425620
-541 -806.990007
-542 -803.680902
-543 -810.194702
-544 -806.885311
-545 -813.438138
-546 -810.124371
-547 -816.692521
-548 -813.359123
-549 -819.932431
-550 -816.607610
-551 -823.158147
-552 -819.846725
-553 -826.444363
-554 -823.112782
-555 -829.677140
-556 -826.325948
-557 -832.908643
-558 -829.585228
-559 -836.191925
-560 -832.831278
-561 -839.470376
-562 -836.090209
-563 -842.738643
-564 -839.318515
-565 -846.022430
-566 -842.591233
-567 -849.264834
-568 -845.862607
-569 -852.556213
-570 -849.108057
-571 -855.813068
-572 -852.399812
-573 -859.091311
-574 -855.637798
-575 -862.391880
-576 -858.932027
-577 -865.700684
-578 -862.184839
-579 -868.965879
-580 -865.464050
-581 -872.276943
-582 -868.775077
-583 -875.553358
-584 -872.044215
-585 -878.855647
-586 -875.319826
-587 -882.149237
-588 -878.603716
-589 -885.467043
-590 -881.880937
-591 -888.709961
-592 -885.171565
-593 -892.046546
-594 -888.454051
-595 -895.306949
-596 -891.707491
-597 -898.580617
-598 -895.029274
-599 -901.919375
-600 -898.296564
-601 -905.220108
-602 -901.567651
-603 -908.558763
-604 -904.870800
-605 -911.836095
-606 -908.174209
-607 -915.119693
-608 -911.495009
-609 -918.439066
-610 -914.776479
-611 -921.711195
-612 -918.060112
-613 -925.068651
-614 -921.367218
-615 -928.378095
-616 -924.672047
-617 -931.701148
-618 -927.959385
-619 -935.014764
-620 -931.289936
-621 -938.361094
-622 -934.581631
-623 -941.658459
-624 -937.882227
-625 -945.001458
-626 -941.246458
-627 -948.280897
-628 -944.539154
-629 -951.638845
-630 -947.873031
-631 -954.926566
-632 -951.159709
-633 -958.223897
-634 -954.459706
-635 -961.569781
-636 -957.741404
-637 -964.897387
-638 -961.084555
-639 -968.248893
-640 -964.425523
-641 -971.582704
-642 -967.683213
-643 -974.926584
-644 -971.027593
-645 -978.271776
-646 -974.364971
-647 -981.594772
-648 -977.729450
-649 -984.988583
-650 -981.049067
-651 -988.372724
-652 -984.358954
-653 -991.714235
-654 -987.736605
-655 -995.081539
-656 -991.102701
-657 -998.468521
-658 -994.428586
-659 -1001.798089
-660 -997.760491
-661 -1005.120140
-662 -1001.101948
-663 -1008.473160
-664 -1004.401515
-665 -1011.801355
-666 -1007.688936
-667 -1015.128029
-668 -1010.959925
-669 -1018.401368
-670 -1014.204175
-671 -1021.656441
-672 -1017.397143
-673 -1024.906234
-674 -1020.538954
-675 -1028.124207
-676 -1023.673898
-677 -1031.210771
-678 -1026.746379
-679 -1034.306502
-680 -1029.808533
-681 -1037.304373
-682 -1032.735546
-683 -1040.245682
-684 -1035.637681
-685 -1043.191937
-686 -1038.600017
-687 -1046.220227
-688 -1041.521383
-689 -1049.103881
-690 -1044.296354
-691 -1052.020076
-692 -1047.381698
-693 -1055.111154
-694 -1049.632566
-695 -1057.397804
-696 -1053.117366
-697 -1060.903417
-698 -1054.674659
-699 -1062.428469
