0 0.000000
-1 -231.000000
-2 -180.750000
-3 -432.875000
-4 -180.125000
-5 -495.500000
-6 -176.625000
-7 -450.875000
-8 -426.500000
-9 -620.750000
-10 -457.500000
-11 -914.625000
-12 -417.250000
-13 -1024.000000
-14 -714.125000
-15 -1086.000000
-16 -951.000000
-17 -1130.000000
-18 -905.875000
-19 -1125.500000
-20 -1085.125000
-21 -1443.250000
-22 -1126.250000
-23 -1453.625000
-24 -1496.875000
-25 -1563.000000
-26 -1497.750000
-27 -1582.750000
-28 -1543.125000
-29 -1578.500000
-30 -1639.750000
-31 -1750.750000
-32 -1646.250000
-33 -1763.250000
-34 -1637.750000
-35 -2029.375000
-36 -1756.125000
-37 -2029.125000
-38 -1982.000000
-39 -2143.375000
-40 -2075.000000
-41 -2222.500000
-42 -2116.000000
-43 -2274.250000
-44 -2246.250000
-45 -2333.250000
-46 -2373.625000
-47 -2392.125000
-48 -2344.750000
-49 -2576.500000
-50 -2440.625000
-51 -2599.500000
-52 -2471.375000
-53 -3020.750000
-54 -2480.125000
-55 -3038.125000
-56 -2898.375000
-57 -3079.000000
-58 -3049.625000
-59 -3203.375000
-60 -3327.875000
-61 -3451.500000
-62 -3419.750000
-63 -3486.375000
-64 -3419.000000
-65 -3498.250000
-66 -3459.750000
-67 -3666.625000
-68 -3528.625000
-69 -3683.250000
-70 -3525.625000
-71 -3696.875000
-72 -3664.125000
-73 -3746.000000
-74 -3682.750000
-75 -3818.750000
-76 -3686.125000
-77 -3921.500000
-78 -3731.375000
-79 -4189.000000
-80 -3961.750000
-81 -4353.750000
-82 -4206.375000
-83 -4462.250000
-84 -4262.500000
-85 -4534.625000
-86 -4345.500000
-87 -4566.875000
-88 -4603.250000
-89 -4745.625000
-90 -4566.500000
-91 -4784.000000
-92 -4661.750000
-93 -4797.000000
-94 -4789.125000
-95 -4947.750000
-96 -4816.125000
-97 -4932.125000
-98 -4879.875000
-99 -5085.000000
-100 -4962.000000
-101 -5169.125000
-102 -4928.375000
-103 -5229.125000
-104 -5223.375000
-105 -5615.875000
-106 -5204.000000
-107 -5648.125000
-108 -5579.625000
-109 -5633.500000
-110 -5673.125000
-111 -5773.500000
-112 -5668.500000
-113 -5816.375000
-114 -5786.500000
-115 -6191.500000
-116 -5962.625000
-117 -6184.375000
-118 -6070.625000
-119 -6230.125000
-120 -6199.000000
-121 -6314.875000
-122 -6230.125000
-123 -6321.500000
-124 -6246.875000
-125 -6559.125000
-126 -6316.875000
-127 -6650.750000
-128 -6386.125000
-129 -6746.375000
-130 -6594.875000
-131 -6867.500000
-132 -6781.000000
-133 -6900.375000
-134 -6845.500000
-135 -7167.500000
-136 -7149.875000
-137 -7243.500000
-138 -7116.500000
-139 -7354.250000
-140 -7350.375000
-141 -7408.625000
-142 -7405.000000
-143 -7512.250000
-144 -7498.500000
-145 -7600.625000
-146 -7591.000000
-147 -7601.375000
-148 -7625.875000
-149 -7729.750000
-150 -7675.750000
-151 -7814.250000
-152 -7713.000000
-153 -7910.625000
-154 -7728.250000
-155 -8019.250000
-156 -7921.375000
-157 -8091.125000
-158 -7997.000000
-159 -8147.000000
-160 -8214.125000
-161 -8230.625000
-162 -8202.375000
-163 -8380.000000
-164 -8245.625000
-165 -8429.625000
-166 -8292.750000
-167 -8429.375000
-168 -8392.000000
-169 -8541.625000
-170 -8448.000000
-171 -8706.000000
-172 -8543.625000
-173 -8725.125000
-174 -8571.750000
-175 -8809.375000
-176 -8808.750000
-177 -8831.375000
-178 -8847.000000
-179 -9003.125000
-180 -8850.000000
-181 -9002.875000
-182 -8930.000000
-183 -9024.125000
-184 -9026.250000
-185 -9070.875000
-186 -9047.125000
-187 -9186.875000
-188 -9168.250000
-189 -9265.500000
-190 -9170.000000
-191 -9266.500000
-192 -9226.750000
-193 -9421.500000
-194 -9320.625000
-195 -9669.500000
-196 -9522.250000
-197 -9843.875000
-198 -9566.000000
-199 -9932.125000
-200 -9873.750000
-201 -9976.125000
-202 -9854.125000
-203 -10033.375000
-204 -9954.500000
-205 -10205.875000
-206 -10214.000000
-207 -10293.125000
-208 -10206.625000
-209 -10312.625000
-210 -10227.375000
-211 -10316.500000
-212 -10296.500000
-213 -10472.500000
-214 -10340.750000
-215 -10488.500000
-216 -10469.375000
-217 -10559.500000
-218 -10498.000000
-219 -10570.250000
-220 -10501.125000
-221 -10915.500000
-222 -10547.375000
-223 -11046.125000
-224 -10924.250000
-225 -11099.625000
-226 -11012.000000
-227 -11191.625000
-228 -11097.500000
-229 -11212.250000
-230 -11123.375000
-231 -11215.125000
-232 -11085.375000
-233 -11277.375000
-234 -11272.875000
-235 -11408.375000
-236 -11333.500000
-237 -11451.250000
-238 -11378.500000
-239 -11643.375000
-240 -11405.375000
-241 -11648.375000
-242 -11555.000000
-243 -11958.500000
-244 -11594.625000
-245 -11954.500000
-246 -11847.125000
-247 -12034.625000
-248 -11967.125000
-249 -12074.250000
-250 -11995.250000
-251 -12158.250000
-252 -12107.375000
-253 -12212.625000
-254 -12151.875000
-255 -12258.000000
-256 -12279.625000
-257 -12313.375000
-258 -12280.375000
-259 -12387.250000
-260 -12328.250000
-261 -12392.375000
-262 -12400.250000
-263 -12647.000000
-264 -12446.750000
-265 -12659.750000
-266 -12647.625000
-267 -12649.750000
-268 -12650.375000
-269 -12848.375000
-270 -12669.000000
-271 -12991.375000
-272 -12828.500000
-273 -13004.500000
-274 -13005.125000
-275 -13038.375000
-276 -13015.750000
-277 -13040.625000
-278 -13029.375000
-279 -13167.875000
-280 -13104.250000
-281 -13239.750000
-282 -13103.750000
-283 -13620.250000
-284 -13371.500000
-285 -13638.375000
-286 -13385.500000
-287 -13783.625000
-288 -13813.125000
-289 -13843.000000
-290 -13858.625000
-291 -14085.500000
-292 -13886.375000
-293 -14166.375000
-294 -14086.625000
-295 -14220.875000
-296 -14221.875000
-297 -14346.875000
-298 -14267.875000
-299 -14353.875000
-300 -14325.125000
-301 -14478.250000
-302 -14402.500000
-303 -14595.750000
-304 -14436.250000
-305 -14663.250000
-306 -14578.500000
-307 -14806.625000
-308 -14706.125000
-309 -14986.250000
-310 -14839.000000
-311 -15032.250000
-312 -14993.375000
-313 -15129.750000
-314 -15008.875000
-315 -15112.625000
-316 -15058.375000
-317 -15130.875000
-318 -15078.625000
-319 -15285.750000
-320 -15328.875000
-321 -15319.875000
-322 -15317.125000
-323 -15579.875000
-324 -15550.125000
-325 -15645.500000
-326 -15725.875000
-327 -15995.750000
-328 -15753.750000
-329 -16011.875000
-330 -15917.625000
-331 -16101.625000
-332 -16016.500000
-333 -16260.250000
-334 -16137.000000
-335 -16244.625000
-336 -16220.625000
-337 -16261.750000
-338 -16263.625000
-339 -16610.125000
-340 -16418.125000
-341 -16789.500000
-342 -16520.750000
-343 -16816.625000
-344 -16821.750000
-345 -17090.625000
-346 -16926.500000
-347 -17147.625000
-348 -16933.750000
-349 -17121.375000
-350 -17103.625000
-351 -17249.875000
-352 -17193.625000
-353 -17327.875000
-354 -17256.375000
-355 -17395.625000
-356 -17321.375000
-357 -17532.750000
-358 -17420.500000
-359 -17534.000000
-360 -17521.375000
-361 -17537.500000
-362 -17542.750000
-363 -17673.250000
-364 -17557.250000
-365 -17760.375000
-366 -17668.125000
-367 -17814.000000
-368 -17666.875000
-369 -17835.000000
-370 -17745.750000
-371 -17958.750000
-372 -17764.125000
-373 -17920.500000
-374 -17892.250000
-375 -17999.125000
-376 -17948.750000
-377 -18103.750000
-378 -18145.500000
-379 -18200.250000
-380 -18118.250000
-381 -18426.500000
-382 -18149.750000
-383 -18617.375000
-384 -18307.875000
-385 -18673.250000
-386 -18483.625000
-387 -18623.875000
-388 -18496.750000
-389 -18661.125000
-390 -18622.375000
-391 -18728.500000
-392 -18656.125000
-393 -18733.375000
-394 -18681.250000
-395 -18840.625000
-396 -18686.125000
-397 -18831.375000
-398 -18773.375000
-399 -18918.000000
-400 -18814.000000
-401 -18942.250000
-402 -18889.000000
-403 -18952.125000
-404 -18955.250000
-405 -19073.375000
-406 -18952.750000
-407 -19034.500000
-408 -18950.375000
-409 -19159.250000
-410 -19037.625000
-411 -19247.000000
-412 -19022.875000
-413 -19322.375000
-414 -19126.750000
-415 -19355.250000
-416 -19219.500000
-417 -19337.500000
-418 -19175.250000
-419 -19378.250000
-420 -19276.125000
-421 -19425.250000
-422 -19350.500000
-423 -19428.750000
-424 -19275.625000
-425 -19454.250000
-426 -19402.375000
-427 -19515.500000
-428 -19406.250000
-429 -19674.125000
-430 -19387.875000
-431 -19907.500000
-432 -19501.250000
-433 -19976.875000
-434 -19745.375000
-435 -20066.125000
-436 -19883.250000
-437 -20088.000000
-438 -20070.750000
-439 -20141.250000
-440 -20064.500000
-441 -20268.875000
-442 -20099.750000
-443 -20349.000000
-444 -20111.375000
-445 -20427.250000
-446 -20290.625000
-447 -20429.125000
-448 -20429.000000
-449 -20565.625000
-450 -20483.625000
-451 -20621.250000
-452 -20432.000000
-453 -20744.750000
-454 -20497.750000
-455 -20684.500000
-456 -20636.500000
-457 -20763.750000
-458 -20700.875000
-459 -20749.375000
-460 -20739.750000
-461 -20860.125000
-462 -20743.250000
-463 -20880.875000
-464 -20772.125000
-465 -20987.250000
-466 -20838.750000
-467 -21040.125000
-468 -20931.500000
-469 -21106.250000
-470 -20938.750000
-471 -21108.000000
-472 -21026.500000
-473 -21152.375000
-474 -21128.750000
-475 -21155.125000
-476 -21146.625000
-477 -21159.750000
-478 -21201.875000
-479 -21357.750000
-480 -21282.125000
-481 -21377.000000
-482 -21354.000000
-483 -21422.500000
-484 -21367.875000
-485 -21439.250000
-486 -21415.000000
-487 -21554.875000
-488 -21439.375000
-489 -21623.000000
-490 -21457.625000
-491 -21765.125000
-492 -21491.250000
-493 -21862.250000
-494 -21741.375000
-495 -21966.000000
-496 -21884.625000
-497 -21978.625000
-498 -21890.625000
-499 -22061.750000
-500 -21919.125000
-501 -22138.250000
-502 -21997.875000
-503 -22156.000000
-504 -22095.625000
-505 -22192.125000
-506 -22133.125000
-507 -22228.750000
-508 -22186.500000
-509 -22310.875000
-510 -22223.625000
-511 -22334.875000
-512 -22259.625000
-513 -22433.250000
-514 -22299.875000
-515 -22482.375000
-516 -22323.625000
-517 -22500.500000
-518 -22389.500000
-519 -22500.500000
-520 -22366.625000
-521 -22670.250000
-522 -22436.875000
-523 -22701.875000
-524 -22597.000000
-525 -22745.250000
-526 -22700.875000
-527 -22743.000000
-528 -22727.000000
-529 -23004.625000
-530 -22789.625000
-531 -23017.250000
-532 -22901.125000
-533 -23147.500000
-534 -22963.250000
-535 -23181.250000
-536 -22981.250000
-537 -23220.625000
-538 -23121.625000
-539 -23280.500000
-540 -23246.625000
-541 -23284.000000
-542 -23233.000000
-543 -23296.375000
-544 -23276.500000
-545 -23475.625000
-546 -23430.625000
-547 -23565.500000
-548 -23455.500000
-549 -23584.750000
-550 -23597.750000
-551 -23649.125000
-552 -23593.250000
-553 -23763.000000
-554 -23611.000000
-555 -23782.250000
-556 -23692.000000
-557 -23897.500000
-558 -23848.750000
-559 -23918.625000
-560 -23869.000000
-561 -23993.375000
-562 -23960.250000
-563 -24090.875000
-564 -23990.500000
-565 -24147.125000
-566 -24048.500000
-567 -24262.250000
-568 -24188.250000
-569 -24326.125000
-570 -24201.125000
-571 -24413.500000
-572 -24395.500000
-573 -24495.750000
-574 -24473.875000
-575 -24697.750000
-576 -24498.000000
-577 -24736.875000
-578 -24595.875000
-579 -24897.000000
-580 -24738.750000
-581 -24987.375000
-582 -24805.625000
-583 -24981.125000
-584 -24977.625000
-585 -25031.500000
-586 -25067.250000
-587 -25150.000000
-588 -25045.750000
-589 -25289.500000
-590 -25121.625000
-591 -25289.000000
-592 -25134.250000
-593 -25405.375000
-594 -25245.250000
-595 -25476.125000
-596 -25353.875000
-597 -25506.250000
-598 -25422.625000
-599 -25520.250000
-600 -25510.375000
-601 -25629.875000
-602 -25511.750000
-603 -25706.250000
-604 -25655.125000
-605 -25947.875000
-606 -25765.875000
-607 -25977.625000
-608 -25769.125000
-609 -25985.875000
-610 -25976.000000
-611 -26180.500000
-612 -26068.750000
-613 -26181.000000
-614 -26081.750000
-615 -26206.250000
-616 -26097.375000
-617 -26215.125000
-618 -26147.625000
-619 -26215.000000
-620 -26200.375000
-621 -26268.500000
-622 -26212.875000
-623 -26297.125000
-624 -26225.375000
-625 -26410.125000
-626 -26303.250000
-627 -26458.750000
-628 -26371.000000
-629 -26507.375000
-630 -26375.875000
-631 -26504.625000
-632 -26474.875000
-633 -26580.875000
-634 -26557.750000
-635 -26640.375000
-636 -26565.875000
-637 -26624.750000
-638 -26650.375000
-639 -26664.500000
-640 -26584.375000
-641 -26899.250000
-642 -26624.500000
-643 -26847.000000
-644 -26777.000000
-645 -26970.125000
-646 -26900.625000
-647 -27010.875000
-648 -26919.375000
-649 -27258.125000
-650 -27097.000000
-651 -27281.375000
-652 -27111.750000
-653 -27314.500000
-654 -27313.750000
-655 -27311.000000
-656 -27321.375000
-657 -27373.500000
-658 -27328.000000
-659 -27556.750000
-660 -27319.750000
-661 -27586.000000
-662 -27545.625000
-663 -27790.500000
-664 -27634.375000
-665 -27769.375000
-666 -27698.125000
-667 -27935.375000
-668 -27715.875000
-669 -27907.875000
-670 -27788.875000
-671 -28074.000000
-672 -27841.875000
-673 -27978.875000
-674 -28001.000000
-675 -28165.750000
-676 -28017.000000
-677 -28090.000000
-678 -28074.750000
-679 -28193.125000
-680 -28136.375000
-681 -28303.750000
-682 -28303.625000
-683 -28315.750000
-684 -28320.750000
-685 -28367.625000
-686 -28389.000000
-687 -28365.250000
-688 -28401.625000
-689 -28659.375000
-690 -28529.250000
-691 -28736.750000
-692 -28620.125000
-693 -29093.750000
-694 -28778.250000
-695 -29183.625000
-696 -28799.625000
-697 -29124.875000
-698 -28912.750000
-699 -29254.625000
