0 0.000000
-1 -4.661755
-2 -3.090300
-3 -7.738441
-4 -5.131468
-5 -9.804201
-6 -5.242229
-7 -9.859175
-8 -8.356311
-9 -12.912290
-10 -10.371702
-11 -15.000710
-12 -11.208459
-13 -15.825356
-14 -14.207662
-15 -18.844045
-16 -16.359849
-17 -20.978608
-18 -17.595255
-19 -22.187408
-20 -20.602162
-21 -25.217852
-22 -22.804842
-23 -27.425785
-24 -24.289405
-25 -28.890313
-26 -27.268603
-27 -31.867154
-28 -29.537254
-29 -34.038976
-30 -31.144502
-31 -35.697057
-32 -34.121220
-33 -38.786999
-34 -36.351753
-35 -41.091556
-36 -38.152260
-37 -42.930448
-38 -41.170505
-39 -45.972956
-40 -43.526733
-41 -48.290205
-42 -45.494690
-43 -50.186228
-44 -48.502745
-45 -53.195787
-46 -50.912254
-47 -55.626686
-48 -52.909547
-49 -57.714863
-50 -55.964246
-51 -60.662807
-52 -58.410302
-53 -63.115247
-54 -60.519135
-55 -65.269101
-56 -63.525083
-57 -68.341055
-58 -66.038542
-59 -70.768922
-60 -68.289682
-61 -73.042299
-62 -71.298806
-63 -76.088443
-64 -73.735435
-65 -78.594864
-66 -76.098536
-67 -80.888186
-68 -79.110358
-69 -83.825303
-70 -81.633638
-71 -86.378911
-72 -83.977776
-73 -88.728652
-74 -87.006898
-75 -91.782148
-76 -89.547958
-77 -94.358907
-78 -91.948150
-79 -96.786958
-80 -94.962536
-81 -99.805770
-82 -97.616247
-83 -102.387242
-84 -100.127526
-85 -104.889474
-86 -103.062485
-87 -107.859028
-88 -105.664452
-89 -110.478106
-90 -108.185675
-91 -112.994231
-92 -111.212638
-93 -115.995881
-94 -113.861636
-95 -118.634060
-96 -116.407825
-97 -121.257069
-98 -119.412590
-99 -124.277493
-100 -122.093310
-101 -126.936280
-102 -124.724644
-103 -129.534261
-104 -127.703631
-105 -132.615083
-106 -130.444557
-107 -135.266663
-108 -133.095757
-109 -137.974279
-110 -136.151817
-111 -141.020456
-112 -138.878289
-113 -143.717402
-114 -141.552210
-115 -146.470579
-116 -144.631038
-117 -149.488759
-118 -147.344637
-119 -152.234529
-120 -150.068048
-121 -154.942096
-122 -153.072022
-123 -158.065254
-124 -155.876283
-125 -160.877267
-126 -158.631747
-127 -163.619262
-128 -161.742138
-129 -166.702394
-130 -164.567559
-131 -169.521701
-132 -167.330164
-133 -172.270339
-134 -170.430358
-135 -175.431918
-136 -173.244805
-137 -178.231898
-138 -176.092989
-139 -181.062711
-140 -179.191072
-141 -184.186445
-142 -182.029879
-143 -186.990363
-144 -184.865589
-145 -189.865040
-146 -188.024365
-147 -193.017354
-148 -190.848605
-149 -195.884684
-150 -193.754324
-151 -198.767824
-152 -196.843005
-153 -201.856309
-154 -199.754776
-155 -204.767994
-156 -202.606641
-157 -207.678885
-158 -205.737774
-159 -210.818748
-160 -208.672909
-161 -213.749039
-162 -211.598713
-163 -216.681181
-164 -214.707757
-165 -219.801103
-166 -217.619020
-167 -222.745708
-168 -220.561156
-169 -225.773641
-170 -223.719316
-171 -228.911131
-172 -226.700720
-173 -231.869414
-174 -229.713123
-175 -234.826227
-176 -232.871940
-177 -238.046003
-178 -235.881675
-179 -240.982582
-180 -238.853726
-181 -243.980481
-182 -242.010315
-183 -247.134331
-184 -244.956784
-185 -250.132328
-186 -247.920120
-187 -253.177499
-188 -251.124948
-189 -256.325347
-190 -254.141651
-191 -259.405428
-192 -257.185452
-193 -262.402602
-194 -260.281769
-195 -265.514526
-196 -263.376773
-197 -268.525732
-198 -266.430375
-199 -271.552980
-200 -269.539860
-201 -274.676712
-202 -272.556703
-203 -277.725621
-204 -275.617623
-205 -280.796611
-206 -278.678071
-207 -283.902489
-208 -281.780566
-209 -286.992608
-210 -284.831115
-211 -290.069901
-212 -287.900174
-213 -293.123851
-214 -290.939238
-215 -296.183779
-216 -293.947489
-217 -299.236994
-218 -297.070798
-219 -302.291132
-220 -300.129384
-221 -305.389090
-222 -303.139085
-223 -308.416516
-224 -306.254183
-225 -311.524792
-226 -309.374127
-227 -314.652161
-228 -312.366185
-229 -317.705914
-230 -315.506580
-231 -320.746072
-232 -318.572579
-233 -323.815769
-234 -321.635770
-235 -326.921913
-236 -324.700025
-237 -329.966259
-238 -327.786462
-239 -333.013110
-240 -330.772717
-241 -336.087804
-242 -333.831169
-243 -339.114981
-244 -336.877664
-245 -342.161408
-246 -339.960420
-247 -345.254549
-248 -342.988576
-249 -348.317296
-250 -345.999524
-251 -351.391405
-252 -349.118979
-253 -354.407170
-254 -352.186214
-255 -357.489147
-256 -355.253141
-257 -360.584463
-258 -358.301896
-259 -363.602895
-260 -361.374129
-261 -366.689123
-262 -364.419271
-263 -369.825577
-264 -367.485119
-265 -372.927385
-266 -370.565179
-267 -376.017550
-268 -373.593946
-269 -379.011022
-270 -376.719817
-271 -382.136044
-272 -379.749758
-273 -385.201066
-274 -382.891769
-275 -388.305064
-276 -385.961621
-277 -391.341637
-278 -389.051435
-279 -394.449435
-280 -392.062399
-281 -397.493546
-282 -395.156516
-283 -400.545784
-284 -398.241049
-285 -403.577184
-286 -401.262068
-287 -406.639502
-288 -404.300172
-289 -409.767735
-290 -407.358351
-291 -412.825361
-292 -410.417542
-293 -415.876138
-294 -413.506076
-295 -418.937021
-296 -416.566257
-297 -422.069581
-298 -419.644769
-299 -425.170254
-300 -422.803654
-301 -428.235675
-302 -425.893921
-303 -431.351704
-304 -428.949439
-305 -434.416132
-306 -432.018416
-307 -437.571058
-308 -435.088800
-309 -440.611966
-310 -438.220277
-311 -443.730410
-312 -441.279257
-313 -446.817410
-314 -444.340156
-315 -449.909950
-316 -447.499895
-317 -453.008417
-318 -450.578599
-319 -456.124299
-320 -453.665431
-321 -459.170931
-322 -456.775675
-323 -462.368618
-324 -459.876321
-325 -465.390662
-326 -462.920924
-327 -468.505096
-328 -466.043027
-329 -471.606415
-330 -469.143104
-331 -474.713730
-332 -472.263020
-333 -477.788726
-334 -475.344618
-335 -480.908732
-336 -478.409020
-337 -484.065569
-338 -481.530731
-339 -487.147779
-340 -484.639616
-341 -490.340039
-342 -487.830457
-343 -493.463284
-344 -490.969187
-345 -496.562770
-346 -494.094898
-347 -499.764256
-348 -497.119594
-349 -502.821199
-350 -500.234001
-351 -505.971092
-352 -503.472186
-353 -509.078751
-354 -506.483335
-355 -512.176414
-356 -509.628351
-357 -515.322445
-358 -512.745209
-359 -518.448836
-360 -515.865343
-361 -521.518617
-362 -518.951963
-363 -524.652225
-364 -522.027719
-365 -527.831459
-366 -525.185631
-367 -530.943106
-368 -528.299342
-369 -534.040167
-370 -531.469612
-371 -537.159359
-372 -534.549940
-373 -540.311252
-374 -537.736395
-375 -543.435345
-376 -540.819911
-377 -546.632606
-378 -543.948570
-379 -549.725845
-380 -547.066064
-381 -552.800344
-382 -550.219516
-383 -555.934863
-384 -553.361154
-385 -559.053529
-386 -556.460548
-387 -562.240478
-388 -559.517379
-389 -565.348303
-390 -562.698232
-391 -568.458840
-392 -565.816178
-393 -571.639633
-394 -568.945460
-395 -574.744344
-396 -572.043630
-397 -577.940502
-398 -575.221769
-399 -581.127872
-400 -578.404329
-401 -584.228077
-402 -581.521222
-403 -587.360385
-404 -584.642283
-405 -590.513183
-406 -587.789119
-407 -593.691143
-408 -590.946637
-409 -596.904414
-410 -594.055915
-411 -600.026760
-412 -597.241124
-413 -603.192760
-414 -600.418565
-415 -606.367045
-416 -603.592317
-417 -609.534771
-418 -606.777425
-419 -612.603085
-420 -609.834943
-421 -615.780271
-422 -612.987823
-423 -618.956542
-424 -616.042649
-425 -622.106663
-426 -619.230887
-427 -625.242743
-428 -622.474701
-429 -628.396106
-430 -625.539324
-431 -631.538249
-432 -628.699712
-433 -634.649908
-434 -631.907105
-435 -637.875248
-436 -635.060356
-437 -640.992209
-438 -638.152405
-439 -644.101155
-440 -641.271444
-441 -647.282189
-442 -644.448997
-443 -650.425775
-444 -647.610773
-445 -653.627412
-446 -650.824809
-447 -656.743851
-448 -653.927567
-449 -660.012519
-450 -657.144341
-451 -663.156705
-452 -660.381927
-453 -666.317199
-454 -663.497523
-455 -669.509528
-456 -666.657596
-457 -672.728079
-458 -669.887692
-459 -675.901012
-460 -673.018145
-461 -679.113195
-462 -676.176898
-463 -682.341055
-464 -679.375084
-465 -685.529752
-466 -682.542057
-467 -688.719884
-468 -685.746939
-469 -691.926225
-470 -688.890243
-471 -695.143638
-472 -692.115402
-473 -698.353987
-474 -695.249722
-475 -701.557044
-476 -698.485353
-477 -704.711215
-478 -701.705503
-479 -708.017501
-480 -704.846008
-481 -711.152678
-482 -708.112852
-483 -714.411458
-484 -711.382277
-485 -717.661047
-486 -714.535600
-487 -720.795926
-488 -717.751538
-489 -723.922590
-490 -720.939766
-491 -727.144251
-492 -724.124089
-493 -730.372746
-494 -727.242083
-495 -733.538431
-496 -730.481677
-497 -736.849466
-498 -733.627490
-499 -740.029021
-500 -736.873948
-501 -743.239529
-502 -740.074468
-503 -746.423329
-504 -743.348937
-505 -749.666283
-506 -746.508684
-507 -752.931314
-508 -749.769163
-509 -756.174914
-510 -752.885366
-511 -759.361655
-512 -756.182716
-513 -762.644474
-514 -759.449909
-515 -765.839108
-516 -762.646346
-517 -769.068727
-518 -765.881438
-519 -772.264992
-520 -769.095160
-521 -775.508925
-522 -772.334679
-523 -778.811090
-524 -775.558639
-525 -782.046626
-526 -778.765265
-527 -785.254482
-528 -781.999743
-529 -788.490830
-530 -785.249912
-531 -791.686370
-532 -788.529176
-533 -794.844543
-534 -791.652588
-535 -797.999625
-536 -794.884193
-537 -801.338363
-538 -798.038647
-539 -804.568041
-540 -801.224952
-541 -807.793272
-542 -804.497355
-543 -810.989327
-544 -807.675089
-545 -814.185179
-546 -810.913406
-547 -817.395865
-548 -814.192454
-549 -820.587064
-550 -817.330362
-551 -823.755518
-552 -820.521570
-553 -827.058533
-554 -823.790648
-555 -830.412779
-556 -827.051774
-557 -833.675040
-558 -830.210849
-559 -836.907447
-560 -833.629106
-561 -840.210337
-562 -836.846296
-563 -843.433680
-564 -840.025514
-565 -846.679827
-566 -843.288030
-567 -849.983283
-568 -846.574772
-569 -853.249185
-570 -849.747096
-571 -856.576797
-572 -853.141582
-573 -859.947062
-574 -856.374343
-575 -863.075796
-576 -859.672511
-577 -866.398888
-578 -862.969710
-579 -869.655671
-580 -866.105540
-581 -872.968643
-582 -869.410533
-583 -876.202068
-584 -872.728289
-585 -879.490653
-586 -876.004771
-587 -882.767358
-588 -879.250322
-589 -886.184187
-590 -882.439960
-591 -889.365541
-592 -885.774428
-593 -892.644505
-594 -889.050917
-595 -895.932670
-596 -892.205147
-597 -899.120218
-598 -895.554860
-599 -902.401011
-600 -898.842177
-601 -905.780356
-602 -902.079740
-603 -909.084941
-604 -905.361781
-605 -912.399038
-606 -908.803458
-607 -915.653356
-608 -912.113955
-609 -918.960816
-610 -915.360349
-611 -922.255293
-612 -918.626351
-613 -925.682747
-614 -921.885347
-615 -928.974281
-616 -925.276745
-617 -932.341372
-618 -928.682117
-619 -935.722686
-620 -931.966161
-621 -939.059638
-622 -935.231914
-623 -942.338363
-624 -938.694709
-625 -945.729845
-626 -941.992855
-627 -948.991323
-628 -945.274936
-629 -952.350562
-630 -948.614977
-631 -955.774814
-632 -951.876213
-633 -959.072859
-634 -955.232603
-635 -962.374873
-636 -958.548797
-637 -965.723599
-638 -962.007706
-639 -969.120704
-640 -965.191898
-641 -972.450955
-642 -968.620265
-643 -975.860415
-644 -971.943602
-645 -979.134835
-646 -975.201639
-647 -982.456848
-648 -978.665560
-649 -985.863789
-650 -981.873653
-651 -989.046825
-652 -985.285504
-653 -992.494430
-654 -988.625512
-655 -995.861712
-656 -991.871300
-657 -999.195153
-658 -995.281790
-659 -1002.522418
-660 -998.553562
-661 -1005.823317
-662 -1001.908558
-663 -1009.281164
-664 -1005.231094
-665 -1012.605661
-666 -1008.465898
-667 -1015.799137
-668 -1011.820851
-669 -1019.248702
-670 -1015.170251
-671 -1022.601694
-672 -1018.335686
-673 -1025.839952
-674 -1021.640551
-675 -1029.149593
-676 -1024.910432
-677 -1032.398585
-678 -1027.958159
-679 -1035.537377
-680 -1031.077778
-681 -1038.618081
-682 -1034.017688
-683 -1041.701815
-684 -1037.092691
-685 -1044.760675
-686 -1040.017632
-687 -1047.759059
-688 -1043.031437
-689 -1050.678174
-690 -1045.600556
-691 -1053.336669
-692 -1048.801059
-693 -1056.492413
-694 -1050.663012
-695 -1058.335603
-696 -1054.243286
-697 -1061.750321
-698 -1055.419816
-699 -1063.193707
