0 0.000000
-1 -6.154053
-2 -3.404053
-3 -8.322998
-4 -6.066162
-5 -11.665039
-6 -6.864746
-7 -11.303955
-8 -9.822510
-9 -15.115234
-10 -12.307129
-11 -17.538086
-12 -13.903809
-13 -18.335449
-14 -16.347412
-15 -20.851562
-16 -18.457031
-17 -23.697998
-18 -19.755615
-19 -25.197021
-20 -22.420166
-21 -27.860840
-22 -25.605225
-23 -29.995117
-24 -26.313965
-25 -30.822510
-26 -29.096680
-27 -34.098389
-28 -30.682617
-29 -35.618896
-30 -33.165283
-31 -37.984375
-32 -36.022461
-33 -40.963379
-34 -38.878906
-35 -43.520264
-36 -40.286865
-37 -45.580811
-38 -43.573730
-39 -48.243896
-40 -46.529053
-41 -50.222656
-42 -47.947510
-43 -53.133057
-44 -52.294922
-45 -55.705811
-46 -54.398193
-47 -59.401611
-48 -55.626221
-49 -61.345215
-50 -58.977295
-51 -63.767090
-52 -61.461182
-53 -65.969971
-54 -63.958496
-55 -67.477051
-56 -67.102539
-57 -70.537598
-58 -68.872803
-59 -72.733643
-60 -70.864258
-61 -74.593750
-62 -73.342773
-63 -77.676514
-64 -76.113525
-65 -79.960205
-66 -78.581299
-67 -83.725830
-68 -81.407715
-69 -86.397949
-70 -84.622070
-71 -88.570068
-72 -87.085449
-73 -91.383057
-74 -88.922852
-75 -94.513916
-76 -92.561768
-77 -96.696777
-78 -94.812988
-79 -99.178467
-80 -98.303955
-81 -103.239014
-82 -100.840820
-83 -104.983887
-84 -103.234131
-85 -108.252686
-86 -107.228760
-87 -111.270996
-88 -108.831055
-89 -113.856445
-90 -111.327881
-91 -116.624756
-92 -115.448486
-93 -120.510254
-94 -117.780273
-95 -123.049072
-96 -120.582520
-97 -125.935547
-98 -123.587402
-99 -129.123291
-100 -126.522217
-101 -132.435547
-102 -129.059326
-103 -135.538086
-104 -132.658203
-105 -138.115479
-106 -135.836182
-107 -141.227539
-108 -139.253174
-109 -144.935059
-110 -142.460938
-111 -147.581543
-112 -145.390137
-113 -149.400391
-114 -147.916504
-115 -151.883057
-116 -150.770508
-117 -155.941162
-118 -153.174072
-119 -158.592041
-120 -156.162598
-121 -161.547607
-122 -159.776367
-123 -165.146729
-124 -163.053223
-125 -168.800781
-126 -166.322266
-127 -170.628906
-128 -168.223145
-129 -174.821533
-130 -171.918213
-131 -178.165771
-132 -175.083008
-133 -180.213379
-134 -178.499268
-135 -184.449219
-136 -181.883545
-137 -187.077881
-138 -183.769287
-139 -190.002686
-140 -188.477051
-141 -192.968506
-142 -191.216309
-143 -195.744873
-144 -193.878662
-145 -197.940430
-146 -196.860840
-147 -201.508301
-148 -199.468994
-149 -204.468018
-150 -202.010986
-151 -207.244873
-152 -205.056396
-153 -210.165039
-154 -208.358643
-155 -213.279297
-156 -211.761963
-157 -216.082031
-158 -215.163330
-159 -219.763672
-160 -218.014648
-161 -222.672852
-162 -221.198730
-163 -225.642578
-164 -224.220459
-165 -228.516113
-166 -227.000244
-167 -231.862305
-168 -230.035889
-169 -234.601074
-170 -233.158203
-171 -237.968994
-172 -235.880859
-173 -241.031006
-174 -239.246826
-175 -243.381104
-176 -241.559814
-177 -246.703369
-178 -244.821533
-179 -248.978516
-180 -247.780029
-181 -252.114502
-182 -251.161133
-183 -255.210449
-184 -254.399170
-185 -258.103027
-186 -256.896973
-187 -260.885742
-188 -259.767578
-189 -264.110596
-190 -262.228760
-191 -266.949951
-192 -265.238037
-193 -270.951660
-194 -267.573730
-195 -274.204102
-196 -271.258301
-197 -276.959961
-198 -275.921875
-199 -280.047607
-200 -279.300781
-201 -284.141113
-202 -281.577148
-203 -286.572998
-204 -284.121338
-205 -289.819336
-206 -287.953857
-207 -292.692139
-208 -290.877930
-209 -296.280273
-210 -293.846924
-211 -298.933594
-212 -297.552490
-213 -302.572998
-214 -299.686279
-215 -305.825928
-216 -303.677002
-217 -310.205322
-218 -307.554199
-219 -314.938477
-220 -311.528320
-221 -318.109131
-222 -316.048584
-223 -321.700684
-224 -319.730957
-225 -325.486328
-226 -321.941162
-227 -328.541016
-228 -325.295654
-229 -331.686523
-230 -328.969482
-231 -334.293213
-232 -332.303711
-233 -337.862793
-234 -335.326660
-235 -341.239502
-236 -339.561279
-237 -343.368164
-238 -342.651367
-239 -346.776367
-240 -345.537354
-241 -350.226074
-242 -349.206299
-243 -353.797607
-244 -352.416504
-245 -356.598145
-246 -354.568359
-247 -359.578613
-248 -357.286865
-249 -362.491943
-250 -361.474854
-251 -366.879639
-252 -363.725830
-253 -371.044189
-254 -366.672119
-255 -373.779297
-256 -370.899170
-257 -376.602539
-258 -373.879883
-259 -379.783447
-260 -377.137695
-261 -383.263184
-262 -380.360840
-263 -386.580322
-264 -383.529053
-265 -390.322998
-266 -387.779053
-267 -392.762695
-268 -390.779785
-269 -395.652344
-270 -393.360107
-271 -398.849854
-272 -396.239258
-273 -401.739990
-274 -399.811523
-275 -405.192383
-276 -402.787598
-277 -409.067139
-278 -405.748535
-279 -412.414307
-280 -408.851562
-281 -414.726318
-282 -413.084473
-283 -418.273193
-284 -415.899414
-285 -421.696777
-286 -419.363281
-287 -424.019531
-288 -422.231201
-289 -428.253662
-290 -425.660645
-291 -430.746826
-292 -428.768799
-293 -434.872559
-294 -431.783447
-295 -437.892090
-296 -435.163086
-297 -441.567139
-298 -438.490723
-299 -444.857178
-300 -441.410645
-301 -447.727783
-302 -444.821777
-303 -450.853027
-304 -448.286621
-305 -453.137695
-306 -451.745361
-307 -456.479492
-308 -453.811035
-309 -461.145752
-310 -458.186523
-311 -464.562256
-312 -461.529541
-313 -468.441895
-314 -465.220703
-315 -470.547852
-316 -467.587646
-317 -473.586182
-318 -471.428223
-319 -476.955078
-320 -473.656982
-321 -480.012451
-322 -476.739990
-323 -483.090332
-324 -480.555664
-325 -487.129639
-326 -483.855957
-327 -489.918213
-328 -486.959961
-329 -493.197021
-330 -490.787598
-331 -496.978027
-332 -493.572021
-333 -499.625977
-334 -496.119873
-335 -502.514404
-336 -499.694092
-337 -505.786377
-338 -504.187744
-339 -509.568604
-340 -507.585205
-341 -513.149658
-342 -509.778809
-343 -516.124268
-344 -512.779053
-345 -519.804443
-346 -516.480469
-347 -522.274414
-348 -519.227783
-349 -526.049805
-350 -523.531494
-351 -529.396973
-352 -526.330322
-353 -532.307129
-354 -529.335938
-355 -535.238770
-356 -532.365479
-357 -538.120850
-358 -535.037842
-359 -541.204346
-360 -539.034180
-361 -545.513184
-362 -542.836426
-363 -548.041016
-364 -545.204834
-365 -552.006104
-366 -548.527344
-367 -555.436768
-368 -552.414307
-369 -558.000244
-370 -555.217041
-371 -560.755615
-372 -558.308350
-373 -564.924072
-374 -560.947266
-375 -567.883301
-376 -563.902344
-377 -569.635498
-378 -567.841553
-379 -573.783936
-380 -571.226318
-381 -577.746826
-382 -574.462891
-383 -580.208252
-384 -578.399170
-385 -583.251221
-386 -580.458008
-387 -586.824951
-388 -583.544434
-389 -589.270752
-390 -586.881592
-391 -592.993652
-392 -589.196289
-393 -596.426758
-394 -593.448242
-395 -600.113770
-396 -596.171875
-397 -603.550537
-398 -599.632812
-399 -606.551025
-400 -602.830566
-401 -609.018311
-402 -606.358887
-403 -611.772461
-404 -609.465576
-405 -615.421631
-406 -611.995117
-407 -618.296143
-408 -615.646973
-409 -621.400635
-410 -618.343994
-411 -624.994141
-412 -621.860107
-413 -627.506348
-414 -625.176758
-415 -631.481689
-416 -629.242676
-417 -634.458496
-418 -631.828369
-419 -636.753174
-420 -635.166992
-421 -640.247803
-422 -637.803955
-423 -643.244385
-424 -640.041504
-425 -645.806641
-426 -643.131104
-427 -648.871338
-428 -647.118408
-429 -652.628662
-430 -650.236084
-431 -656.879150
-432 -653.159912
-433 -660.451172
-434 -656.226074
-435 -665.140869
-436 -660.673584
-437 -667.491455
-438 -665.258545
-439 -671.242188
-440 -668.636230
-441 -674.418945
-442 -671.767090
-443 -677.279541
-444 -675.227051
-445 -680.869141
-446 -677.684082
-447 -683.977051
-448 -680.918213
-449 -687.875488
-450 -684.425049
-451 -689.196045
-452 -686.307373
-453 -693.333740
-454 -691.460449
-455 -696.718750
-456 -695.037598
-457 -700.337646
-458 -698.136719
-459 -705.008545
-460 -701.353271
-461 -708.178223
-462 -705.533691
-463 -712.560547
-464 -709.790771
-465 -715.757568
-466 -713.764648
-467 -719.726807
-468 -716.152344
-469 -723.595947
-470 -720.258301
-471 -726.085205
-472 -723.119385
-473 -729.691650
-474 -727.362305
-475 -733.139160
-476 -729.773682
-477 -735.882324
-478 -732.659180
-479 -738.449463
-480 -736.574463
-481 -742.931885
-482 -738.719971
-483 -745.776367
-484 -742.557617
-485 -749.180420
-486 -747.180664
-487 -753.330811
-488 -748.819580
-489 -756.361572
-490 -752.476318
-491 -760.415771
-492 -757.023926
-493 -764.281738
-494 -760.712402
-495 -767.894043
-496 -764.556152
-497 -770.694580
-498 -767.292480
-499 -773.949463
-500 -770.704834
-501 -777.228760
-502 -772.498291
-503 -780.243164
-504 -777.460693
-505 -784.447510
-506 -780.890625
-507 -787.622803
-508 -784.130859
-509 -790.270752
-510 -787.653076
-511 -793.719727
-512 -790.583252
-513 -797.585693
-514 -792.896973
-515 -800.480469
-516 -797.603271
-517 -803.640137
-518 -800.762207
-519 -808.594482
-520 -803.807861
-521 -812.059326
-522 -808.350098
-523 -814.937500
-524 -811.390625
-525 -818.036133
-526 -814.590332
-527 -821.000732
-528 -817.107178
-529 -825.516846
-530 -821.154785
-531 -827.924561
-532 -824.757324
-533 -830.405273
-534 -827.799072
-535 -835.428467
-536 -831.704102
-537 -838.824463
-538 -834.921143
-539 -841.812744
-540 -838.606201
-541 -845.148438
-542 -842.638428
-543 -848.148438
-544 -845.074219
-545 -851.914551
-546 -849.321533
-547 -855.181641
-548 -852.195557
-549 -859.224121
-550 -856.142334
-551 -861.293945
-552 -858.358154
-553 -865.920898
-554 -861.634277
-555 -869.339111
-556 -865.512451
-557 -871.817627
-558 -868.561768
-559 -874.947754
-560 -871.921387
-561 -879.081299
-562 -876.740723
-563 -882.328369
-564 -880.135498
-565 -884.674316
-566 -883.039062
-567 -889.189941
-568 -886.532715
-569 -891.655518
-570 -888.705811
-571 -894.004150
-572 -891.914307
-573 -897.053955
-574 -894.969482
-575 -901.184814
-576 -898.250244
-577 -903.843262
-578 -902.371094
-579 -908.793945
-580 -904.885986
-581 -912.049561
-582 -907.831299
-583 -915.505371
-584 -912.540283
-585 -920.137451
-586 -915.067383
-587 -923.264160
-588 -919.290771
-589 -927.218018
-590 -923.611572
-591 -930.340820
-592 -926.959961
-593 -935.198486
-594 -930.537354
-595 -938.503418
-596 -934.367188
-597 -941.720459
-598 -938.971924
-599 -944.523193
-600 -942.183838
-601 -948.227051
-602 -945.677002
-603 -951.562012
-604 -948.089600
-605 -954.497559
-606 -952.166992
-607 -959.834961
-608 -956.590088
-609 -964.028809
-610 -959.072266
-611 -966.626221
-612 -962.744385
-613 -969.197510
-614 -966.156738
-615 -972.215576
-616 -968.532227
-617 -976.837891
-618 -971.664551
-619 -979.210205
-620 -974.678711
-621 -982.448975
-622 -976.994385
-623 -985.839355
-624 -981.023926
-625 -989.677246
-626 -984.562500
-627 -992.291016
-628 -988.332520
-629 -995.542725
-630 -991.883789
-631 -999.414307
-632 -996.108643
-633 -1003.707275
-634 -998.881836
-635 -1007.299805
-636 -1002.698242
-637 -1010.690186
-638 -1006.487793
-639 -1013.503662
-640 -1010.181641
-641 -1016.664795
-642 -1013.329590
-643 -1020.852295
-644 -1016.835205
-645 -1026.683594
-646 -1021.792236
-647 -1030.085205
-648 -1025.432373
-649 -1033.619873
-650 -1029.195801
-651 -1036.064453
-652 -1032.521484
-653 -1040.333496
-654 -1036.268066
-655 -1043.981445
-656 -1039.392578
-657 -1048.141602
-658 -1042.602051
-659 -1051.952881
-660 -1045.920166
-661 -1056.942871
-662 -1052.059326
-663 -1060.255859
-664 -1055.835938
-665 -1064.568848
-666 -1060.788574
-667 -1068.128662
-668 -1063.553955
-669 -1072.319336
-670 -1067.170410
-671 -1076.705078
-672 -1070.774170
-673 -1079.791992
-674 -1074.424805
-675 -1083.595459
-676 -1079.301514
-677 -1085.903564
-678 -1083.286865
-679 -1090.950684
-680 -1085.672119
-681 -1094.840576
-682 -1089.357178
-683 -1097.044678
-684 -1093.632080
-685 -1101.460693
-686 -1096.781738
-687 -1104.763672
-688 -1099.668213
-689 -1109.502686
-690 -1103.873779
-691 -1113.314941
-692 -1109.651611
-693 -1118.364746
-694 -1111.796143
-695 -1124.422852
-696 -1116.726807
-697 -1127.136475
-698 -1120.910400
-699 -1130.157471
