0 0.000000
-1 -43.187500
-2 -0.062500
-3 -78.093750
-4 -124.937500
-5 -149.750000
-6 -141.812500
-7 -158.000000
-8 -150.093750
-9 -287.000000
-10 -178.781250
-11 -306.531250
-12 -196.937500
-13 -370.187500
-14 -315.625000
-15 -383.562500
-16 -367.375000
-17 -402.968750
-18 -326.406250
-19 -399.812500
-20 -372.250000
-21 -419.468750
-22 -405.937500
-23 -414.656250
-24 -406.187500
-25 -421.937500
-26 -424.593750
-27 -442.593750
-28 -429.093750
-29 -453.125000
-30 -442.937500
-31 -453.875000
-32 -455.250000
-33 -477.718750
-34 -453.750000
-35 -477.218750
-36 -454.500000
-37 -505.750000
-38 -473.968750
-39 -532.218750
-40 -524.343750
-41 -548.937500
-42 -545.250000
-43 -550.625000
-44 -572.718750
-45 -617.187500
-46 -602.500000
-47 -638.562500
-48 -611.031250
-49 -648.343750
-50 -645.250000
-51 -702.750000
-52 -690.500000
-53 -717.250000
-54 -709.437500
-55 -733.687500
-56 -715.406250
-57 -785.125000
-58 -716.968750
-59 -823.656250
-60 -785.406250
-61 -874.687500
-62 -801.000000
-63 -910.375000
-64 -866.750000
-65 -911.593750
-66 -890.718750
-67 -930.750000
-68 -913.093750
-69 -949.906250
-70 -934.125000
-71 -956.906250
-72 -933.250000
-73 -1011.906250
-74 -997.625000
-75 -1054.062500
-76 -994.625000
-77 -1069.500000
-78 -1001.218750
-79 -1070.250000
-80 -1075.906250
-81 -1083.156250
-82 -1029.250000
-83 -1131.156250
-84 -1086.250000
-85 -1118.593750
-86 -1118.875000
-87 -1134.656250
-88 -1112.218750
-89 -1155.281250
-90 -1134.093750
-91 -1165.093750
-92 -1158.125000
-93 -1189.937500
-94 -1162.093750
-95 -1188.000000
-96 -1172.093750
-97 -1202.812500
-98 -1195.500000
-99 -1241.562500
-100 -1178.625000
-101 -1241.843750
-102 -1208.218750
-103 -1251.781250
-104 -1235.250000
-105 -1274.000000
-106 -1232.750000
-107 -1289.968750
-108 -1264.718750
-109 -1332.812500
-110 -1334.812500
-111 -1384.250000
-112 -1336.750000
-113 -1392.250000
-114 -1403.468750
-115 -1404.156250
-116 -1384.406250
-117 -1426.843750
-118 -1433.093750
-119 -1435.281250
-120 -1433.468750
-121 -1490.656250
-122 -1444.500000
-123 -1495.156250
-124 -1490.937500
-125 -1555.593750
-126 -1494.562500
-127 -1554.281250
-128 -1505.937500
-129 -1570.343750
-130 -1547.531250
-131 -1606.843750
-132 -1593.625000
-133 -1620.468750
-134 -1605.156250
-135 -1655.156250
-136 -1608.437500
-137 -1690.187500
-138 -1623.156250
-139 -1709.406250
-140 -1660.937500
-141 -1751.531250
-142 -1687.343750
-143 -1759.031250
-144 -1710.468750
-145 -1780.843750
-146 -1750.437500
-147 -1773.562500
-148 -1775.718750
-149 -1788.781250
-150 -1790.437500
-151 -1804.968750
-152 -1793.531250
-153 -1822.125000
-154 -1798.875000
-155 -1851.375000
-156 -1855.125000
-157 -1859.531250
-158 -1862.187500
-159 -1958.125000
-160 -1872.187500
-161 -1961.031250
-162 -1923.250000
-163 -1985.593750
-164 -1946.312500
-165 -2007.218750
-166 -2008.593750
-167 -2024.062500
-168 -2016.781250
-169 -2074.718750
-170 -2016.812500
-171 -2145.718750
-172 -2038.343750
-173 -2175.406250
-174 -2073.531250
-175 -2215.437500
-176 -2175.593750
-177 -2221.343750
-178 -2185.156250
-179 -2275.562500
-180 -2225.343750
-181 -2299.687500
-182 -2233.156250
-183 -2401.718750
-184 -2313.375000
-185 -2460.250000
-186 -2441.656250
-187 -2481.812500
-188 -2449.187500
-189 -2504.250000
-190 -2462.437500
-191 -2519.625000
-192 -2500.750000
-193 -2545.093750
-194 -2522.000000
-195 -2554.656250
-196 -2528.968750
-197 -2561.406250
-198 -2552.937500
-199 -2555.250000
-200 -2554.031250
-201 -2568.531250
-202 -2563.062500
-203 -2577.500000
-204 -2566.375000
-205 -2611.906250
-206 -2567.687500
-207 -2628.031250
-208 -2576.875000
-209 -2649.875000
-210 -2632.781250
-211 -2644.906250
-212 -2639.250000
-213 -2688.968750
-214 -2682.625000
-215 -2686.843750
-216 -2690.125000
-217 -2703.000000
-218 -2698.125000
-219 -2779.656250
-220 -2709.781250
-221 -2810.281250
-222 -2758.062500
-223 -2842.250000
-224 -2780.906250
-225 -2850.343750
-226 -2834.093750
-227 -2881.531250
-228 -2876.781250
-229 -2901.125000
-230 -2879.531250
-231 -2906.093750
-232 -2885.531250
-233 -2931.312500
-234 -2913.062500
-235 -2939.343750
-236 -2965.062500
-237 -3014.562500
-238 -3014.187500
-239 -3091.687500
-240 -3031.312500
-241 -3100.687500
-242 -3090.593750
-243 -3100.312500
-244 -3097.875000
-245 -3130.625000
-246 -3114.593750
-247 -3150.406250
-248 -3155.062500
-249 -3171.718750
-250 -3157.687500
-251 -3176.687500
-252 -3176.937500
-253 -3250.406250
-254 -3272.093750
-255 -3283.218750
-256 -3282.750000
-257 -3303.843750
-258 -3289.468750
-259 -3311.437500
-260 -3305.968750
-261 -3308.218750
-262 -3318.625000
-263 -3325.687500
-264 -3319.812500
-265 -3360.843750
-266 -3318.687500
-267 -3387.843750
-268 -3332.906250
-269 -3409.000000
-270 -3357.875000
-271 -3458.968750
-272 -3416.125000
-273 -3475.656250
-274 -3456.875000
-275 -3508.687500
-276 -3465.625000
-277 -3510.031250
-278 -3471.937500
-279 -3517.437500
-280 -3504.218750
-281 -3562.937500
-282 -3543.750000
-283 -3589.781250
-284 -3568.937500
-285 -3603.343750
-286 -3601.875000
-287 -3630.156250
-288 -3623.968750
-289 -3670.531250
-290 -3654.218750
-291 -3695.156250
-292 -3705.625000
-293 -3739.062500
-294 -3738.781250
-295 -3761.312500
-296 -3758.750000
-297 -3771.187500
-298 -3754.000000
-299 -3769.406250
-300 -3764.218750
-301 -3770.531250
-302 -3765.843750
-303 -3800.437500
-304 -3766.281250
-305 -3794.781250
-306 -3785.375000
-307 -3797.593750
-308 -3780.875000
-309 -3850.125000
-310 -3811.437500
-311 -3930.968750
-312 -3874.843750
-313 -3942.906250
-314 -3905.656250
-315 -3965.812500
-316 -3904.125000
-317 -3978.406250
-318 -3964.343750
-319 -3980.406250
-320 -3991.406250
-321 -4007.687500
-322 -4001.031250
-323 -4007.968750
-324 -3993.406250
-325 -4024.125000
-326 -4012.187500
-327 -4023.218750
-328 -4009.125000
-329 -4045.031250
-330 -4017.406250
-331 -4098.125000
-332 -4041.406250
-333 -4126.937500
-334 -4120.125000
-335 -4179.468750
-336 -4152.000000
-337 -4175.593750
-338 -4150.250000
-339 -4199.250000
-340 -4172.093750
-341 -4235.031250
-342 -4172.187500
-343 -4234.625000
-344 -4225.312500
-345 -4251.750000
-346 -4244.218750
-347 -4262.875000
-348 -4251.875000
-349 -4278.125000
-350 -4248.968750
-351 -4280.812500
-352 -4276.625000
-353 -4279.593750
-354 -4286.562500
-355 -4297.843750
-356 -4291.906250
-357 -4306.031250
-358 -4309.437500
-359 -4349.312500
-360 -4306.375000
-361 -4362.687500
-362 -4335.375000
-363 -4372.531250
-364 -4356.500000
-365 -4377.531250
-366 -4374.593750
-367 -4386.625000
-368 -4368.437500
-369 -4411.718750
-370 -4407.875000
-371 -4449.218750
-372 -4432.906250
-373 -4458.093750
-374 -4441.125000
-375 -4505.562500
-376 -4471.156250
-377 -4605.656250
-378 -4531.437500
-379 -4614.156250
-380 -4581.218750
-381 -4660.437500
-382 -4634.750000
-383 -4668.375000
-384 -4652.625000
-385 -4669.468750
-386 -4679.906250
-387 -4701.156250
-388 -4673.781250
-389 -4728.156250
-390 -4694.781250
-391 -4716.781250
-392 -4715.125000
-393 -4768.875000
-394 -4752.375000
-395 -4782.968750
-396 -4754.500000
-397 -4793.187500
-398 -4757.937500
-399 -4797.781250
-400 -4764.718750
-401 -4800.781250
-402 -4772.843750
-403 -4854.062500
-404 -4813.625000
-405 -4875.000000
-406 -4839.125000
-407 -4875.500000
-408 -4859.625000
-409 -4895.093750
-410 -4889.562500
-411 -4904.031250
-412 -4895.031250
-413 -4912.593750
-414 -4906.468750
-415 -4928.468750
-416 -4913.000000
-417 -4995.125000
-418 -4923.531250
-419 -4998.625000
-420 -4951.000000
-421 -5008.875000
-422 -4973.187500
-423 -5032.687500
-424 -5002.625000
-425 -5086.125000
-426 -5027.687500
-427 -5112.093750
-428 -5036.343750
-429 -5113.437500
-430 -5126.937500
-431 -5127.718750
-432 -5135.437500
-433 -5139.781250
-434 -5142.218750
-435 -5158.125000
-436 -5148.718750
-437 -5168.687500
-438 -5145.375000
-439 -5201.093750
-440 -5176.250000
-441 -5208.406250
-442 -5198.000000
-443 -5217.406250
-444 -5216.937500
-445 -5225.312500
-446 -5241.906250
-447 -5254.375000
-448 -5255.343750
-449 -5258.031250
-450 -5269.343750
-451 -5277.093750
-452 -5260.625000
-453 -5287.500000
-454 -5291.062500
-455 -5330.937500
-456 -5323.625000
-457 -5338.031250
-458 -5333.781250
-459 -5346.687500
-460 -5329.156250
-461 -5360.093750
-462 -5356.750000
-463 -5370.718750
-464 -5376.468750
-465 -5377.031250
-466 -5399.000000
-467 -5452.000000
-468 -5402.281250
-469 -5432.656250
-470 -5431.375000
-471 -5464.875000
-472 -5462.062500
-473 -5498.312500
-474 -5460.468750
-475 -5508.562500
-476 -5468.125000
-477 -5509.875000
-478 -5492.875000
-479 -5519.281250
-480 -5540.625000
-481 -5564.156250
-482 -5550.437500
-483 -5569.218750
-484 -5564.781250
-485 -5582.750000
-486 -5575.437500
-487 -5615.031250
-488 -5580.812500
-489 -5619.218750
-490 -5596.906250
-491 -5689.625000
-492 -5669.531250
-493 -5720.218750
-494 -5676.562500
-495 -5719.781250
-496 -5698.875000
-497 -5765.375000
-498 -5722.906250
-499 -5795.375000
-500 -5758.156250
-501 -5812.437500
-502 -5762.687500
-503 -5816.781250
-504 -5816.312500
-505 -5850.000000
-506 -5836.406250
-507 -5856.500000
-508 -5840.781250
-509 -5877.781250
-510 -5871.062500
-511 -5897.562500
-512 -5883.375000
-513 -5947.531250
-514 -5893.750000
-515 -5932.781250
-516 -5920.812500
-517 -5954.406250
-518 -5926.906250
-519 -5975.562500
-520 -5975.562500
-521 -5980.593750
-522 -5996.937500
-523 -6016.406250
-524 -6010.781250
-525 -6030.750000
-526 -6024.781250
-527 -6068.531250
-528 -6044.156250
-529 -6094.500000
-530 -6064.062500
-531 -6108.281250
-532 -6076.781250
-533 -6131.218750
-534 -6080.781250
-535 -6149.031250
-536 -6100.843750
-537 -6172.531250
-538 -6134.093750
-539 -6195.656250
-540 -6180.968750
-541 -6227.093750
-542 -6200.437500
-543 -6237.000000
-544 -6218.593750
-545 -6270.593750
-546 -6229.312500
-547 -6289.093750
-548 -6243.625000
-549 -6318.281250
-550 -6301.750000
-551 -6338.875000
-552 -6312.000000
-553 -6357.406250
-554 -6325.656250
-555 -6392.312500
-556 -6352.812500
-557 -6421.156250
-558 -6386.500000
-559 -6430.437500
-560 -6399.593750
-561 -6442.312500
-562 -6425.343750
-563 -6456.843750
-564 -6444.468750
-565 -6449.093750
-566 -6444.906250
-567 -6481.718750
-568 -6445.187500
-569 -6492.843750
-570 -6452.343750
-571 -6523.093750
-572 -6487.000000
-573 -6543.437500
-574 -6502.718750
-575 -6572.250000
-576 -6535.843750
-577 -6587.875000
-578 -6547.937500
-579 -6588.718750
-580 -6563.218750
-581 -6623.625000
-582 -6571.375000
-583 -6645.312500
-584 -6630.375000
-585 -6662.781250
-586 -6616.781250
-587 -6687.375000
-588 -6634.125000
-589 -6712.093750
-590 -6668.625000
-591 -6720.312500
-592 -6699.812500
-593 -6771.125000
-594 -6710.656250
-595 -6831.593750
-596 -6742.031250
-597 -6875.750000
-598 -6805.718750
-599 -6891.937500
-600 -6847.375000
-601 -6906.093750
-602 -6877.656250
-603 -6924.937500
-604 -6884.187500
-605 -6969.875000
-606 -6898.312500
-607 -6974.156250
-608 -6951.968750
-609 -6985.812500
-610 -6946.812500
-611 -7008.406250
-612 -6972.031250
-613 -7002.093750
-614 -7024.406250
-615 -7037.593750
-616 -7025.812500
-617 -7043.718750
-618 -7031.125000
-619 -7066.281250
-620 -7035.718750
-621 -7090.281250
-622 -7054.531250
-623 -7103.468750
-624 -7095.562500
-625 -7106.750000
-626 -7093.843750
-627 -7153.375000
-628 -7113.031250
-629 -7158.000000
-630 -7135.531250
-631 -7179.781250
-632 -7137.812500
-633 -7167.875000
-634 -7162.656250
-635 -7229.875000
-636 -7199.468750
-637 -7243.531250
-638 -7233.437500
-639 -7246.750000
-640 -7236.875000
-641 -7272.218750
-642 -7257.812500
-643 -7307.593750
-644 -7285.937500
-645 -7311.000000
-646 -7320.656250
-647 -7347.156250
-648 -7325.187500
-649 -7401.375000
-650 -7367.281250
-651 -7402.500000
-652 -7401.437500
-653 -7463.031250
-654 -7438.250000
-655 -7512.468750
-656 -7452.468750
-657 -7514.718750
-658 -7512.375000
-659 -7514.687500
-660 -7542.875000
-661 -7567.593750
-662 -7571.625000
-663 -7590.281250
-664 -7584.062500
-665 -7610.937500
-666 -7585.343750
-667 -7646.125000
-668 -7597.531250
-669 -7673.937500
-670 -7644.875000
-671 -7707.000000
-672 -7663.000000
-673 -7740.937500
-674 -7692.468750
-675 -7739.187500
-676 -7725.281250
-677 -7778.625000
-678 -7756.937500
-679 -7806.312500
-680 -7765.531250
-681 -7803.031250
-682 -7772.656250
-683 -7833.656250
-684 -7806.156250
-685 -7863.875000
-686 -7841.750000
-687 -7907.656250
-688 -7924.062500
-689 -7947.468750
-690 -7926.156250
-691 -7979.062500
-692 -7967.656250
-693 -8028.437500
-694 -7998.343750
-695 -8039.281250
-696 -8008.906250
-697 -8052.468750
-698 -8033.250000
-699 -8059.593750
