0 0.000000
-1 -4.591650
-2 -3.010539
-3 -7.607968
-4 -5.085908
-5 -9.623671
-6 -5.167644
-7 -9.766114
-8 -8.234414
-9 -12.858561
-10 -10.311316
-11 -14.929051
-12 -11.142022
-13 -15.743036
-14 -14.145119
-15 -18.794625
-16 -16.292543
-17 -20.880297
-18 -17.468290
-19 -22.079547
-20 -20.499692
-21 -25.112755
-22 -22.691399
-23 -27.327805
-24 -24.114179
-25 -28.760728
-26 -27.127598
-27 -31.799853
-28 -29.402848
-29 -34.024610
-30 -30.999448
-31 -35.660863
-32 -34.022452
-33 -38.715486
-34 -36.287555
-35 -41.013579
-36 -38.103436
-37 -42.813476
-38 -41.137690
-39 -45.858544
-40 -43.473150
-41 -48.183387
-42 -45.406912
-43 -50.095419
-44 -48.413187
-45 -53.107443
-46 -50.793918
-47 -55.490997
-48 -52.814230
-49 -57.558460
-50 -55.845792
-51 -60.564426
-52 -58.230570
-53 -62.985450
-54 -60.396798
-55 -65.107029
-56 -63.394217
-57 -68.135116
-58 -65.830306
-59 -70.614857
-60 -68.076332
-61 -72.855992
-62 -71.106871
-63 -75.861148
-64 -73.592535
-65 -78.361569
-66 -75.901943
-67 -80.672711
-68 -78.915318
-69 -83.681026
-70 -81.413019
-71 -86.202668
-72 -83.804528
-73 -88.561885
-74 -86.819183
-75 -91.602439
-76 -89.348430
-77 -94.181434
-78 -91.793161
-79 -96.595218
-80 -94.832071
-81 -99.633018
-82 -97.447473
-83 -102.221531
-84 -99.914392
-85 -104.690105
-86 -102.903357
-87 -107.721025
-88 -105.511687
-89 -110.340945
-90 -108.055404
-91 -112.879123
-92 -111.058700
-93 -115.876753
-94 -113.696781
-95 -118.511285
-96 -116.261118
-97 -121.130013
-98 -119.282252
-99 -124.150159
-100 -121.996402
-101 -126.828945
-102 -124.612931
-103 -129.442485
-104 -127.613558
-105 -132.505476
-106 -130.330001
-107 -135.195759
-108 -132.973376
-109 -137.882772
-110 -136.027588
-111 -140.901514
-112 -138.778556
-113 -143.650658
-114 -141.479924
-115 -146.374687
-116 -144.538465
-117 -149.409824
-118 -147.273071
-119 -152.172615
-120 -150.014399
-121 -154.922339
-122 -153.039051
-123 -158.034131
-124 -155.857086
-125 -160.811367
-126 -158.623288
-127 -163.593224
-128 -161.711695
-129 -166.653755
-130 -164.518137
-131 -169.485486
-132 -167.318253
-133 -172.277969
-134 -170.407287
-135 -175.383040
-136 -173.241012
-137 -178.215023
-138 -176.063283
-139 -181.065082
-140 -179.166849
-141 -184.146821
-142 -182.015819
-143 -187.003718
-144 -184.875417
-145 -189.865839
-146 -188.006394
-147 -192.992140
-148 -190.840072
-149 -195.862793
-150 -193.729670
-151 -198.750812
-152 -196.862904
-153 -201.857944
-154 -199.743136
-155 -204.766035
-156 -202.635526
-157 -207.695262
-158 -205.773451
-159 -210.800202
-160 -208.671109
-161 -213.682958
-162 -211.610922
-163 -216.647825
-164 -214.717972
-165 -219.778030
-166 -217.619464
-167 -222.680233
-168 -220.545780
-169 -225.688136
-170 -223.675625
-171 -228.823280
-172 -226.648863
-173 -231.769204
-174 -229.665416
-175 -234.746604
-176 -232.769298
-177 -237.899159
-178 -235.756338
-179 -240.864205
-180 -238.750655
-181 -243.863815
-182 -241.897224
-183 -247.044195
-184 -244.875424
-185 -250.027165
-186 -247.899622
-187 -253.076082
-188 -251.042265
-189 -256.214803
-190 -254.094187
-191 -259.266769
-192 -257.085104
-193 -262.286412
-194 -260.243442
-195 -265.438833
-196 -263.296034
-197 -268.439946
-198 -266.336121
-199 -271.490058
-200 -269.480409
-201 -274.636659
-202 -272.493634
-203 -277.681800
-204 -275.542623
-205 -280.724575
-206 -278.644428
-207 -283.865908
-208 -281.704137
-209 -286.951963
-210 -284.756941
-211 -290.016074
-212 -287.898147
-213 -293.097164
-214 -290.969002
-215 -296.181323
-216 -294.005963
-217 -299.220060
-218 -297.081440
-219 -302.333559
-220 -300.151222
-221 -305.391479
-222 -303.196561
-223 -308.481821
-224 -306.303864
-225 -311.589808
-226 -309.346221
-227 -314.664467
-228 -312.439970
-229 -317.743412
-230 -315.545783
-231 -320.774021
-232 -318.622257
-233 -323.812061
-234 -321.637415
-235 -326.894329
-236 -324.709394
-237 -329.972450
-238 -327.724199
-239 -333.014705
-240 -330.780492
-241 -336.081325
-242 -333.841361
-243 -339.138343
-244 -336.878943
-245 -342.186986
-246 -339.933373
-247 -345.247261
-248 -342.971315
-249 -348.294301
-250 -346.012981
-251 -351.361652
-252 -349.081242
-253 -354.366440
-254 -352.113531
-255 -357.435397
-256 -355.170817
-257 -360.495205
-258 -358.214839
-259 -363.533728
-260 -361.277070
-261 -366.581272
-262 -364.285806
-263 -369.637116
-264 -367.320129
-265 -372.744171
-266 -370.406271
-267 -375.784401
-268 -373.459898
-269 -378.786315
-270 -376.542588
-271 -381.890133
-272 -379.549874
-273 -384.935203
-274 -382.627108
-275 -387.997310
-276 -385.702210
-277 -391.054611
-278 -388.749779
-279 -394.148487
-280 -391.823248
-281 -397.247833
-282 -394.923022
-283 -400.340277
-284 -397.968837
-285 -403.394253
-286 -401.054594
-287 -406.440057
-288 -404.126350
-289 -409.564456
-290 -407.195969
-291 -412.656163
-292 -410.289474
-293 -415.728955
-294 -413.358544
-295 -418.837114
-296 -416.438079
-297 -421.934694
-298 -419.500610
-299 -425.033567
-300 -422.618411
-301 -428.135611
-302 -425.726663
-303 -431.195249
-304 -428.781285
-305 -434.302998
-306 -431.880697
-307 -437.401186
-308 -434.979325
-309 -440.480921
-310 -438.078104
-311 -443.574826
-312 -441.136133
-313 -446.687180
-314 -444.209974
-315 -449.796022
-316 -447.336267
-317 -452.906085
-318 -450.427622
-319 -455.986549
-320 -453.494667
-321 -459.042915
-322 -456.629340
-323 -462.182531
-324 -459.690146
-325 -465.254510
-326 -462.785810
-327 -468.353199
-328 -465.860772
-329 -471.471983
-330 -468.965444
-331 -474.593566
-332 -472.116546
-333 -477.689296
-334 -475.206869
-335 -480.788419
-336 -478.308430
-337 -483.907178
-338 -481.402529
-339 -487.020613
-340 -484.501959
-341 -490.187096
-342 -487.619061
-343 -493.283239
-344 -490.765630
-345 -496.389009
-346 -493.861220
-347 -499.543402
-348 -496.940698
-349 -502.639635
-350 -500.059830
-351 -505.773012
-352 -503.210055
-353 -508.901754
-354 -506.313662
-355 -512.035124
-356 -509.456177
-357 -515.153308
-358 -512.584951
-359 -518.255684
-360 -515.723772
-361 -521.373651
-362 -518.790602
-363 -524.482701
-364 -521.890029
-365 -527.636739
-366 -524.971211
-367 -530.707208
-368 -528.127217
-369 -533.826065
-370 -531.234140
-371 -536.965337
-372 -534.336813
-373 -540.082306
-374 -537.423811
-375 -543.225576
-376 -540.529605
-377 -546.332659
-378 -543.694130
-379 -549.422923
-380 -546.790372
-381 -552.553799
-382 -549.933373
-383 -555.700745
-384 -553.051590
-385 -558.818071
-386 -556.185179
-387 -561.974086
-388 -559.270035
-389 -565.135046
-390 -562.431694
-391 -568.253770
-392 -565.558589
-393 -571.387482
-394 -568.685845
-395 -574.497460
-396 -571.787169
-397 -577.644226
-398 -574.963125
-399 -580.781749
-400 -578.091655
-401 -583.918228
-402 -581.201033
-403 -587.012082
-404 -584.293321
-405 -590.152302
-406 -587.444671
-407 -593.257931
-408 -590.554466
-409 -596.397481
-410 -593.654556
-411 -599.584840
-412 -596.790869
-413 -602.722267
-414 -599.950440
-415 -605.845933
-416 -603.076087
-417 -609.038743
-418 -606.226576
-419 -612.171459
-420 -609.367683
-421 -615.325941
-422 -612.550870
-423 -618.492200
-424 -615.680193
-425 -621.642867
-426 -618.850140
-427 -624.831963
-428 -621.985345
-429 -627.973977
-430 -625.122482
-431 -631.119509
-432 -628.294308
-433 -634.257571
-434 -631.441058
-435 -637.459730
-436 -634.571631
-437 -640.610806
-438 -637.749823
-439 -643.767173
-440 -640.910114
-441 -646.977149
-442 -644.093535
-443 -650.134867
-444 -647.225777
-445 -653.289205
-446 -650.447339
-447 -656.454780
-448 -653.577458
-449 -659.625744
-450 -656.735871
-451 -662.798802
-452 -659.928859
-453 -665.953202
-454 -663.056489
-455 -669.134043
-456 -666.256187
-457 -672.282340
-458 -669.427492
-459 -675.493778
-460 -672.546783
-461 -678.653802
-462 -675.698991
-463 -681.852003
-464 -678.923193
-465 -685.034974
-466 -682.065042
-467 -688.226089
-468 -685.246407
-469 -691.455112
-470 -688.425365
-471 -694.632584
-472 -691.593466
-473 -697.841839
-474 -694.776700
-475 -700.979939
-476 -697.986493
-477 -704.189177
-478 -701.194998
-479 -707.391586
-480 -704.365330
-481 -710.569197
-482 -707.512414
-483 -713.768081
-484 -710.731908
-485 -716.977513
-486 -713.906306
-487 -720.138596
-488 -717.086732
-489 -723.345287
-490 -720.310675
-491 -726.573960
-492 -723.479524
-493 -729.774851
-494 -726.673435
-495 -732.975187
-496 -729.870061
-497 -736.157136
-498 -733.066068
-499 -739.392057
-500 -736.260507
-501 -742.601659
-502 -739.502438
-503 -745.824690
-504 -742.675249
-505 -749.049662
-506 -745.861603
-507 -752.248228
-508 -749.125769
-509 -755.458676
-510 -752.311903
-511 -758.663654
-512 -755.459606
-513 -761.876484
-514 -758.733652
-515 -765.078723
-516 -761.913654
-517 -768.297201
-518 -765.127340
-519 -771.553371
-520 -768.276927
-521 -774.777127
-522 -771.518604
-523 -778.006916
-524 -774.791399
-525 -781.244646
-526 -778.014260
-527 -784.446379
-528 -781.207001
-529 -787.688735
-530 -784.449378
-531 -790.919253
-532 -787.645370
-533 -794.118989
-534 -790.908642
-535 -797.322361
-536 -794.105327
-537 -800.603284
-538 -797.346402
-539 -803.839611
-540 -800.526504
-541 -807.099154
-542 -803.759645
-543 -810.269950
-544 -806.977950
-545 -813.542490
-546 -810.215097
-547 -816.755333
-548 -813.437567
-549 -819.989009
-550 -816.656043
-551 -823.182530
-552 -819.881826
-553 -826.486343
-554 -823.126598
-555 -829.710916
-556 -826.354061
-557 -832.959461
-558 -829.561021
-559 -836.218585
-560 -832.857137
-561 -839.536283
-562 -836.132526
-563 -842.791880
-564 -839.328560
-565 -846.035173
-566 -842.619068
-567 -849.292917
-568 -845.922636
-569 -852.596552
-570 -849.124900
-571 -855.859325
-572 -852.466609
-573 -859.183463
-574 -855.669014
-575 -862.470349
-576 -858.953825
-577 -865.773690
-578 -862.278924
-579 -869.054090
-580 -865.543829
-581 -872.368923
-582 -868.888772
-583 -875.655462
-584 -872.128597
-585 -878.982051
-586 -875.426722
-587 -882.285551
-588 -878.709221
-589 -885.607081
-590 -882.013418
-591 -888.844035
-592 -885.281274
-593 -892.173717
-594 -888.570314
-595 -895.386145
-596 -891.824652
-597 -898.665192
-598 -895.144216
-599 -902.000871
-600 -898.382060
-601 -905.319080
-602 -901.641504
-603 -908.622406
-604 -904.962275
-605 -911.903162
-606 -908.281811
-607 -915.176270
-608 -911.578794
-609 -918.535992
-610 -914.849970
-611 -921.827567
-612 -918.129131
-613 -925.170509
-614 -921.461469
-615 -928.492249
-616 -924.796413
-617 -931.844414
-618 -928.132182
-619 -935.098683
-620 -931.399840
-621 -938.474201
-622 -934.696721
-623 -941.787156
-624 -937.963059
-625 -945.097271
-626 -941.381450
-627 -948.408694
-628 -944.679215
-629 -951.766313
-630 -948.013286
-631 -955.064894
-632 -951.282293
-633 -958.387050
-634 -954.592562
-635 -961.695739
-636 -957.869316
-637 -965.023015
-638 -961.242000
-639 -968.379031
-640 -964.542447
-641 -971.746877
-642 -967.799671
-643 -975.058800
-644 -971.157146
-645 -978.418822
-646 -974.518800
-647 -981.751405
-648 -977.822160
-649 -985.142197
-650 -981.167784
-651 -988.526443
-652 -984.537087
-653 -991.911330
-654 -987.886831
-655 -995.215343
-656 -991.272202
-657 -998.619866
-658 -994.592561
-659 -1001.942442
-660 -997.883769
-661 -1005.250992
-662 -1001.224685
-663 -1008.540827
-664 -1004.505871
-665 -1011.844784
-666 -1007.755635
-667 -1015.164673
-668 -1010.990835
-669 -1018.456336
-670 -1014.186902
-671 -1021.674989
-672 -1017.384154
-673 -1024.907618
-674 -1020.566465
-675 -1028.069581
-676 -1023.599977
-677 -1031.137835
-678 -1026.695440
-679 -1034.235382
-680 -1029.694344
-681 -1037.160856
-682 -1032.613272
-683 -1040.122131
-684 -1035.576035
-685 -1043.095135
-686 -1038.474475
-687 -1046.164841
-688 -1041.399738
-689 -1049.053428
-690 -1044.223388
-691 -1051.965128
-692 -1047.292638
-693 -1055.039262
-694 -1049.732503
-695 -1057.368747
-696 -1053.101670
-697 -1060.809661
-698 -1054.821416
-699 -1062.462065
