0 0.000000
-1 -4.630173
-2 -3.131138
-3 -7.742622
-4 -5.107912
-5 -9.654150
-6 -5.223028
-7 -9.780554
-8 -8.331486
-9 -12.952913
-10 -10.346729
-11 -14.919550
-12 -11.135941
-13 -15.799105
-14 -14.183941
-15 -18.794186
-16 -16.398634
-17 -21.036095
-18 -17.576775
-19 -22.245964
-20 -20.638449
-21 -25.246586
-22 -22.830107
-23 -27.402330
-24 -24.261755
-25 -28.875864
-26 -27.246986
-27 -31.944809
-28 -29.508499
-29 -34.188288
-30 -31.192690
-31 -35.840687
-32 -34.171444
-33 -38.839102
-34 -36.538149
-35 -41.259466
-36 -38.295612
-37 -43.016516
-38 -41.309832
-39 -46.113512
-40 -43.722719
-41 -48.443672
-42 -45.601376
-43 -50.335512
-44 -48.623337
-45 -53.431856
-46 -51.058142
-47 -55.856813
-48 -53.074030
-49 -57.854568
-50 -56.148687
-51 -60.923275
-52 -58.577223
-53 -63.361834
-54 -60.703476
-55 -65.442631
-56 -63.735521
-57 -68.453903
-58 -66.162735
-59 -70.908373
-60 -68.342962
-61 -73.132807
-62 -71.379126
-63 -76.152321
-64 -73.791012
-65 -78.613766
-66 -76.121996
-67 -80.940266
-68 -79.180191
-69 -83.981562
-70 -81.671490
-71 -86.529049
-72 -84.108772
-73 -88.843569
-74 -87.112425
-75 -91.839083
-76 -89.651138
-77 -94.402342
-78 -92.009830
-79 -96.876677
-80 -95.028629
-81 -99.832245
-82 -97.618856
-83 -102.400499
-84 -100.113611
-85 -104.914738
-86 -103.070948
-87 -107.927889
-88 -105.715681
-89 -110.537374
-90 -108.286087
-91 -113.132172
-92 -111.317949
-93 -116.193708
-94 -113.930136
-95 -118.832771
-96 -116.567543
-97 -121.415047
-98 -119.576197
-99 -124.527685
-100 -122.193203
-101 -127.155447
-102 -124.921846
-103 -129.733252
-104 -127.916334
-105 -132.846777
-106 -130.633629
-107 -135.514072
-108 -133.292210
-109 -138.197813
-110 -136.357168
-111 -141.230915
-112 -139.176252
-113 -144.008566
-114 -141.850552
-115 -146.643576
-116 -144.815231
-117 -149.736151
-118 -147.568428
-119 -152.408257
-120 -150.308428
-121 -155.263975
-122 -153.314547
-123 -158.324944
-124 -156.115353
-125 -161.087770
-126 -158.862301
-127 -163.874395
-128 -161.982254
-129 -166.931419
-130 -164.773663
-131 -169.745691
-132 -167.587799
-133 -172.598312
-134 -170.689144
-135 -175.623236
-136 -173.468000
-137 -178.459702
-138 -176.251867
-139 -181.286604
-140 -179.397268
-141 -184.376646
-142 -182.233934
-143 -187.204859
-144 -185.082359
-145 -190.151127
-146 -188.184366
-147 -193.259279
-148 -191.136961
-149 -196.130247
-150 -194.029890
-151 -199.000946
-152 -197.074732
-153 -202.031130
-154 -199.896633
-155 -204.923706
-156 -202.830019
-157 -207.844494
-158 -205.941053
-159 -210.888330
-160 -208.843355
-161 -213.806213
-162 -211.802475
-163 -216.795870
-164 -214.840868
-165 -219.948917
-166 -217.842667
-167 -222.856197
-168 -220.749138
-169 -225.834858
-170 -223.946589
-171 -229.025200
-172 -226.906303
-173 -231.999741
-174 -229.886972
-175 -234.974243
-176 -233.005310
-177 -238.104435
-178 -235.986063
-179 -241.129553
-180 -238.951212
-181 -244.117460
-182 -242.128744
-183 -247.304169
-184 -245.149641
-185 -250.352242
-186 -248.146585
-187 -253.442894
-188 -251.337477
-189 -256.550859
-190 -254.406088
-191 -259.652056
-192 -257.325012
-193 -262.629810
-194 -260.551853
-195 -265.817728
-196 -263.617407
-197 -268.899548
-198 -266.641922
-199 -271.957108
-200 -269.743963
-201 -275.092852
-202 -272.832911
-203 -278.076241
-204 -275.954355
-205 -281.120195
-206 -279.021679
-207 -284.330017
-208 -282.051275
-209 -287.343187
-210 -285.162979
-211 -290.423574
-212 -288.252947
-213 -293.488041
-214 -291.321825
-215 -296.513744
-216 -294.427187
-217 -299.620312
-218 -297.439371
-219 -302.727905
-220 -300.517023
-221 -305.810726
-222 -303.578501
-223 -308.901457
-224 -306.654112
-225 -311.961212
-226 -309.749685
-227 -315.086737
-228 -312.785557
-229 -318.164894
-230 -315.904602
-231 -321.223694
-232 -318.941336
-233 -324.229023
-234 -322.022268
-235 -327.337893
-236 -325.063942
-237 -330.374023
-238 -328.138142
-239 -333.437790
-240 -331.312569
-241 -336.440714
-242 -334.260744
-243 -339.539787
-244 -337.373377
-245 -342.618456
-246 -340.450529
-247 -345.790010
-248 -343.522718
-249 -348.877975
-250 -346.613373
-251 -352.054565
-252 -349.674984
-253 -355.179636
-254 -352.858437
-255 -358.252300
-256 -355.859661
-257 -361.271648
-258 -358.982742
-259 -364.398272
-260 -362.105192
-261 -367.535889
-262 -365.154329
-263 -370.596416
-264 -368.256201
-265 -373.619976
-266 -371.380434
-267 -376.773304
-268 -374.401529
-269 -379.771030
-270 -377.542940
-271 -382.815428
-272 -380.544014
-273 -385.904692
-274 -383.555620
-275 -388.928682
-276 -386.667110
-277 -391.926311
-278 -389.690441
-279 -394.955259
-280 -392.738983
-281 -397.993170
-282 -395.771608
-283 -401.100361
-284 -398.796383
-285 -404.225834
-286 -401.851963
-287 -407.220518
-288 -404.953392
-289 -410.319782
-290 -408.019230
-291 -413.426382
-292 -411.101118
-293 -416.458803
-294 -414.147875
-295 -419.637846
-296 -417.180548
-297 -422.657686
-298 -420.258976
-299 -425.681643
-300 -423.432888
-301 -428.724434
-302 -426.423403
-303 -431.838879
-304 -429.485083
-305 -435.002588
-306 -432.527323
-307 -438.203775
-308 -435.635946
-309 -441.207426
-310 -438.739475
-311 -444.283108
-312 -441.822340
-313 -447.363209
-314 -444.899906
-315 -450.425894
-316 -448.044092
-317 -453.548254
-318 -451.068941
-319 -456.630711
-320 -454.188860
-321 -459.742914
-322 -457.350086
-323 -462.927549
-324 -460.422899
-325 -465.965868
-326 -463.427420
-327 -469.113028
-328 -466.482656
-329 -472.241611
-330 -469.738724
-331 -475.352314
-332 -472.847744
-333 -478.452469
-334 -475.902758
-335 -481.583544
-336 -479.011570
-337 -484.681416
-338 -482.036697
-339 -487.757462
-340 -485.179314
-341 -490.801113
-342 -488.264574
-343 -494.020777
-344 -491.386091
-345 -497.142172
-346 -494.526451
-347 -500.214020
-348 -497.585293
-349 -503.377886
-350 -500.808596
-351 -506.464041
-352 -503.878971
-353 -509.477404
-354 -506.945940
-355 -512.675787
-356 -510.092422
-357 -515.838871
-358 -513.196302
-359 -518.899754
-360 -516.293926
-361 -522.141453
-362 -519.410154
-363 -525.208212
-364 -522.642958
-365 -528.357040
-366 -525.693729
-367 -531.509600
-368 -528.799976
-369 -534.630005
-370 -531.924589
-371 -537.624113
-372 -535.141163
-373 -540.708895
-374 -538.145750
-375 -543.777340
-376 -541.220701
-377 -546.845127
-378 -544.261551
-379 -550.066620
-380 -547.332777
-381 -553.173586
-382 -550.499031
-383 -556.280632
-384 -553.689867
-385 -559.362509
-386 -556.795010
-387 -562.551329
-388 -559.883688
-389 -565.667068
-390 -562.959276
-391 -568.705662
-392 -566.209427
-393 -571.760939
-394 -569.255939
-395 -574.894541
-396 -572.362190
-397 -578.116014
-398 -575.341141
-399 -581.284222
-400 -578.486507
-401 -584.371660
-402 -581.690184
-403 -587.528702
-404 -584.896976
-405 -590.772865
-406 -588.010830
-407 -593.953625
-408 -591.230371
-409 -597.063889
-410 -594.361193
-411 -600.155729
-412 -597.594864
-413 -603.319952
-414 -600.677467
-415 -606.457012
-416 -603.729427
-417 -609.759403
-418 -606.989042
-419 -612.842878
-420 -610.082834
-421 -615.970646
-422 -613.309681
-423 -619.223738
-424 -616.426044
-425 -622.411150
-426 -619.595833
-427 -625.516851
-428 -622.784109
-429 -628.657522
-430 -625.859722
-431 -631.862728
-432 -629.046417
-433 -635.037025
-434 -632.226469
-435 -638.181257
-436 -635.316463
-437 -641.398432
-438 -638.466206
-439 -644.502388
-440 -641.605610
-441 -647.634846
-442 -644.751593
-443 -650.775909
-444 -647.971003
-445 -654.016752
-446 -651.060389
-447 -657.149515
-448 -654.183323
-449 -660.399956
-450 -657.413916
-451 -663.509188
-452 -660.600258
-453 -666.707056
-454 -663.715456
-455 -669.769152
-456 -666.841835
-457 -673.083702
-458 -670.071348
-459 -676.148321
-460 -673.169947
-461 -679.312395
-462 -676.486395
-463 -682.530504
-464 -679.589996
-465 -685.647779
-466 -682.645117
-467 -688.918427
-468 -685.858755
-469 -692.064417
-470 -689.095037
-471 -695.166338
-472 -692.197887
-473 -698.333124
-474 -695.330423
-475 -701.449896
-476 -698.536602
-477 -704.703053
-478 -701.627684
-479 -707.804251
-480 -704.912935
-481 -711.008514
-482 -708.022881
-483 -714.283222
-484 -711.294191
-485 -717.502182
-486 -714.414383
-487 -720.685337
-488 -717.586241
-489 -723.882833
-490 -720.798035
-491 -727.092133
-492 -724.015020
-493 -730.367229
-494 -727.213181
-495 -733.474268
-496 -730.436302
-497 -736.677454
-498 -733.642391
-499 -739.802143
-500 -736.739475
-501 -742.984283
-502 -739.900766
-503 -746.165220
-504 -743.019995
-505 -749.324520
-506 -746.271896
-507 -752.549049
-508 -749.371010
-509 -755.755816
-510 -752.545404
-511 -759.043381
-512 -755.681034
-513 -762.275347
-514 -759.046320
-515 -765.423622
-516 -762.267139
-517 -768.633448
-518 -765.596731
-519 -771.786871
-520 -768.767971
-521 -775.145359
-522 -771.787596
-523 -778.377850
-524 -775.073467
-525 -781.640005
-526 -778.308718
-527 -784.889015
-528 -781.544336
-529 -788.150841
-530 -784.820715
-531 -791.274124
-532 -788.212700
-533 -794.431248
-534 -791.401268
-535 -797.644081
-536 -794.529823
-537 -800.883486
-538 -797.712498
-539 -804.166079
-540 -800.819401
-541 -807.262543
-542 -803.958132
-543 -810.520227
-544 -807.237877
-545 -813.847389
-546 -810.452772
-547 -817.026320
-548 -813.646242
-549 -820.322689
-550 -816.912653
-551 -823.581108
-552 -820.035955
-553 -826.684380
-554 -823.389561
-555 -830.068491
-556 -826.719173
-557 -833.316545
-558 -829.926521
-559 -836.578939
-560 -833.175205
-561 -839.821943
-562 -836.481869
-563 -842.993450
-564 -839.722473
-565 -846.366076
-566 -842.890343
-567 -849.608381
-568 -846.084347
-569 -852.863623
-570 -849.463966
-571 -856.221653
-572 -852.751225
-573 -859.507484
-574 -855.946650
-575 -862.710348
-576 -859.229841
-577 -865.975470
-578 -862.409687
-579 -869.218590
-580 -865.713060
-581 -872.456768
-582 -868.926094
-583 -875.684973
-584 -872.153250
-585 -879.000988
-586 -875.374084
-587 -882.170862
-588 -878.662369
-589 -885.447786
-590 -881.896236
-591 -888.728701
-592 -885.096395
-593 -891.982100
-594 -888.440395
-595 -895.314722
-596 -891.650969
-597 -898.393770
-598 -894.945559
-599 -901.668430
-600 -898.195518
-601 -905.013294
-602 -901.417463
-603 -908.442438
-604 -904.582340
-605 -911.709879
-606 -908.018627
-607 -915.022648
-608 -911.225269
-609 -918.443819
-610 -914.684813
-611 -921.636974
-612 -917.950642
-613 -924.986841
-614 -921.354269
-615 -928.273710
-616 -924.555754
-617 -931.534647
-618 -927.913681
-619 -935.016140
-620 -931.150318
-621 -938.208265
-622 -934.319025
-623 -941.450134
-624 -937.814589
-625 -944.645552
-626 -941.180088
-627 -948.113560
-628 -944.313395
-629 -951.457245
-630 -947.346767
-631 -954.868427
-632 -950.957531
-633 -958.127533
-634 -954.323544
-635 -961.428862
-636 -957.653364
-637 -964.864841
-638 -960.854059
-639 -968.193432
-640 -964.381321
-641 -971.692514
-642 -967.661398
-643 -974.996258
-644 -970.968349
-645 -978.426506
-646 -974.280304
-647 -981.746750
-648 -977.847525
-649 -985.213869
-650 -981.307566
-651 -988.556004
-652 -984.490526
-653 -991.682367
-654 -987.842264
-655 -995.305847
-656 -991.192413
-657 -998.675426
-658 -994.695866
-659 -1002.009396
-660 -998.067091
-661 -1005.428762
-662 -1001.361643
-663 -1008.693895
-664 -1004.568485
-665 -1011.825785
-666 -1007.965210
-667 -1015.393913
-668 -1011.346760
-669 -1018.680317
-670 -1014.510269
-671 -1022.000286
-672 -1017.988031
-673 -1025.386698
-674 -1021.012026
-675 -1028.457853
-676 -1024.194124
-677 -1031.779093
-678 -1027.322838
-679 -1034.917215
-680 -1030.409267
-681 -1038.023325
-682 -1033.317249
-683 -1040.988329
-684 -1036.310459
-685 -1043.905401
-686 -1039.378038
-687 -1046.912834
-688 -1042.274130
-689 -1050.044285
-690 -1045.309397
-691 -1053.059275
-692 -1048.293955
-693 -1056.061790
-694 -1051.130033
-695 -1058.662670
-696 -1054.472923
-697 -1061.771202
-698 -1056.269648
-699 -1064.113657
