0 0.000000
-1 -4.626096
-2 -3.010928
-3 -7.667226
-4 -5.099488
-5 -9.692628
-6 -5.162469
-7 -9.805781
-8 -8.279782
-9 -12.914793
-10 -10.358876
-11 -14.985738
-12 -11.187340
-13 -15.788750
-14 -14.184869
-15 -18.875705
-16 -16.349910
-17 -20.939813
-18 -17.533088
-19 -22.156372
-20 -20.563836
-21 -25.180001
-22 -22.760436
-23 -27.374523
-24 -24.207081
-25 -28.834401
-26 -27.205805
-27 -31.874796
-28 -29.458426
-29 -34.090209
-30 -31.056190
-31 -35.694776
-32 -34.073236
-33 -38.786747
-34 -36.353408
-35 -41.069437
-36 -38.175298
-37 -42.883184
-38 -41.201448
-39 -45.913919
-40 -43.548133
-41 -48.264512
-42 -45.490502
-43 -50.181101
-44 -48.487902
-45 -53.197127
-46 -50.888007
-47 -55.597959
-48 -52.900719
-49 -57.666091
-50 -55.933628
-51 -60.654006
-52 -58.335969
-53 -63.080364
-54 -60.497426
-55 -65.213589
-56 -63.503387
-57 -68.244527
-58 -65.972060
-59 -70.748550
-60 -68.210105
-61 -72.992750
-62 -71.229075
-63 -76.012509
-64 -73.724730
-65 -78.525253
-66 -76.065055
-67 -80.839066
-68 -79.078111
-69 -83.854531
-70 -81.568307
-71 -86.372578
-72 -83.964578
-73 -88.721827
-74 -87.017770
-75 -91.764291
-76 -89.534289
-77 -94.362201
-78 -91.968088
-79 -96.763132
-80 -94.997328
-81 -99.800966
-82 -97.619403
-83 -102.366421
-84 -100.130988
-85 -104.866405
-86 -103.091032
-87 -107.877912
-88 -105.669369
-89 -110.507486
-90 -108.224465
-91 -113.030096
-92 -111.225082
-93 -116.025238
-94 -113.843851
-95 -118.643747
-96 -116.392005
-97 -121.254535
-98 -119.407636
-99 -124.271480
-100 -122.129416
-101 -126.954896
-102 -124.765442
-103 -129.593006
-104 -127.756744
-105 -132.630866
-106 -130.472963
-107 -135.330786
-108 -133.147973
-109 -138.011035
-110 -136.183349
-111 -141.040112
-112 -138.916779
-113 -143.784382
-114 -141.622260
-115 -146.520711
-116 -144.668487
-117 -149.553293
-118 -147.414959
-119 -152.306266
-120 -150.140362
-121 -155.032947
-122 -153.153506
-123 -158.152575
-124 -155.963801
-125 -160.917342
-126 -158.720124
-127 -163.682038
-128 -161.815202
-129 -166.745261
-130 -164.608374
-131 -169.611716
-132 -167.417819
-133 -172.376281
-134 -170.505229
-135 -175.500212
-136 -173.330186
-137 -178.298481
-138 -176.163789
-139 -181.157420
-140 -179.242946
-141 -184.210613
-142 -182.106117
-143 -187.048943
-144 -184.961471
-145 -189.903871
-146 -188.075958
-147 -193.050851
-148 -190.901278
-149 -195.912374
-150 -193.780814
-151 -198.797709
-152 -196.910030
-153 -201.919727
-154 -199.800016
-155 -204.827821
-156 -202.700678
-157 -207.756436
-158 -205.816748
-159 -210.868493
-160 -208.728006
-161 -213.767788
-162 -211.672754
-163 -216.714924
-164 -214.770730
-165 -219.830790
-166 -217.663830
-167 -222.751070
-168 -220.583296
-169 -225.765338
-170 -223.720283
-171 -228.902191
-172 -226.708302
-173 -231.856349
-174 -229.733853
-175 -234.831377
-176 -232.851143
-177 -238.008094
-178 -235.844850
-179 -240.967996
-180 -238.853913
-181 -243.955939
-182 -242.013391
-183 -247.129125
-184 -244.978968
-185 -250.098975
-186 -247.964257
-187 -253.157312
-188 -251.110757
-189 -256.291996
-190 -254.160570
-191 -259.347901
-192 -257.158217
-193 -262.344508
-194 -260.304514
-195 -265.507331
-196 -263.380479
-197 -268.508076
-198 -266.418003
-199 -271.574380
-200 -269.533326
-201 -274.717894
-202 -272.565082
-203 -277.755902
-204 -275.621744
-205 -280.792390
-206 -278.725821
-207 -283.921726
-208 -281.793619
-209 -287.021037
-210 -284.838571
-211 -290.087247
-212 -287.967651
-213 -293.187234
-214 -291.038067
-215 -296.286005
-216 -294.087862
-217 -299.336216
-218 -297.179563
-219 -302.429678
-220 -300.265849
-221 -305.505554
-222 -303.306517
-223 -308.595419
-224 -306.418269
-225 -311.651278
-226 -309.437390
-227 -314.734674
-228 -312.536732
-229 -317.803192
-230 -315.612665
-231 -320.835393
-232 -318.675159
-233 -323.857103
-234 -321.687099
-235 -326.949386
-236 -324.771369
-237 -330.038459
-238 -327.769002
-239 -333.044518
-240 -330.822150
-241 -336.129677
-242 -333.877577
-243 -339.162800
-244 -336.914449
-245 -342.195667
-246 -339.942282
-247 -345.246728
-248 -342.975194
-249 -348.314002
-250 -346.016975
-251 -351.377427
-252 -349.098431
-253 -354.382619
-254 -352.145641
-255 -357.439682
-256 -355.210431
-257 -360.531426
-258 -358.228448
-259 -363.551404
-260 -361.293335
-261 -366.609231
-262 -364.327354
-263 -369.675961
-264 -367.337725
-265 -372.759257
-266 -370.426788
-267 -375.809781
-268 -373.466455
-269 -378.806575
-270 -376.578438
-271 -381.929849
-272 -379.585164
-273 -384.958728
-274 -382.676565
-275 -388.023944
-276 -385.751177
-277 -391.079164
-278 -388.789560
-279 -394.150396
-280 -391.848404
-281 -397.271455
-282 -394.936491
-283 -400.367639
-284 -397.999856
-285 -403.405442
-286 -401.071268
-287 -406.456315
-288 -404.153790
-289 -409.588879
-290 -407.229179
-291 -412.696668
-292 -410.329707
-293 -415.780687
-294 -413.402214
-295 -418.867723
-296 -416.503223
-297 -421.973624
-298 -419.547790
-299 -425.055026
-300 -422.674116
-301 -428.151913
-302 -425.777431
-303 -431.223169
-304 -428.823853
-305 -434.319685
-306 -431.924934
-307 -437.442521
-308 -435.002182
-309 -440.502313
-310 -438.093442
-311 -443.598655
-312 -441.162291
-313 -446.716307
-314 -444.249540
-315 -449.829156
-316 -447.358176
-317 -452.938163
-318 -450.467392
-319 -456.048226
-320 -453.529036
-321 -459.093069
-322 -456.669657
-323 -462.251001
-324 -459.759992
-325 -465.329569
-326 -462.855577
-327 -468.430101
-328 -465.935082
-329 -471.557776
-330 -469.044742
-331 -474.651614
-332 -472.189643
-333 -477.751962
-334 -475.279566
-335 -480.860900
-336 -478.390541
-337 -483.999354
-338 -481.474154
-339 -487.130677
-340 -484.570176
-341 -490.308489
-342 -487.724698
-343 -493.393646
-344 -490.895233
-345 -496.498867
-346 -494.011541
-347 -499.653321
-348 -497.072500
-349 -502.749274
-350 -500.173458
-351 -505.890568
-352 -503.313473
-353 -508.986418
-354 -506.408206
-355 -512.098883
-356 -509.549381
-357 -515.227057
-358 -512.648258
-359 -518.342075
-360 -515.765485
-361 -521.454412
-362 -518.866045
-363 -524.574093
-364 -521.954683
-365 -527.698668
-366 -525.049840
-367 -530.778188
-368 -528.195956
-369 -533.916289
-370 -531.274404
-371 -537.042932
-372 -534.412955
-373 -540.176956
-374 -537.524955
-375 -543.323802
-376 -540.615004
-377 -546.405981
-378 -543.787465
-379 -549.526517
-380 -546.873223
-381 -552.644975
-382 -550.035779
-383 -555.789811
-384 -553.171712
-385 -558.924760
-386 -556.276469
-387 -562.043710
-388 -559.350495
-389 -565.195658
-390 -562.542201
-391 -568.328521
-392 -565.662152
-393 -571.472263
-394 -568.778356
-395 -574.576401
-396 -571.874138
-397 -577.750061
-398 -575.050248
-399 -580.895453
-400 -578.160041
-401 -584.033137
-402 -581.302470
-403 -587.107593
-404 -584.413110
-405 -590.242897
-406 -587.542057
-407 -593.356393
-408 -590.646463
-409 -596.502120
-410 -593.772371
-411 -599.681810
-412 -596.929648
-413 -602.847332
-414 -600.059946
-415 -605.962950
-416 -603.209525
-417 -609.159001
-418 -606.344924
-419 -612.272465
-420 -609.485902
-421 -615.451986
-422 -612.675945
-423 -618.651763
-424 -615.807928
-425 -621.821123
-426 -619.010044
-427 -625.006608
-428 -622.175733
-429 -628.151791
-430 -625.327411
-431 -631.275095
-432 -628.463322
-433 -634.394000
-434 -631.612600
-435 -637.645166
-436 -634.788504
-437 -640.776749
-438 -637.922740
-439 -643.956819
-440 -641.092399
-441 -647.165848
-442 -644.306921
-443 -650.318962
-444 -647.449557
-445 -653.494898
-446 -650.618685
-447 -656.635118
-448 -653.795744
-449 -659.841198
-450 -656.934041
-451 -662.998911
-452 -660.134570
-453 -666.149069
-454 -663.295329
-455 -669.350476
-456 -666.494595
-457 -672.491422
-458 -669.666718
-459 -675.702232
-460 -672.800606
-461 -678.882010
-462 -675.920150
-463 -682.062183
-464 -679.163692
-465 -685.268477
-466 -682.328791
-467 -688.449937
-468 -685.469985
-469 -691.682553
-470 -688.682333
-471 -694.903822
-472 -691.837471
-473 -698.069251
-474 -695.020711
-475 -701.203949
-476 -698.253753
-477 -704.389449
-478 -701.416911
-479 -707.619934
-480 -704.594887
-481 -710.814956
-482 -707.710676
-483 -713.999391
-484 -710.964633
-485 -717.222375
-486 -714.168374
-487 -720.358147
-488 -717.332820
-489 -723.530099
-490 -720.570893
-491 -726.778652
-492 -723.733380
-493 -730.003621
-494 -726.888873
-495 -733.209290
-496 -730.124337
-497 -736.397712
-498 -733.297357
-499 -739.622722
-500 -736.532773
-501 -742.814312
-502 -739.722929
-503 -746.047883
-504 -742.916833
-505 -749.250710
-506 -746.148794
-507 -752.491812
-508 -749.408776
-509 -755.719785
-510 -752.557858
-511 -758.892913
-512 -755.727119
-513 -762.118940
-514 -759.002946
-515 -765.312411
-516 -762.186017
-517 -768.538788
-518 -765.376312
-519 -771.795450
-520 -768.510125
-521 -774.987911
-522 -771.775795
-523 -778.198236
-524 -775.013225
-525 -781.418910
-526 -778.240209
-527 -784.647655
-528 -781.399480
-529 -787.898106
-530 -784.630738
-531 -791.115090
-532 -787.854502
-533 -794.304205
-534 -791.150943
-535 -797.531842
-536 -794.315230
-537 -800.810039
-538 -797.561669
-539 -804.076193
-540 -800.744395
-541 -807.330274
-542 -804.007380
-543 -810.488287
-544 -807.182594
-545 -813.806987
-546 -810.431322
-547 -817.025539
-548 -813.694165
-549 -820.262859
-550 -816.939538
-551 -823.422468
-552 -820.138930
-553 -826.722478
-554 -823.411551
-555 -829.970896
-556 -826.618434
-557 -833.202350
-558 -829.864057
-559 -836.461740
-560 -833.118423
-561 -839.790681
-562 -836.374972
-563 -843.044947
-564 -839.581406
-565 -846.269665
-566 -842.854188
-567 -849.551673
-568 -846.205846
-569 -852.834074
-570 -849.361279
-571 -856.118456
-572 -852.720439
-573 -859.436230
-574 -855.910953
-575 -862.708492
-576 -859.183671
-577 -866.008618
-578 -862.511731
-579 -869.249832
-580 -865.778779
-581 -872.554682
-582 -869.137352
-583 -875.860503
-584 -872.358883
-585 -879.189583
-586 -875.688685
-587 -882.553895
-588 -878.956517
-589 -885.810600
-590 -882.234301
-591 -889.065606
-592 -885.545052
-593 -892.356258
-594 -888.767768
-595 -895.596262
-596 -892.034285
-597 -898.871390
-598 -895.325334
-599 -902.130295
-600 -898.588889
-601 -905.460687
-602 -901.835729
-603 -908.754568
-604 -905.106349
-605 -912.021224
-606 -908.438566
-607 -915.280768
-608 -911.698654
-609 -918.656222
-610 -914.966218
-611 -921.954865
-612 -918.228557
-613 -925.298911
-614 -921.604976
-615 -928.642266
-616 -924.941950
-617 -931.973081
-618 -928.256036
-619 -935.235653
-620 -931.551299
-621 -938.602776
-622 -934.851267
-623 -941.895472
-624 -938.061732
-625 -945.228815
-626 -941.510197
-627 -948.531643
-628 -944.814168
-629 -951.896226
-630 -948.133856
-631 -955.184307
-632 -951.446366
-633 -958.553679
-634 -954.740829
-635 -961.826629
-636 -957.992706
-637 -965.167022
-638 -961.397695
-639 -968.514872
-640 -964.619689
-641 -971.874095
-642 -967.924166
-643 -975.183908
-644 -971.265553
-645 -978.508815
-646 -974.619916
-647 -981.854709
-648 -977.951427
-649 -985.264822
-650 -981.274630
-651 -988.661752
-652 -984.656614
-653 -992.049349
-654 -988.038137
-655 -995.358621
-656 -991.401904
-657 -998.765946
-658 -994.802233
-659 -1002.135996
-660 -998.068169
-661 -1005.455335
-662 -1001.448378
-663 -1008.824054
-664 -1004.757766
-665 -1012.147671
-666 -1007.998709
-667 -1015.417725
-668 -1011.248800
-669 -1018.766657
-670 -1014.524354
-671 -1021.993795
-672 -1017.702498
-673 -1025.237234
-674 -1020.862249
-675 -1028.400640
-676 -1023.944977
-677 -1031.532887
-678 -1027.060387
-679 -1034.679991
-680 -1030.010153
-681 -1037.579815
-682 -1033.031740
-683 -1040.584482
-684 -1035.939500
-685 -1043.538854
-686 -1038.867614
-687 -1046.575746
-688 -1041.784292
-689 -1049.479610
-690 -1044.535800
-691 -1052.354915
-692 -1047.632789
-693 -1055.443338
-694 -1049.879268
-695 -1057.514090
-696 -1053.396266
-697 -1061.036134
-698 -1054.784031
-699 -1062.456677
