0 0.000000
-1 -160.625000
-2 6.250000
-3 -386.875000
-4 3.375000
-5 -413.687500
-6 -194.437500
-7 -366.375000
-8 -360.875000
-9 -474.500000
-10 -344.687500
-11 -672.687500
-12 -254.812500
-13 -624.750000
-14 -637.187500
-15 -710.437500
-16 -645.375000
-17 -707.812500
-18 -655.875000
-19 -726.500000
-20 -681.000000
-21 -765.875000
-22 -735.625000
-23 -814.062500
-24 -819.875000
-25 -855.937500
-26 -900.750000
-27 -909.437500
-28 -911.125000
-29 -955.687500
-30 -932.687500
-31 -962.312500
-32 -931.062500
-33 -968.875000
-34 -949.937500
-35 -1035.500000
-36 -978.625000
-37 -1005.312500
-38 -1013.125000
-39 -1080.125000
-40 -1083.000000
-41 -1165.187500
-42 -1090.562500
-43 -1151.375000
-44 -1156.375000
-45 -1263.812500
-46 -1175.875000
-47 -1263.375000
-48 -1276.687500
-49 -1282.125000
-50 -1313.937500
-51 -1372.937500
-52 -1325.875000
-53 -1427.687500
-54 -1344.125000
-55 -1441.062500
-56 -1390.750000
-57 -1509.062500
-58 -1529.562500
-59 -1592.125000
-60 -1573.875000
-61 -1598.875000
-62 -1581.375000
-63 -1598.625000
-64 -1636.125000
-65 -1711.812500
-66 -1616.250000
-67 -1766.187500
-68 -1694.687500
-69 -1776.937500
-70 -1759.312500
-71 -1781.312500
-72 -1796.687500
-73 -1849.562500
-74 -1803.500000
-75 -1871.437500
-76 -1856.375000
-77 -1894.437500
-78 -1872.562500
-79 -1931.625000
-80 -1962.375000
-81 -1990.937500
-82 -1969.625000
-83 -1993.125000
-84 -1982.062500
-85 -2156.000000
-86 -1981.000000
-87 -2181.312500
-88 -2145.125000
-89 -2209.937500
-90 -2166.812500
-91 -2210.125000
-92 -2211.687500
-93 -2299.687500
-94 -2222.062500
-95 -2436.937500
-96 -2288.625000
-97 -2530.437500
-98 -2417.312500
-99 -2636.937500
-100 -2546.375000
-101 -2659.375000
-102 -2622.000000
-103 -2674.500000
-104 -2673.250000
-105 -2759.625000
-106 -2664.312500
-107 -2814.562500
-108 -2740.625000
-109 -2957.375000
-110 -2954.562500
-111 -3086.875000
-112 -2988.000000
-113 -3136.437500
-114 -3074.875000
-115 -3125.187500
-116 -3130.875000
-117 -3161.375000
-118 -3141.312500
-119 -3171.312500
-120 -3146.125000
-121 -3288.437500
-122 -3238.437500
-123 -3291.500000
-124 -3256.000000
-125 -3339.750000
-126 -3341.937500
-127 -3497.375000
-128 -3412.437500
-129 -3497.500000
-130 -3519.750000
-131 -3551.500000
-132 -3530.375000
-133 -3712.750000
-134 -3613.687500
-135 -3766.187500
-136 -3687.812500
-137 -3776.062500
-138 -3769.000000
-139 -3847.875000
-140 -3794.875000
-141 -3915.062500
-142 -3821.250000
-143 -4054.562500
-144 -4010.250000
-145 -4160.875000
-146 -4052.625000
-147 -4286.312500
-148 -4094.250000
-149 -4299.625000
-150 -4165.875000
-151 -4310.812500
-152 -4404.437500
-153 -4435.000000
-154 -4443.062500
-155 -4517.562500
-156 -4464.437500
-157 -4630.375000
-158 -4480.312500
-159 -4661.062500
-160 -4602.375000
-161 -4664.625000
-162 -4649.875000
-163 -4714.250000
-164 -4701.625000
-165 -4775.562500
-166 -4756.687500
-167 -4799.812500
-168 -4770.437500
-169 -4810.687500
-170 -4800.625000
-171 -4830.437500
-172 -4841.750000
-173 -4885.812500
-174 -4858.562500
-175 -4983.375000
-176 -4877.125000
-177 -5001.500000
-178 -5017.125000
-179 -5027.375000
-180 -5031.187500
-181 -5134.500000
-182 -5043.812500
-183 -5181.687500
-184 -5105.937500
-185 -5268.250000
-186 -5180.937500
-187 -5278.625000
-188 -5235.562500
-189 -5331.937500
-190 -5297.187500
-191 -5327.625000
-192 -5289.250000
-193 -5357.250000
-194 -5291.875000
-195 -5372.437500
-196 -5318.437500
-197 -5400.000000
-198 -5382.062500
-199 -5382.000000
-200 -5376.625000
-201 -5392.687500
-202 -5393.625000
-203 -5397.062500
-204 -5393.812500
-205 -5501.125000
-206 -5392.625000
-207 -5545.500000
-208 -5420.187500
-209 -5560.312500
-210 -5483.125000
-211 -5566.250000
-212 -5510.875000
-213 -5604.000000
-214 -5538.750000
-215 -5621.437500
-216 -5590.187500
-217 -5636.250000
-218 -5636.750000
-219 -5668.625000
-220 -5673.937500
-221 -5700.250000
-222 -5701.125000
-223 -5766.937500
-224 -5714.812500
-225 -5784.625000
-226 -5756.875000
-227 -5791.125000
-228 -5742.437500
-229 -5805.000000
-230 -5783.125000
-231 -5825.187500
-232 -5789.937500
-233 -5821.062500
-234 -5821.687500
-235 -5852.875000
-236 -5832.625000
-237 -5881.562500
-238 -5844.062500
-239 -5925.687500
-240 -5907.375000
-241 -5945.125000
-242 -5912.562500
-243 -5976.875000
-244 -5954.250000
-245 -6028.687500
-246 -5965.125000
-247 -6019.687500
-248 -5990.375000
-249 -6067.187500
-250 -6035.437500
-251 -6143.875000
-252 -6159.125000
-253 -6181.875000
-254 -6140.625000
-255 -6208.187500
-256 -6168.500000
-257 -6210.250000
-258 -6205.062500
-259 -6305.687500
-260 -6188.687500
-261 -6356.375000
-262 -6209.500000
-263 -6377.937500
-264 -6266.250000
-265 -6532.875000
-266 -6361.250000
-267 -6530.687500
-268 -6481.312500
-269 -6535.062500
-270 -6485.937500
-271 -6569.312500
-272 -6561.437500
-273 -6582.812500
-274 -6579.875000
-275 -6584.937500
-276 -6594.125000
-277 -6602.000000
-278 -6598.437500
-279 -6700.812500
-280 -6670.375000
-281 -6722.375000
-282 -6718.250000
-283 -6797.500000
-284 -6722.875000
-285 -6820.687500
-286 -6730.312500
-287 -6831.500000
-288 -6826.625000
-289 -6877.500000
-290 -6885.187500
-291 -6930.250000
-292 -6910.500000
-293 -7025.500000
-294 -6906.250000
-295 -7041.937500
-296 -7076.625000
-297 -7110.937500
-298 -7080.562500
-299 -7147.437500
-300 -7134.125000
-301 -7199.312500
-302 -7113.250000
-303 -7306.750000
-304 -7146.125000
-305 -7346.937500
-306 -7277.687500
-307 -7398.187500
-308 -7340.437500
-309 -7415.875000
-310 -7357.187500
-311 -7472.625000
-312 -7482.937500
-313 -7498.937500
-314 -7510.000000
-315 -7518.500000
-316 -7544.187500
-317 -7661.187500
-318 -7595.437500
-319 -7661.812500
-320 -7619.125000
-321 -7739.187500
-322 -7729.562500
-323 -7887.312500
-324 -7829.125000
-325 -7898.750000
-326 -7880.125000
-327 -8072.250000
-328 -7907.062500
-329 -8035.125000
-330 -7921.500000
-331 -8132.625000
-332 -8076.062500
-333 -8161.250000
-334 -8137.625000
-335 -8178.500000
-336 -8151.250000
-337 -8292.062500
-338 -8279.375000
-339 -8337.062500
-340 -8288.687500
-341 -8367.375000
-342 -8325.875000
-343 -8407.187500
-344 -8348.875000
-345 -8408.750000
-346 -8367.562500
-347 -8432.125000
-348 -8424.062500
-349 -8475.937500
-350 -8450.312500
-351 -8614.562500
-352 -8495.812500
-353 -8670.500000
-354 -8622.875000
-355 -8743.500000
-356 -8666.625000
-357 -8766.750000
-358 -8657.937500
-359 -8751.750000
-360 -8746.750000
-361 -8776.000000
-362 -8788.187500
-363 -8846.187500
-364 -8775.062500
-365 -8840.562500
-366 -8812.875000
-367 -8884.812500
-368 -8843.625000
-369 -8933.125000
-370 -8845.187500
-371 -8976.375000
-372 -8871.937500
-373 -9035.250000
-374 -8925.187500
-375 -9076.625000
-376 -8981.125000
-377 -9096.937500
-378 -9031.312500
-379 -9090.375000
-380 -9114.000000
-381 -9154.312500
-382 -9172.062500
-383 -9219.000000
-384 -9142.375000
-385 -9252.375000
-386 -9180.500000
-387 -9328.500000
-388 -9220.187500
-389 -9323.625000
-390 -9293.187500
-391 -9370.875000
-392 -9374.875000
-393 -9399.125000
-394 -9333.500000
-395 -9424.500000
-396 -9409.062500
-397 -9458.937500
-398 -9387.250000
-399 -9427.687500
-400 -9431.125000
-401 -9479.375000
-402 -9467.937500
-403 -9512.812500
-404 -9509.437500
-405 -9528.625000
-406 -9514.250000
-407 -9536.812500
-408 -9532.937500
-409 -9667.750000
-410 -9604.062500
-411 -9676.437500
-412 -9643.500000
-413 -9677.375000
-414 -9692.937500
-415 -9723.062500
-416 -9690.750000
-417 -9768.875000
-418 -9735.687500
-419 -9771.125000
-420 -9746.312500
-421 -9832.000000
-422 -9784.750000
-423 -9822.687500
-424 -9794.312500
-425 -9863.562500
-426 -9839.187500
-427 -9859.937500
-428 -9822.625000
-429 -9905.062500
-430 -9896.125000
-431 -9911.437500
-432 -9900.812500
-433 -9952.750000
-434 -9915.687500
-435 -9990.375000
-436 -9921.250000
-437 -9986.562500
-438 -9982.500000
-439 -9993.125000
-440 -10005.375000
-441 -10016.812500
-442 -10011.125000
-443 -10025.625000
-444 -10031.000000
-445 -10071.937500
-446 -10028.562500
-447 -10067.250000
-448 -10080.750000
-449 -10178.000000
-450 -10055.875000
-451 -10206.000000
-452 -10199.750000
-453 -10258.375000
-454 -10244.687500
-455 -10294.500000
-456 -10216.937500
-457 -10312.875000
-458 -10273.750000
-459 -10309.812500
-460 -10302.625000
-461 -10362.500000
-462 -10304.500000
-463 -10354.562500
-464 -10310.625000
-465 -10366.875000
-466 -10352.125000
-467 -10367.937500
-468 -10338.937500
-469 -10434.625000
-470 -10368.125000
-471 -10434.625000
-472 -10446.312500
-473 -10532.187500
-474 -10439.812500
-475 -10547.312500
-476 -10496.250000
-477 -10563.875000
-478 -10542.812500
-479 -10567.187500
-480 -10553.750000
-481 -10591.437500
-482 -10589.062500
-483 -10626.062500
-484 -10594.812500
-485 -10615.625000
-486 -10614.812500
-487 -10626.250000
-488 -10627.062500
-489 -10651.937500
-490 -10630.750000
-491 -10656.687500
-492 -10649.937500
-493 -10709.125000
-494 -10652.562500
-495 -10729.000000
-496 -10659.750000
-497 -10755.625000
-498 -10768.125000
-499 -10785.687500
-500 -10763.625000
-501 -10780.687500
-502 -10776.500000
-503 -10819.562500
-504 -10778.375000
-505 -10829.375000
-506 -10824.625000
-507 -10910.000000
-508 -10803.500000
-509 -10943.187500
-510 -10927.500000
-511 -11064.937500
-512 -10937.062500
-513 -11080.562500
-514 -10993.500000
-515 -11126.875000
-516 -11134.250000
-517 -11144.000000
-518 -11145.687500
-519 -11187.250000
-520 -11159.750000
-521 -11243.187500
-522 -11176.812500
-523 -11265.437500
-524 -11188.000000
-525 -11243.187500
-526 -11234.312500
-527 -11275.687500
-528 -11343.312500
-529 -11363.125000
-530 -11346.250000
-531 -11389.875000
-532 -11355.875000
-533 -11481.562500
-534 -11458.125000
-535 -11492.187500
-536 -11452.125000
-537 -11524.000000
-538 -11476.687500
-539 -11536.000000
-540 -11505.750000
-541 -11538.000000
-542 -11526.375000
-543 -11558.312500
-544 -11526.625000
-545 -11686.187500
-546 -11531.437500
-547 -11746.500000
-548 -11637.125000
-549 -11754.062500
-550 -11692.187500
-551 -11763.562500
-552 -11752.375000
-553 -11782.812500
-554 -11768.562500
-555 -11824.312500
-556 -11757.812500
-557 -11999.750000
-558 -11820.625000
-559 -12036.875000
-560 -11950.437500
-561 -12069.062500
-562 -11991.187500
-563 -12113.000000
-564 -12059.875000
-565 -12094.250000
-566 -12072.625000
-567 -12144.875000
-568 -12079.937500
-569 -12139.625000
-570 -12089.687500
-571 -12162.125000
-572 -12130.562500
-573 -12240.000000
-574 -12215.375000
-575 -12249.000000
-576 -12211.312500
-577 -12316.500000
-578 -12226.062500
-579 -12345.250000
-580 -12256.187500
-581 -12349.437500
-582 -12320.500000
-583 -12351.562500
-584 -12368.812500
-585 -12390.750000
-586 -12386.750000
-587 -12427.875000
-588 -12382.812500
-589 -12437.187500
-590 -12428.625000
-591 -12487.812500
-592 -12424.562500
-593 -12627.062500
-594 -12468.437500
-595 -12656.750000
-596 -12521.937500
-597 -12733.875000
-598 -12605.250000
-599 -12737.687500
-600 -12708.500000
-601 -12758.312500
-602 -12717.500000
-603 -12799.000000
-604 -12781.750000
-605 -12856.750000
-606 -12867.125000
-607 -12890.687500
-608 -12853.312500
-609 -12913.125000
-610 -12867.937500
-611 -12921.000000
-612 -12914.062500
-613 -12965.312500
-614 -12942.625000
-615 -12965.875000
-616 -12943.500000
-617 -12982.250000
-618 -12945.000000
-619 -12994.687500
-620 -13042.125000
-621 -13038.375000
-622 -13084.000000
-623 -13099.125000
-624 -13083.250000
-625 -13150.625000
-626 -13142.187500
-627 -13255.562500
-628 -13145.437500
-629 -13334.375000
-630 -13176.625000
-631 -13357.000000
-632 -13271.875000
-633 -13406.312500
-634 -13392.750000
-635 -13450.875000
-636 -13436.250000
-637 -13461.437500
-638 -13442.562500
-639 -13450.625000
-640 -13480.437500
-641 -13514.937500
-642 -13500.250000
-643 -13517.687500
-644 -13508.312500
-645 -13520.250000
-646 -13524.437500
-647 -13557.437500
-648 -13546.812500
-649 -13621.000000
-650 -13544.812500
-651 -13638.187500
-652 -13564.500000
-653 -13640.000000
-654 -13653.500000
-655 -13644.812500
-656 -13648.937500
-657 -13689.437500
-658 -13663.062500
-659 -13712.375000
-660 -13695.750000
-661 -13758.062500
-662 -13700.062500
-663 -13785.937500
-664 -13754.125000
-665 -13797.875000
-666 -13792.750000
-667 -13896.750000
-668 -13810.312500
-669 -13941.062500
-670 -13851.187500
-671 -14086.250000
-672 -14037.312500
-673 -14183.187500
-674 -14096.000000
-675 -14263.437500
-676 -14287.875000
-677 -14379.437500
-678 -14307.750000
-679 -14381.250000
-680 -14392.937500
-681 -14391.562500
-682 -14400.125000
-683 -14415.187500
-684 -14398.312500
-685 -14483.000000
-686 -14433.875000
-687 -14618.687500
-688 -14457.812500
-689 -14631.500000
-690 -14605.875000
-691 -14652.812500
-692 -14632.625000
-693 -14653.750000
-694 -14639.250000
-695 -14721.875000
-696 -14672.125000
-697 -14996.812500
-698 -14689.562500
-699 -15305.312500
