0 0.000000
-1 -5.416992
-2 -4.105591
-3 -9.266174
-4 -5.923950
-5 -11.396667
-6 -6.399414
-7 -11.564026
-8 -9.794983
-9 -14.220642
-10 -11.854553
-11 -16.405823
-12 -12.469543
-13 -17.391602
-14 -16.234192
-15 -20.787048
-16 -18.659302
-17 -23.198425
-18 -19.485779
-19 -24.510315
-20 -22.186279
-21 -27.060181
-22 -24.934387
-23 -29.710999
-24 -26.323914
-25 -31.283630
-26 -29.327637
-27 -34.136292
-28 -31.897827
-29 -36.222656
-30 -33.689636
-31 -38.114319
-32 -36.613647
-33 -40.887756
-34 -38.825378
-35 -43.013550
-36 -40.752380
-37 -45.260742
-38 -43.617676
-39 -48.509583
-40 -45.608704
-41 -50.742920
-42 -47.561707
-43 -52.404480
-44 -50.685242
-45 -55.243042
-46 -53.325562
-47 -57.767334
-48 -54.977539
-49 -59.854797
-50 -58.171570
-51 -62.631165
-52 -60.233704
-53 -65.324341
-54 -62.577209
-55 -67.438171
-56 -65.627991
-57 -70.505859
-58 -68.137207
-59 -72.900696
-60 -70.375977
-61 -75.262390
-62 -73.222290
-63 -78.206665
-64 -75.996094
-65 -80.652344
-66 -78.073608
-67 -83.208557
-68 -81.270386
-69 -86.155396
-70 -83.331665
-71 -89.247803
-72 -85.756531
-73 -91.403748
-74 -89.440369
-75 -94.609680
-76 -92.141846
-77 -97.241272
-78 -94.426941
-79 -99.474548
-80 -97.856567
-81 -102.337708
-82 -100.174438
-83 -105.026001
-84 -102.682434
-85 -107.747375
-86 -105.722900
-87 -110.916016
-88 -108.356201
-89 -113.372681
-90 -111.140625
-91 -115.755920
-92 -113.844299
-93 -118.600647
-94 -116.576416
-95 -120.992859
-96 -119.174438
-97 -123.532410
-98 -122.066956
-99 -126.721008
-100 -124.142090
-101 -129.426453
-102 -126.999573
-103 -131.710571
-104 -130.233643
-105 -135.238586
-106 -132.771912
-107 -137.885742
-108 -135.431763
-109 -140.606812
-110 -138.746277
-111 -143.402405
-112 -141.308655
-113 -146.104980
-114 -143.929443
-115 -149.007690
-116 -147.261047
-117 -152.343140
-118 -150.226379
-119 -155.468811
-120 -152.765381
-121 -157.900452
-122 -156.344482
-123 -161.149841
-124 -159.348938
-125 -163.915894
-126 -161.660400
-127 -166.857544
-128 -164.992432
-129 -170.189575
-130 -167.513184
-131 -172.962036
-132 -170.666260
-133 -175.864563
-134 -173.758972
-135 -179.254028
-136 -176.745300
-137 -182.105347
-138 -179.694824
-139 -185.337891
-140 -182.866394
-141 -188.193787
-142 -186.049805
-143 -190.940674
-144 -188.828857
-145 -193.803406
-146 -191.993469
-147 -197.162537
-148 -195.101074
-149 -199.872009
-150 -198.097839
-151 -203.160583
-152 -200.735840
-153 -205.861450
-154 -203.473206
-155 -208.786377
-156 -206.752502
-157 -211.633972
-158 -209.768921
-159 -214.589172
-160 -212.564941
-161 -217.573059
-162 -215.213440
-163 -220.551086
-164 -218.523682
-165 -223.727051
-166 -221.519836
-167 -226.436157
-168 -224.463379
-169 -229.934387
-170 -227.852295
-171 -233.063354
-172 -230.808472
-173 -235.778870
-174 -234.220581
-175 -238.569092
-176 -236.608337
-177 -242.203857
-178 -239.780518
-179 -244.571228
-180 -242.887756
-181 -247.982239
-182 -246.492554
-183 -251.198730
-184 -249.461365
-185 -253.942688
-186 -252.218445
-187 -257.060059
-188 -255.552368
-189 -260.259338
-190 -258.293884
-191 -262.984619
-192 -261.583191
-193 -266.312439
-194 -264.482666
-195 -269.282166
-196 -267.553406
-197 -272.296387
-198 -270.417542
-199 -275.399658
-200 -273.898315
-201 -279.023376
-202 -276.907104
-203 -281.703430
-204 -279.613037
-205 -284.996338
-206 -282.710938
-207 -288.014099
-208 -285.753845
-209 -291.188171
-210 -289.452820
-211 -294.440613
-212 -292.342712
-213 -297.410583
-214 -295.514343
-215 -300.961060
-216 -298.596680
-217 -304.299500
-218 -301.809570
-219 -307.519348
-220 -305.070801
-221 -310.006653
-222 -308.558655
-223 -312.795837
-224 -311.327393
-225 -316.389282
-226 -314.327393
-227 -319.635986
-228 -317.734436
-229 -322.479980
-230 -320.703247
-231 -325.653931
-232 -324.178711
-233 -329.428223
-234 -327.203491
-235 -332.449524
-236 -330.334595
-237 -335.861572
-238 -333.376282
-239 -338.728638
-240 -336.446716
-241 -342.026062
-242 -339.803223
-243 -345.479309
-244 -343.205261
-245 -348.836182
-246 -346.219727
-247 -351.996948
-248 -349.497681
-249 -355.053406
-250 -353.569702
-251 -358.605835
-252 -356.401306
-253 -361.733765
-254 -359.751587
-255 -365.175598
-256 -363.003540
-257 -368.578552
-258 -366.372437
-259 -371.821167
-260 -369.932922
-261 -374.650452
-262 -372.972168
-263 -377.560364
-264 -375.682373
-265 -380.864319
-266 -379.130493
-267 -384.376404
-268 -382.110352
-269 -387.619019
-270 -385.294128
-271 -391.356506
-272 -388.932861
-273 -393.887756
-274 -391.873596
-275 -397.265503
-276 -394.984375
-277 -400.289917
-278 -397.845398
-279 -403.478577
-280 -401.479919
-281 -406.642334
-282 -404.533508
-283 -409.668152
-284 -407.298950
-285 -412.791565
-286 -410.326416
-287 -415.990173
-288 -413.637390
-289 -419.004700
-290 -416.536133
-291 -421.662720
-292 -419.999634
-293 -425.091858
-294 -422.978394
-295 -428.420593
-296 -425.599609
-297 -431.839661
-298 -429.041321
-299 -434.446960
-300 -432.071655
-301 -437.837891
-302 -435.348816
-303 -440.821411
-304 -437.924072
-305 -443.800598
-306 -441.513550
-307 -447.124817
-308 -444.484924
-309 -450.335571
-310 -447.444824
-311 -453.297119
-312 -450.807312
-313 -456.170959
-314 -453.823975
-315 -459.369751
-316 -456.627625
-317 -462.504639
-318 -459.551392
-319 -465.274841
-320 -462.908142
-321 -468.629822
-322 -466.263550
-323 -471.888611
-324 -469.157471
-325 -474.911194
-326 -472.460571
-327 -478.417542
-328 -475.735474
-329 -481.708801
-330 -478.975403
-331 -484.012085
-332 -482.376404
-333 -487.494324
-334 -485.211792
-335 -490.773865
-336 -488.091919
-337 -494.097046
-338 -491.288147
-339 -497.858887
-340 -494.781067
-341 -500.474915
-342 -497.653931
-343 -503.847778
-344 -501.434143
-345 -507.682251
-346 -504.850952
-347 -510.656189
-348 -508.226440
-349 -513.602234
-350 -511.510742
-351 -517.185059
-352 -514.887939
-353 -520.849060
-354 -517.912659
-355 -524.032776
-356 -521.069214
-357 -526.364929
-358 -524.730591
-359 -529.796448
-360 -527.191711
-361 -532.770569
-362 -530.052368
-363 -535.565491
-364 -533.138184
-365 -538.919861
-366 -536.505005
-367 -541.855896
-368 -539.300293
-369 -545.207336
-370 -542.593384
-371 -548.832886
-372 -546.073242
-373 -551.982849
-374 -549.275635
-375 -555.724670
-376 -552.572327
-377 -558.743469
-378 -556.302734
-379 -561.851807
-380 -559.009766
-381 -565.252930
-382 -562.717102
-383 -567.940247
-384 -565.781311
-385 -571.284058
-386 -568.546692
-387 -574.588501
-388 -571.516479
-389 -577.554932
-390 -574.838806
-391 -580.752747
-392 -577.857300
-393 -583.784790
-394 -580.503540
-395 -586.963867
-396 -583.349731
-397 -590.300598
-398 -587.233948
-399 -593.274292
-400 -590.498901
-401 -596.513611
-402 -593.476624
-403 -599.723938
-404 -596.264343
-405 -602.319031
-406 -599.583984
-407 -605.449280
-408 -602.669373
-409 -608.727234
-410 -605.353882
-411 -611.632324
-412 -608.637573
-413 -614.377747
-414 -612.061646
-415 -617.423401
-416 -614.907349
-417 -621.202515
-418 -617.310303
-419 -623.828247
-420 -620.650940
-421 -626.891174
-422 -623.954651
-423 -629.789673
-424 -627.453674
-425 -633.323303
-426 -629.682495
-427 -636.655762
-428 -632.760498
-429 -639.426392
-430 -636.387817
-431 -643.265015
-432 -639.764221
-433 -646.730896
-434 -642.359924
-435 -650.349670
-436 -646.834534
-437 -653.479126
-438 -649.971924
-439 -657.037415
-440 -653.088257
-441 -659.671204
-442 -656.406006
-443 -662.931946
-444 -659.940063
-445 -666.384216
-446 -663.048584
-447 -669.342896
-448 -666.291138
-449 -672.282654
-450 -669.483643
-451 -675.452271
-452 -673.000610
-453 -678.859497
-454 -675.625061
-455 -681.606079
-456 -678.754333
-457 -685.208862
-458 -682.423462
-459 -689.156555
-460 -685.489197
-461 -691.885620
-462 -688.888672
-463 -694.674988
-464 -692.565552
-465 -698.188110
-466 -695.618896
-467 -701.442810
-468 -698.521057
-469 -704.429016
-470 -701.924011
-471 -708.444031
-472 -705.308716
-473 -712.060974
-474 -708.732239
-475 -715.129578
-476 -711.826538
-477 -718.578552
-478 -715.654602
-479 -721.393127
-480 -718.644531
-481 -724.364624
-482 -721.951416
-483 -728.138000
-484 -725.268982
-485 -731.772156
-486 -728.059753
-487 -734.511108
-488 -731.274597
-489 -737.903259
-490 -735.150818
-491 -740.915955
-492 -737.925110
-493 -743.081116
-494 -741.418335
-495 -747.155029
-496 -744.444885
-497 -750.636230
-498 -747.766785
-499 -753.761902
-500 -750.944580
-501 -756.787598
-502 -753.629395
-503 -759.741821
-504 -756.636414
-505 -762.927063
-506 -759.785889
-507 -766.260132
-508 -763.271973
-509 -769.651123
-510 -766.289795
-511 -772.635681
-512 -769.147766
-513 -776.010986
-514 -772.677185
-515 -778.837219
-516 -775.998718
-517 -782.250732
-518 -779.044983
-519 -785.987549
-520 -782.116638
-521 -788.845642
-522 -784.885010
-523 -791.708740
-524 -788.836914
-525 -795.291382
-526 -791.846497
-527 -798.213989
-528 -794.997559
-529 -801.631348
-530 -798.260925
-531 -804.604553
-532 -801.716614
-533 -808.063049
-534 -804.698120
-535 -811.071777
-536 -807.760742
-537 -814.475403
-538 -811.238708
-539 -817.303894
-540 -814.176270
-541 -820.828003
-542 -817.553284
-543 -824.372070
-544 -820.032043
-545 -827.193115
-546 -823.467224
-547 -830.037048
-548 -826.547607
-549 -833.394531
-550 -829.359924
-551 -836.361450
-552 -832.857483
-553 -839.651123
-554 -836.347351
-555 -842.744812
-556 -839.700500
-557 -846.532532
-558 -842.905212
-559 -850.389832
-560 -846.404846
-561 -853.548889
-562 -850.097290
-563 -857.239380
-564 -853.686035
-565 -860.495544
-566 -856.927917
-567 -862.986145
-568 -860.684937
-569 -865.700684
-570 -863.631836
-571 -869.428467
-572 -866.694214
-573 -872.995850
-574 -869.794983
-575 -875.638794
-576 -873.071777
-577 -879.282959
-578 -876.630676
-579 -882.650818
-580 -879.289490
-581 -886.314697
-582 -882.817017
-583 -890.078857
-584 -887.136780
-585 -893.657104
-586 -890.304932
-587 -897.519470
-588 -893.430847
-589 -900.469849
-590 -897.460754
-591 -904.418274
-592 -901.034668
-593 -907.724915
-594 -904.221558
-595 -911.582214
-596 -908.086365
-597 -916.024170
-598 -911.321045
-599 -919.714905
-600 -915.382507
-601 -923.502563
-602 -919.102417
-603 -926.900452
-604 -923.181763
-605 -929.668152
-606 -925.880432
-607 -932.815247
-608 -929.539246
-609 -935.991943
-610 -932.764099
-611 -939.368225
-612 -936.246765
-613 -942.691711
-614 -939.331726
-615 -946.257751
-616 -942.617065
-617 -949.348267
-618 -946.217712
-619 -953.444519
-620 -949.174805
-621 -956.754150
-622 -952.498840
-623 -959.746765
-624 -956.346680
-625 -963.324219
-626 -959.655396
-627 -966.611389
-628 -962.724182
-629 -969.688049
-630 -966.624512
-631 -973.120483
-632 -970.081299
-633 -977.062927
-634 -972.992004
-635 -979.954407
-636 -975.917603
-637 -982.905334
-638 -980.233826
-639 -986.845825
-640 -983.000427
-641 -989.528687
-642 -985.982666
-643 -994.098999
-644 -989.428101
-645 -997.347473
-646 -992.914612
-647 -1000.508484
-648 -996.676147
-649 -1003.437195
-650 -1000.258728
-651 -1008.059875
-652 -1003.075256
-653 -1010.476013
-654 -1006.430054
-655 -1014.111694
-656 -1010.672791
-657 -1017.797180
-658 -1013.520264
-659 -1020.837158
-660 -1017.333618
-661 -1024.688049
-662 -1021.042053
-663 -1027.337097
-664 -1024.341553
-665 -1031.547302
-666 -1027.255554
-667 -1034.846985
-668 -1030.801147
-669 -1038.209351
-670 -1034.403687
-671 -1042.729919
-672 -1038.273132
-673 -1045.962524
-674 -1041.556396
-675 -1049.335388
-676 -1046.025452
-677 -1052.804565
-678 -1048.865601
-679 -1056.469849
-680 -1052.929932
-681 -1059.315796
-682 -1056.434021
-683 -1062.411377
-684 -1059.647156
-685 -1066.572327
-686 -1062.574219
-687 -1070.759033
-688 -1065.740051
-689 -1073.721497
-690 -1069.833313
-691 -1077.601257
-692 -1073.008789
-693 -1081.956787
-694 -1077.507568
-695 -1085.271301
-696 -1080.599976
-697 -1089.207520
-698 -1084.537903
-699 -1092.666565
