0 0.000000
-1 -4.567398
-2 -3.136253
-3 -7.845451
-4 -4.875145
-5 -9.752853
-6 -5.132805
-7 -9.960594
-8 -8.288208
-9 -12.964012
-10 -10.406723
-11 -15.106491
-12 -11.228310
-13 -15.871323
-14 -14.341217
-15 -18.863434
-16 -16.330544
-17 -21.028687
-18 -17.629059
-19 -22.052948
-20 -20.544456
-21 -24.983086
-22 -22.645149
-23 -27.331062
-24 -23.958984
-25 -28.705322
-26 -27.077354
-27 -32.024147
-28 -29.662437
-29 -34.413017
-30 -31.247101
-31 -35.933327
-32 -34.381638
-33 -38.826721
-34 -36.581650
-35 -41.222977
-36 -38.343719
-37 -42.935814
-38 -41.258850
-39 -46.084709
-40 -43.786827
-41 -48.538513
-42 -45.830101
-43 -50.515793
-44 -48.757706
-45 -53.526764
-46 -51.078285
-47 -56.027245
-48 -53.299088
-49 -58.179764
-50 -56.288292
-51 -61.077736
-52 -58.763214
-53 -63.336746
-54 -60.873299
-55 -65.582390
-56 -63.794754
-57 -68.445938
-58 -66.188606
-59 -70.835823
-60 -68.415878
-61 -73.152962
-62 -71.434151
-63 -76.238579
-64 -73.804855
-65 -78.756454
-66 -76.229492
-67 -80.931587
-68 -79.256950
-69 -83.996056
-70 -81.764320
-71 -86.496750
-72 -84.150658
-73 -88.824234
-74 -87.091606
-75 -91.859428
-76 -89.703682
-77 -94.344215
-78 -92.146111
-79 -96.973373
-80 -95.045639
-81 -100.256760
-82 -97.699402
-83 -102.716988
-84 -100.262733
-85 -105.181282
-86 -103.283348
-87 -108.260460
-88 -105.942383
-89 -110.898239
-90 -108.548470
-91 -113.354378
-92 -111.641991
-93 -116.393921
-94 -114.187225
-95 -119.012138
-96 -116.888390
-97 -121.472946
-98 -119.796463
-99 -124.335251
-100 -122.452431
-101 -126.928665
-102 -124.873344
-103 -129.470879
-104 -127.774742
-105 -132.845116
-106 -130.531509
-107 -135.431541
-108 -133.223457
-109 -138.321533
-110 -136.353310
-111 -141.380348
-112 -139.273026
-113 -144.008049
-114 -141.854698
-115 -146.771416
-116 -144.767960
-117 -149.707886
-118 -147.488251
-119 -152.356514
-120 -150.232948
-121 -155.266060
-122 -153.270226
-123 -158.191490
-124 -156.038414
-125 -160.922684
-126 -158.771698
-127 -163.815613
-128 -161.849739
-129 -166.723389
-130 -164.707115
-131 -169.476112
-132 -167.407219
-133 -172.402687
-134 -170.591438
-135 -175.547066
-136 -173.274811
-137 -178.342415
-138 -176.136406
-139 -181.328560
-140 -179.398094
-141 -184.390320
-142 -182.244293
-143 -187.367729
-144 -185.042435
-145 -190.159004
-146 -188.198990
-147 -193.345078
-148 -191.136238
-149 -196.077454
-150 -194.001938
-151 -199.049370
-152 -197.035011
-153 -202.183083
-154 -199.856522
-155 -205.048302
-156 -202.732506
-157 -207.864174
-158 -205.934311
-159 -210.964783
-160 -208.840164
-161 -213.930412
-162 -211.974831
-163 -217.055168
-164 -215.150620
-165 -220.082497
-166 -218.006813
-167 -222.897003
-168 -220.819046
-169 -225.987099
-170 -224.052185
-171 -229.176430
-172 -226.959770
-173 -232.213806
-174 -229.907730
-175 -235.275940
-176 -233.265930
-177 -238.426460
-178 -236.209480
-179 -241.275963
-180 -239.150940
-181 -244.173241
-182 -242.199020
-183 -247.432480
-184 -245.045418
-185 -250.359589
-186 -248.091446
-187 -253.358040
-188 -251.404884
-189 -256.409904
-190 -254.313004
-191 -259.446815
-192 -257.268127
-193 -262.630295
-194 -260.461998
-195 -265.639671
-196 -263.471115
-197 -268.672089
-198 -266.560349
-199 -271.668152
-200 -269.569031
-201 -274.634933
-202 -272.639549
-203 -277.683258
-204 -275.518219
-205 -280.849251
-206 -278.557976
-207 -283.890877
-208 -281.712143
-209 -287.016495
-210 -284.680496
-211 -289.977257
-212 -287.853020
-213 -293.069817
-214 -290.899612
-215 -296.018341
-216 -293.961578
-217 -299.225487
-218 -297.042946
-219 -302.279160
-220 -300.093765
-221 -305.360558
-222 -303.107094
-223 -308.407448
-224 -306.376205
-225 -311.526985
-226 -309.342140
-227 -314.649422
-228 -312.317261
-229 -317.638382
-230 -315.532341
-231 -320.511299
-232 -318.463387
-233 -323.577980
-234 -321.493912
-235 -326.712379
-236 -324.555069
-237 -329.788101
-238 -327.454170
-239 -332.719681
-240 -330.500839
-241 -335.822945
-242 -333.636726
-243 -338.933533
-244 -336.668617
-245 -342.045845
-246 -339.739532
-247 -345.110443
-248 -342.805733
-249 -348.294243
-250 -345.907288
-251 -351.455345
-252 -349.050407
-253 -354.331207
-254 -352.016853
-255 -357.303108
-256 -355.081429
-257 -360.406235
-258 -358.104317
-259 -363.426216
-260 -361.225403
-261 -366.414841
-262 -364.283417
-263 -369.545944
-264 -367.316383
-265 -372.551147
-266 -370.505356
-267 -375.672630
-268 -373.444405
-269 -378.682930
-270 -376.549156
-271 -381.916145
-272 -379.667641
-273 -385.087914
-274 -382.705376
-275 -388.052666
-276 -385.832558
-277 -391.131493
-278 -388.945389
-279 -394.258621
-280 -391.953819
-281 -397.246567
-282 -395.109039
-283 -400.245758
-284 -398.004356
-285 -403.264503
-286 -401.100662
-287 -406.501152
-288 -404.151382
-289 -409.665703
-290 -407.168350
-291 -412.589355
-292 -410.311401
-293 -415.810722
-294 -413.440300
-295 -418.755173
-296 -416.422836
-297 -421.804398
-298 -419.435890
-299 -425.013466
-300 -422.586990
-301 -428.227760
-302 -425.660072
-303 -431.164368
-304 -428.657486
-305 -434.285660
-306 -431.677505
-307 -437.265343
-308 -434.803062
-309 -440.287750
-310 -437.924545
-311 -443.416115
-312 -441.070816
-313 -446.441223
-314 -444.186493
-315 -449.319626
-316 -447.107292
-317 -452.530334
-318 -450.159973
-319 -455.797379
-320 -453.182793
-321 -458.778107
-322 -456.110252
-323 -461.815895
-324 -459.278099
-325 -465.012260
-326 -462.464066
-327 -468.148315
-328 -465.627419
-329 -471.200729
-330 -468.829712
-331 -474.179260
-332 -471.918488
-333 -477.428688
-334 -474.911209
-335 -480.388130
-336 -477.875931
-337 -483.565071
-338 -480.977272
-339 -486.710854
-340 -484.005211
-341 -489.801468
-342 -487.181770
-343 -492.868423
-344 -490.402641
-345 -495.885826
-346 -493.506325
-347 -499.115738
-348 -496.487068
-349 -502.112099
-350 -499.688034
-351 -505.057144
-352 -502.673004
-353 -508.172844
-354 -505.705002
-355 -511.407631
-356 -508.828568
-357 -514.315880
-358 -511.719406
-359 -517.441124
-360 -514.943832
-361 -520.520325
-362 -517.895973
-363 -523.672073
-364 -521.133263
-365 -526.917885
-366 -524.198387
-367 -529.969803
-368 -527.266685
-369 -533.043434
-370 -530.582527
-371 -536.155548
-372 -533.532097
-373 -539.245377
-374 -536.691055
-375 -542.163345
-376 -539.804672
-377 -545.386765
-378 -542.800354
-379 -548.412010
-380 -546.079880
-381 -551.380516
-382 -549.061874
-383 -554.584930
-384 -552.107796
-385 -557.783218
-386 -555.019768
-387 -560.930855
-388 -558.382843
-389 -564.129707
-390 -561.393883
-391 -567.532150
-392 -564.564781
-393 -570.429100
-394 -567.708054
-395 -573.655930
-396 -571.000259
-397 -576.902153
-398 -574.076218
-399 -580.071121
-400 -577.167915
-401 -583.374443
-402 -580.588943
-403 -586.672798
-404 -583.709824
-405 -589.695900
-406 -586.986641
-407 -592.795509
-408 -590.272591
-409 -595.965553
-410 -593.378662
-411 -598.859337
-412 -596.481384
-413 -602.218887
-414 -599.611038
-415 -605.499115
-416 -602.678337
-417 -608.464081
-418 -605.751358
-419 -611.689796
-420 -609.019112
-421 -615.150772
-422 -611.963081
-423 -618.139992
-424 -615.280350
-425 -621.232651
-426 -618.664001
-427 -624.423874
-428 -621.698532
-429 -627.543427
-430 -624.822350
-431 -630.756615
-432 -628.118462
-433 -634.236916
-434 -631.341629
-435 -637.542351
-436 -634.580795
-437 -640.773979
-438 -637.770683
-439 -643.921402
-440 -641.129883
-441 -647.110504
-442 -644.199829
-443 -650.462959
-444 -647.524170
-445 -653.502716
-446 -650.783417
-447 -656.660484
-448 -653.921883
-449 -660.066582
-450 -656.967949
-451 -663.117020
-452 -660.098305
-453 -666.311714
-454 -663.395134
-455 -669.345871
-456 -666.514694
-457 -672.505287
-458 -669.510178
-459 -675.841492
-460 -672.827286
-461 -678.876198
-462 -676.002708
-463 -682.073418
-464 -679.187294
-465 -685.450294
-466 -682.375893
-467 -688.559410
-468 -685.494240
-469 -691.609818
-470 -688.724274
-471 -694.809013
-472 -691.941132
-473 -698.027802
-474 -695.000435
-475 -701.209244
-476 -698.373810
-477 -704.431160
-478 -701.382179
-479 -707.628922
-480 -704.630447
-481 -710.923676
-482 -707.780258
-483 -714.115440
-484 -711.079895
-485 -717.168678
-486 -714.245026
-487 -720.579994
-488 -717.557610
-489 -723.935722
-490 -720.695251
-491 -727.167114
-492 -724.164001
-493 -730.323570
-494 -727.300964
-495 -733.699547
-496 -730.459808
-497 -736.991638
-498 -733.777458
-499 -740.025467
-500 -737.061874
-501 -743.533806
-502 -740.339607
-503 -746.337204
-504 -743.449638
-505 -749.598396
-506 -746.703331
-507 -752.844452
-508 -749.697708
-509 -756.101410
-510 -752.766907
-511 -759.290405
-512 -755.990631
-513 -762.327049
-514 -759.384552
-515 -765.674095
-516 -762.408936
-517 -768.901093
-518 -765.784378
-519 -772.108421
-520 -768.691139
-521 -775.079567
-522 -772.009407
-523 -778.461052
-524 -775.185860
-525 -781.464149
-526 -778.453552
-527 -784.664810
-528 -781.480659
-529 -787.871971
-530 -784.667488
-531 -791.128777
-532 -787.910469
-533 -794.287201
-534 -791.050926
-535 -797.674232
-536 -794.252190
-537 -801.183807
-538 -797.496071
-539 -804.475067
-540 -800.975174
-541 -807.700089
-542 -804.304863
-543 -811.133377
-544 -807.495491
-545 -814.002655
-546 -810.811440
-547 -817.374825
-548 -814.102745
-549 -820.692490
-550 -817.324226
-551 -823.795425
-552 -820.662064
-553 -827.125816
-554 -823.761688
-555 -830.270943
-556 -826.994240
-557 -833.343224
-558 -830.182281
-559 -836.556061
-560 -833.307968
-561 -839.926559
-562 -836.414749
-563 -843.409607
-564 -839.729393
-565 -846.657021
-566 -843.192612
-567 -849.786346
-568 -846.608284
-569 -853.267151
-570 -849.663933
-571 -856.750717
-572 -852.975876
-573 -859.858231
-574 -856.395805
-575 -863.511261
-576 -859.806900
-577 -866.419968
-578 -863.197533
-579 -869.823219
-580 -866.622917
-581 -873.159996
-582 -869.683365
-583 -876.468193
-584 -873.016922
-585 -879.643768
-586 -876.157661
-587 -883.039879
-588 -879.478638
-589 -886.256889
-590 -882.907310
-591 -889.517181
-592 -885.963509
-593 -892.771317
-594 -889.394867
-595 -896.066315
-596 -892.503975
-597 -899.559311
-598 -896.003189
-599 -902.814896
-600 -899.251808
-601 -906.092247
-602 -902.668633
-603 -909.352745
-604 -905.793488
-605 -912.772583
-606 -909.075195
-607 -916.083733
-608 -912.475510
-609 -919.717697
-610 -915.841324
-611 -922.870605
-612 -919.322281
-613 -926.065498
-614 -922.644936
-615 -929.549843
-616 -925.655731
-617 -932.665382
-618 -929.083038
-619 -935.930695
-620 -932.456360
-621 -939.529686
-622 -935.658096
-623 -942.735703
-624 -939.040497
-625 -945.958939
-626 -942.269249
-627 -949.287102
-628 -945.713081
-629 -952.837486
-630 -948.759186
-631 -956.000877
-632 -952.007332
-633 -959.259682
-634 -955.750214
-635 -962.640877
-636 -958.849289
-637 -966.174667
-638 -962.187592
-639 -969.489792
-640 -965.637772
-641 -972.819618
-642 -968.956276
-643 -976.238228
-644 -972.221397
-645 -979.661911
-646 -975.793739
-647 -982.968788
-648 -979.280724
-649 -986.477699
-650 -982.750427
-651 -989.867050
-652 -985.829468
-653 -993.386803
-654 -989.388924
-655 -996.523849
-656 -992.904663
-657 -1000.198845
-658 -996.239029
-659 -1003.647247
-660 -999.335640
-661 -1006.954079
-662 -1002.973076
-663 -1010.438324
-664 -1006.077660
-665 -1013.646881
-666 -1009.590988
-667 -1017.249672
-668 -1012.710518
-669 -1020.383293
-670 -1015.663200
-671 -1023.501221
-672 -1019.168274
-673 -1026.616898
-674 -1022.098343
-675 -1029.384933
-676 -1024.866493
-677 -1032.576294
-678 -1028.184181
-679 -1036.034248
-680 -1030.713150
-681 -1038.711693
-682 -1033.970421
-683 -1041.789604
-684 -1037.281456
-685 -1044.295563
-686 -1039.994431
-687 -1048.012184
-688 -1042.804581
-689 -1050.517647
-690 -1045.404579
-691 -1053.119774
-692 -1048.630295
-693 -1055.991173
-694 -1051.820213
-695 -1059.098900
-696 -1054.492294
-697 -1062.127518
-698 -1057.373352
-699 -1064.478470
