0 0.000000
-1 -4.750000
-2 -2.490234
-3 -5.057617
-4 -4.573242
-5 -9.737305
-6 -3.603516
-7 -9.342773
-8 -8.791992
-9 -14.223633
-10 -11.212891
-11 -15.625000
-12 -12.356445
-13 -18.121094
-14 -15.471680
-15 -20.180664
-16 -15.304688
-17 -22.050781
-18 -19.153320
-19 -22.952148
-20 -22.116211
-21 -27.343750
-22 -25.509766
-23 -30.928711
-24 -27.864258
-25 -33.396484
-26 -31.446289
-27 -37.919922
-28 -32.555664
-29 -40.431641
-30 -36.331055
-31 -41.261719
-32 -38.693359
-33 -43.124023
-34 -40.117188
-35 -44.793945
-36 -42.674805
-37 -48.173828
-38 -44.383789
-39 -50.686523
-40 -48.747070
-41 -55.461914
-42 -51.913086
-43 -59.683594
-44 -56.327148
-45 -64.000000
-46 -60.438477
-47 -66.415039
-48 -62.347656
-49 -68.246094
-50 -65.887695
-51 -70.887695
-52 -68.108398
-53 -72.967773
-54 -70.967773
-55 -74.600586
-56 -73.200195
-57 -78.964844
-58 -76.356445
-59 -81.874023
-60 -79.153320
-61 -85.761719
-62 -85.135742
-63 -92.617188
-64 -88.262695
-65 -94.897461
-66 -90.352539
-67 -98.610352
-68 -95.314453
-69 -100.505859
-70 -98.145508
-71 -104.193359
-72 -101.212891
-73 -105.890625
-74 -103.651367
-75 -107.927734
-76 -105.277344
-77 -111.164062
-78 -107.888672
-79 -112.710938
-80 -110.196289
-81 -116.248047
-82 -113.922852
-83 -119.873047
-84 -118.447266
-85 -121.397461
-86 -120.524414
-87 -125.316406
-88 -122.919922
-89 -127.764648
-90 -125.411133
-91 -130.756836
-92 -127.869141
-93 -131.779297
-94 -131.079102
-95 -134.547852
-96 -132.403320
-97 -139.194336
-98 -137.202148
-99 -141.352539
-100 -138.853516
-101 -144.811523
-102 -142.090820
-103 -148.543945
-104 -146.027344
-105 -151.689453
-106 -149.396484
-107 -156.208008
-108 -153.255859
-109 -161.271484
-110 -156.653320
-111 -162.936523
-112 -161.907227
-113 -166.713867
-114 -164.653320
-115 -169.506836
-116 -166.860352
-117 -170.360352
-118 -167.826172
-119 -175.286133
-120 -172.619141
-121 -178.784180
-122 -177.096680
-123 -180.930664
-124 -179.404297
-125 -183.387695
-126 -181.199219
-127 -188.499023
-128 -185.711914
-129 -192.375977
-130 -190.893555
-131 -194.951172
-132 -194.750977
-133 -197.558594
-134 -196.702148
-135 -200.399414
-136 -199.261719
-137 -208.879883
-138 -202.696289
-139 -211.418945
-140 -208.069336
-141 -215.950195
-142 -212.836914
-143 -220.868164
-144 -216.619141
-145 -225.563477
-146 -221.179688
-147 -228.315430
-148 -225.215820
-149 -231.819336
-150 -228.324219
-151 -233.666016
-152 -231.911133
-153 -237.679688
-154 -234.028320
-155 -241.443359
-156 -236.896484
-157 -245.836914
-158 -240.614258
-159 -250.971680
-160 -245.958008
-161 -253.649414
-162 -251.158203
-163 -258.692383
-164 -255.863281
-165 -263.084961
-166 -260.370117
-167 -268.030273
-168 -263.440430
-169 -270.855469
-170 -268.125977
-171 -275.105469
-172 -272.014648
-173 -277.058594
-174 -275.943359
-175 -281.388672
-176 -278.112305
-177 -285.440430
-178 -280.628906
-179 -288.434570
-180 -284.550781
-181 -292.048828
-182 -288.721680
-183 -295.041016
-184 -292.709961
-185 -300.778320
-186 -296.547852
-187 -304.648438
-188 -300.273438
-189 -307.302734
-190 -303.971680
-191 -310.999023
-192 -308.960938
-193 -313.901367
-194 -311.437500
-195 -319.485352
-196 -317.183594
-197 -323.364258
-198 -321.866211
-199 -326.296875
-200 -323.637695
-201 -329.581055
-202 -327.500977
-203 -334.843750
-204 -331.089844
-205 -336.504883
-206 -335.302734
-207 -340.858398
-208 -338.193359
-209 -344.162109
-210 -340.638672
-211 -348.094727
-212 -344.675781
-213 -354.025391
-214 -348.558594
-215 -356.938477
-216 -354.590820
-217 -359.894531
-218 -356.290039
-219 -361.517578
-220 -359.915039
-221 -365.802734
-222 -363.540039
-223 -370.191406
-224 -367.391602
-225 -372.836914
-226 -370.812500
-227 -374.431641
-228 -373.004883
-229 -380.464844
-230 -375.141602
-231 -381.692383
-232 -377.750977
-233 -386.552734
-234 -383.749023
-235 -390.630859
-236 -387.116211
-237 -393.486328
-238 -390.526367
-239 -395.658203
-240 -392.447266
-241 -400.877930
-242 -399.189453
-243 -404.668945
-244 -402.321289
-245 -407.915039
-246 -405.483398
-247 -409.538086
-248 -409.372070
-249 -412.836914
-250 -413.409180
-251 -416.803711
-252 -413.576172
-253 -419.630859
-254 -417.742188
-255 -425.376953
-256 -421.404297
-257 -429.270508
-258 -423.298828
-259 -432.508789
-260 -430.375977
-261 -435.364258
-262 -434.515625
-263 -440.907227
-264 -436.953125
-265 -443.698242
-266 -439.006836
-267 -447.630859
-268 -444.669922
-269 -448.688477
-270 -447.325195
-271 -452.347656
-272 -450.765625
-273 -456.226562
-274 -452.254883
-275 -461.422852
-276 -455.514648
-277 -464.507812
-278 -457.400391
-279 -465.825195
-280 -462.487305
-281 -470.168945
-282 -466.334961
-283 -474.257812
-284 -470.750000
-285 -476.174805
-286 -473.139648
-287 -482.283203
-288 -476.333008
-289 -484.649414
-290 -480.386719
-291 -488.590820
-292 -484.692383
-293 -490.304688
-294 -487.153320
-295 -494.423828
-296 -491.909180
-297 -497.794922
-298 -493.780273
-299 -501.469727
-300 -498.121094
-301 -505.822266
-302 -500.917969
-303 -507.780273
-304 -504.388672
-305 -510.768555
-306 -507.471680
-307 -515.133789
-308 -511.315430
-309 -517.653320
-310 -516.156250
-311 -520.337891
-312 -519.587891
-313 -523.614258
-314 -521.311523
-315 -525.969727
-316 -524.890625
-317 -530.103516
-318 -527.513672
-319 -532.368164
-320 -529.789062
-321 -537.073242
-322 -534.748047
-323 -541.364258
-324 -537.153320
-325 -543.617188
-326 -541.691406
-327 -547.567383
-328 -544.964844
-329 -551.137695
-330 -546.183594
-331 -553.936523
-332 -549.947266
-333 -556.171875
-334 -553.406250
-335 -559.411133
-336 -556.911133
-337 -562.042969
-338 -557.289062
-339 -563.047852
-340 -561.737305
-341 -567.021484
-342 -563.945312
-343 -569.876953
-344 -566.893555
-345 -573.818359
-346 -571.502930
-347 -574.970703
-348 -572.728516
-349 -578.415039
-350 -576.496094
-351 -581.958984
-352 -578.794922
-353 -583.833008
-354 -582.007812
-355 -586.571289
-356 -583.590820
-357 -591.589844
-358 -585.227539
-359 -594.151367
-360 -590.854492
-361 -598.008789
-362 -595.290039
-363 -600.195312
-364 -596.781250
-365 -605.955078
-366 -601.936523
-367 -608.977539
-368 -605.216797
-369 -613.708008
-370 -610.363281
-371 -615.087891
-372 -613.475586
-373 -618.764648
-374 -616.163086
-375 -620.521484
-376 -619.030273
-377 -622.517578
-378 -622.012695
-379 -627.469727
-380 -625.339844
-381 -630.241211
-382 -628.147461
-383 -634.748047
-384 -630.288086
-385 -638.236328
-386 -633.590820
-387 -641.065430
-388 -637.375000
-389 -643.376953
-390 -640.270508
-391 -646.958008
-392 -645.797852
-393 -650.362305
-394 -649.073242
-395 -652.896484
-396 -651.397461
-397 -656.044922
-398 -653.558594
-399 -658.353516
-400 -656.312500
-401 -662.458984
-402 -659.822266
-403 -668.063477
-404 -661.176758
-405 -670.803711
-406 -666.527344
-407 -674.461914
-408 -669.541992
-409 -677.543945
-410 -673.964844
-411 -682.639648
-412 -676.800781
-413 -686.831055
-414 -681.664062
-415 -689.855469
-416 -687.933594
-417 -695.360352
-418 -691.017578
-419 -699.296875
-420 -693.491211
-421 -702.475586
-422 -697.606445
-423 -706.523438
-424 -702.536133
-425 -709.042969
-426 -704.773438
-427 -711.414062
-428 -708.716797
-429 -714.071289
-430 -714.297852
-431 -718.487305
-432 -717.518555
-433 -721.924805
-434 -719.530273
-435 -725.183594
-436 -722.143555
-437 -727.063477
-438 -724.747070
-439 -730.304688
-440 -728.944336
-441 -735.208008
-442 -732.637695
-443 -738.282227
-444 -735.612305
-445 -742.370117
-446 -739.052734
-447 -746.826172
-448 -743.341797
-449 -749.471680
-450 -746.212891
-451 -754.390625
-452 -748.740234
-453 -758.769531
-454 -753.057617
-455 -762.319336
-456 -758.484375
-457 -764.258789
-458 -762.824219
-459 -768.424805
-460 -764.720703
-461 -771.243164
-462 -768.089844
-463 -775.638672
-464 -771.032227
-465 -780.028320
-466 -774.186523
-467 -781.417969
-468 -778.250000
-469 -787.772461
-470 -781.969727
-471 -792.682617
-472 -785.647461
-473 -795.166992
-474 -791.929688
-475 -800.066406
-476 -796.730469
-477 -803.889648
-478 -798.412109
-479 -807.727539
-480 -804.663086
-481 -810.755859
-482 -809.300781
-483 -817.208984
-484 -813.726562
-485 -821.789062
-486 -816.695312
-487 -826.219727
-488 -821.203125
-489 -829.798828
-490 -824.803711
-491 -832.280273
-492 -830.811523
-493 -835.425781
-494 -831.346680
-495 -842.050781
-496 -836.218750
-497 -845.249023
-498 -840.361328
-499 -846.682617
-500 -844.353516
-501 -851.127930
-502 -848.748047
-503 -855.448242
-504 -854.981445
-505 -861.003906
-506 -855.662109
-507 -866.757812
-508 -860.013672
-509 -871.046875
-510 -866.988281
-511 -873.977539
-512 -870.647461
-513 -877.128906
-514 -873.306641
-515 -879.467773
-516 -878.430664
-517 -882.359375
-518 -880.738281
-519 -886.659180
-520 -884.802734
-521 -892.933594
-522 -887.154297
-523 -893.872070
-524 -889.010742
-525 -898.828125
-526 -894.733398
-527 -901.761719
-528 -898.983398
-529 -904.449219
-530 -903.094727
-531 -909.875000
-532 -906.520508
-533 -914.469727
-534 -911.041016
-535 -917.140625
-536 -913.998047
-537 -920.991211
-538 -916.364258
-539 -923.835938
-540 -920.543945
-541 -927.775391
-542 -924.905273
-543 -932.201172
-544 -927.941406
-545 -935.174805
-546 -931.134766
-547 -939.591797
-548 -934.713867
-549 -944.433594
-550 -938.717773
-551 -948.748047
-552 -944.232422
-553 -951.370117
-554 -946.175781
-555 -955.323242
-556 -952.651367
-557 -960.083984
-558 -954.308594
-559 -964.614258
-560 -960.185547
-561 -965.994141
-562 -963.538086
-563 -969.291992
-564 -968.000977
-565 -973.227539
-566 -970.214844
-567 -979.337891
-568 -975.470703
-569 -982.798828
-570 -980.480469
-571 -986.237305
-572 -983.069336
-573 -989.759766
-574 -986.775391
-575 -993.235352
-576 -988.938477
-577 -998.033203
-578 -994.522461
-579 -1000.372070
-580 -998.830078
-581 -1006.122070
-582 -1001.156250
-583 -1009.289062
-584 -1004.209961
-585 -1013.001953
-586 -1009.103516
-587 -1015.836914
-588 -1012.763672
-589 -1020.881836
-590 -1015.055664
-591 -1023.477539
-592 -1020.557617
-593 -1026.916992
-594 -1023.595703
-595 -1031.598633
-596 -1027.976562
-597 -1035.427734
-598 -1030.358398
-599 -1041.869141
-600 -1036.284180
-601 -1047.386719
-602 -1039.594727
-603 -1052.920898
-604 -1046.035156
-605 -1057.670898
-606 -1050.865234
-607 -1057.262695
-608 -1057.347656
-609 -1064.065430
-610 -1060.032227
-611 -1068.128906
-612 -1062.709961
-613 -1072.599609
-614 -1067.707031
-615 -1074.631836
-616 -1071.083008
-617 -1077.612305
-618 -1076.032227
-619 -1080.973633
-620 -1078.050781
-621 -1085.188477
-622 -1079.572266
-623 -1086.178711
-624 -1083.545898
-625 -1089.018555
-626 -1087.388672
-627 -1092.973633
-628 -1087.256836
-629 -1099.549805
-630 -1092.667969
-631 -1101.179688
-632 -1096.408203
-633 -1106.311523
-634 -1101.432617
-635 -1108.541016
-636 -1104.896484
-637 -1110.452148
-638 -1109.287109
-639 -1114.749023
-640 -1111.736328
-641 -1119.878906
-642 -1114.955078
-643 -1123.044922
-644 -1117.378906
-645 -1125.844727
-646 -1121.714844
-647 -1130.717773
-648 -1127.042969
-649 -1135.131836
-650 -1131.872070
-651 -1140.048828
-652 -1133.465820
-653 -1142.847656
-654 -1137.389648
-655 -1146.405273
-656 -1143.505859
-657 -1148.249023
-658 -1144.942383
-659 -1155.615234
-660 -1148.272461
-661 -1159.109375
-662 -1153.633789
-663 -1166.655273
-664 -1157.273438
-665 -1171.077148
-666 -1163.974609
-667 -1174.967773
-668 -1172.849609
-669 -1179.022461
-670 -1177.341797
-671 -1184.203125
-672 -1179.372070
-673 -1187.042969
-674 -1182.825195
-675 -1190.479492
-676 -1186.710938
-677 -1193.634766
-678 -1189.146484
-679 -1200.684570
-680 -1194.599609
-681 -1200.970703
-682 -1197.917969
-683 -1208.668945
-684 -1203.387695
-685 -1211.390625
-686 -1205.337891
-687 -1216.220703
-688 -1211.664062
-689 -1223.744141
-690 -1215.174805
-691 -1228.559570
-692 -1219.302734
-693 -1232.878906
-694 -1226.071289
-695 -1237.791016
-696 -1230.833008
-697 -1238.505859
-698 -1236.483398
-699 -1245.637695
