0 0.000000
-1 -1669.000000
-2 -1824.000000
-3 -6323.000000
-4 -2670.000000
-5 -8168.000000
-6 -5904.000000
-7 -6912.000000
-8 -6347.000000
-9 -7855.000000
-10 -6682.000000
-11 -11584.000000
-12 -8765.000000
-13 -11771.000000
-14 -9274.000000
-15 -12596.000000
-16 -11878.000000
-17 -13184.000000
-18 -13251.000000
-19 -13303.000000
-20 -13222.000000
-21 -14340.000000
-22 -13331.000000
-23 -14366.000000
-24 -13913.000000
-25 -14217.000000
-26 -15214.000000
-27 -15740.000000
-28 -14648.000000
-29 -16285.000000
-30 -15334.000000
-31 -16446.000000
-32 -15942.000000
-33 -16504.000000
-34 -16229.000000
-35 -17188.000000
-36 -16864.000000
-37 -17719.000000
-38 -17294.000000
-39 -18147.000000
-40 -17471.000000
-41 -18168.000000
-42 -17465.000000
-43 -18311.000000
-44 -18148.000000
-45 -18835.000000
-46 -18953.000000
-47 -20012.000000
-48 -20020.000000
-49 -20285.000000
-50 -20004.000000
-51 -21575.000000
-52 -20565.000000
-53 -21794.000000
-54 -21136.000000
-55 -21966.000000
-56 -21707.000000
-57 -22037.000000
-58 -22082.000000
-59 -22362.000000
-60 -22458.000000
-61 -24601.000000
-62 -24263.000000
-63 -25082.000000
-64 -24899.000000
-65 -26315.000000
-66 -24970.000000
-67 -26099.000000
-68 -26433.000000
-69 -26459.000000
-70 -26751.000000
-71 -28042.000000
-72 -26728.000000
-73 -28055.000000
-74 -28306.000000
-75 -30753.000000
-76 -28599.000000
-77 -30972.000000
-78 -29415.000000
-79 -32199.000000
-80 -30289.000000
-81 -32188.000000
-82 -32349.000000
-83 -32670.000000
-84 -32373.000000
-85 -33453.000000
-86 -32570.000000
-87 -34039.000000
-88 -32868.000000
-89 -34726.000000
-90 -35115.000000
-91 -35315.000000
-92 -35255.000000
-93 -35587.000000
-94 -35150.000000
-95 -35874.000000
-96 -35940.000000
-97 -37587.000000
-98 -35965.000000
-99 -39263.000000
-100 -38755.000000
-101 -40287.000000
-102 -38788.000000
-103 -40256.000000
-104 -39499.000000
-105 -40808.000000
-106 -40251.000000
-107 -40798.000000
-108 -40259.000000
-109 -41189.000000
-110 -41254.000000
-111 -43557.000000
-112 -42463.000000
-113 -43371.000000
-114 -43439.000000
-115 -46410.000000
-116 -44179.000000
-117 -48528.000000
-118 -44830.000000
-119 -48496.000000
-120 -47544.000000
-121 -48394.000000
-122 -49394.000000
-123 -48773.000000
-124 -49455.000000
-125 -50026.000000
-126 -49524.000000
-127 -50695.000000
-128 -50221.000000
-129 -51429.000000
-130 -50649.000000
-131 -51427.000000
-132 -51466.000000
-133 -52489.000000
-134 -51792.000000
-135 -52634.000000
-136 -52603.000000
-137 -54160.000000
-138 -52866.000000
-139 -55624.000000
-140 -52583.000000
-141 -55615.000000
-142 -54889.000000
-143 -55635.000000
-144 -56211.000000
-145 -57148.000000
-146 -56758.000000
-147 -57085.000000
-148 -57034.000000
-149 -57861.000000
-150 -57559.000000
-151 -58071.000000
-152 -57805.000000
-153 -58741.000000
-154 -57911.000000
-155 -58834.000000
-156 -58365.000000
-157 -60585.000000
-158 -58361.000000
-159 -61288.000000
-160 -61228.000000
-161 -61554.000000
-162 -61649.000000
-163 -61963.000000
-164 -62000.000000
-165 -62030.000000
-166 -62258.000000
-167 -63488.000000
-168 -62403.000000
-169 -65227.000000
-170 -63244.000000
-171 -65910.000000
-172 -63162.000000
-173 -66368.000000
-174 -63105.000000
-175 -66650.000000
-176 -66597.000000
-177 -66887.000000
-178 -66728.000000
-179 -67041.000000
-180 -66594.000000
-181 -67898.000000
-182 -66473.000000
-183 -67928.000000
-184 -67706.000000
-185 -68775.000000
-186 -68612.000000
-187 -69414.000000
-188 -68682.000000
-189 -69617.000000
-190 -69155.000000
-191 -70178.000000
-192 -69165.000000
-193 -70169.000000
-194 -69597.000000
-195 -70626.000000
-196 -70686.000000
-197 -72256.000000
-198 -72276.000000
-199 -72486.000000
-200 -72188.000000
-201 -72692.000000
-202 -73215.000000
-203 -73984.000000
-204 -73359.000000
-205 -74389.000000
-206 -73254.000000
-207 -74540.000000
-208 -74185.000000
-209 -74986.000000
-210 -74348.000000
-211 -75071.000000
-212 -74836.000000
-213 -75701.000000
-214 -75666.000000
-215 -77131.000000
-216 -76469.000000
-217 -80045.000000
-218 -76625.000000
-219 -81328.000000
-220 -79717.000000
-221 -82177.000000
-222 -79895.000000
-223 -84970.000000
-224 -83069.000000
-225 -84987.000000
-226 -83626.000000
-227 -85390.000000
-228 -85357.000000
-229 -85957.000000
-230 -85547.000000
-231 -86450.000000
-232 -85837.000000
-233 -86574.000000
-234 -86109.000000
-235 -88455.000000
-236 -87033.000000
-237 -88772.000000
-238 -87223.000000
-239 -88801.000000
-240 -88789.000000
-241 -89573.000000
-242 -88812.000000
-243 -90345.000000
-244 -89645.000000
-245 -90616.000000
-246 -90676.000000
-247 -91307.000000
-248 -91131.000000
-249 -93371.000000
-250 -91990.000000
-251 -93867.000000
-252 -93445.000000
-253 -93869.000000
-254 -93969.000000
-255 -94575.000000
-256 -94959.000000
-257 -96868.000000
-258 -95881.000000
-259 -97909.000000
-260 -96267.000000
-261 -97801.000000
-262 -96922.000000
-263 -98383.000000
-264 -97936.000000
-265 -99011.000000
-266 -98427.000000
-267 -100805.000000
-268 -98436.000000
-269 -101298.000000
-270 -99348.000000
-271 -101365.000000
-272 -101176.000000
-273 -101335.000000
-274 -101167.000000
-275 -101946.000000
-276 -101460.000000
-277 -103158.000000
-278 -101865.000000
-279 -103582.000000
-280 -102953.000000
-281 -103578.000000
-282 -103253.000000
-283 -104130.000000
-284 -103414.000000
-285 -105216.000000
-286 -104621.000000
-287 -106522.000000
-288 -105693.000000
-289 -106663.000000
-290 -106243.000000
-291 -107632.000000
-292 -107305.000000
-293 -108043.000000
-294 -108262.000000
-295 -110047.000000
-296 -109926.000000
-297 -111641.000000
-298 -110865.000000
-299 -113275.000000
-300 -111636.000000
-301 -113253.000000
-302 -113149.000000
-303 -114369.000000
-304 -113496.000000
-305 -115418.000000
-306 -114951.000000
-307 -116333.000000
-308 -115755.000000
-309 -116958.000000
-310 -116824.000000
-311 -117017.000000
-312 -117609.000000
-313 -117800.000000
-314 -118419.000000
-315 -119352.000000
-316 -118608.000000
-317 -119714.000000
-318 -119495.000000
-319 -119960.000000
-320 -119597.000000
-321 -119905.000000
-322 -119719.000000
-323 -120810.000000
-324 -120893.000000
-325 -121276.000000
-326 -120947.000000
-327 -122271.000000
-328 -121012.000000
-329 -122844.000000
-330 -122993.000000
-331 -123600.000000
-332 -122827.000000
-333 -124256.000000
-334 -123803.000000
-335 -124366.000000
-336 -124019.000000
-337 -124263.000000
-338 -124280.000000
-339 -124673.000000
-340 -124356.000000
-341 -125059.000000
-342 -125025.000000
-343 -125079.000000
-344 -124863.000000
-345 -126090.000000
-346 -125705.000000
-347 -128060.000000
-348 -127374.000000
-349 -128028.000000
-350 -127954.000000
-351 -128469.000000
-352 -128662.000000
-353 -129710.000000
-354 -128165.000000
-355 -129981.000000
-356 -129194.000000
-357 -130223.000000
-358 -129842.000000
-359 -130298.000000
-360 -130550.000000
-361 -130840.000000
-362 -130639.000000
-363 -131175.000000
-364 -130700.000000
-365 -131739.000000
-366 -132121.000000
-367 -132597.000000
-368 -132618.000000
-369 -133455.000000
-370 -132845.000000
-371 -133326.000000
-372 -133379.000000
-373 -133554.000000
-374 -133894.000000
-375 -136266.000000
-376 -134434.000000
-377 -136313.000000
-378 -134658.000000
-379 -136366.000000
-380 -136105.000000
-381 -136847.000000
-382 -137446.000000
-383 -138041.000000
-384 -138028.000000
-385 -138499.000000
-386 -138186.000000
-387 -139755.000000
-388 -138312.000000
-389 -139800.000000
-390 -140570.000000
-391 -140816.000000
-392 -140696.000000
-393 -141792.000000
-394 -141800.000000
-395 -141843.000000
-396 -141729.000000
-397 -142103.000000
-398 -142317.000000
-399 -142667.000000
-400 -142461.000000
-401 -142953.000000
-402 -142620.000000
-403 -143071.000000
-404 -142677.000000
-405 -143794.000000
-406 -143342.000000
-407 -144801.000000
-408 -143481.000000
-409 -144906.000000
-410 -144255.000000
-411 -145306.000000
-412 -144806.000000
-413 -146047.000000
-414 -145030.000000
-415 -147112.000000
-416 -145022.000000
-417 -147422.000000
-418 -145632.000000
-419 -147255.000000
-420 -146874.000000
-421 -147423.000000
-422 -147319.000000
-423 -147859.000000
-424 -147409.000000
-425 -147831.000000
-426 -147408.000000
-427 -148319.000000
-428 -147506.000000
-429 -148726.000000
-430 -148046.000000
-431 -149642.000000
-432 -148570.000000
-433 -150032.000000
-434 -148727.000000
-435 -150348.000000
-436 -149110.000000
-437 -150484.000000
-438 -150665.000000
-439 -151144.000000
-440 -151024.000000
-441 -151509.000000
-442 -151187.000000
-443 -151607.000000
-444 -151239.000000
-445 -152825.000000
-446 -152418.000000
-447 -152988.000000
-448 -152521.000000
-449 -153632.000000
-450 -152743.000000
-451 -153941.000000
-452 -153015.000000
-453 -154863.000000
-454 -153432.000000
-455 -155371.000000
-456 -154782.000000
-457 -155810.000000
-458 -155408.000000
-459 -156340.000000
-460 -155615.000000
-461 -156525.000000
-462 -156217.000000
-463 -156776.000000
-464 -156604.000000
-465 -156989.000000
-466 -156499.000000
-467 -156957.000000
-468 -157217.000000
-469 -158472.000000
-470 -158907.000000
-471 -159168.000000
-472 -158967.000000
-473 -159318.000000
-474 -159111.000000
-475 -160719.000000
-476 -160104.000000
-477 -161654.000000
-478 -160364.000000
-479 -161665.000000
-480 -161306.000000
-481 -161879.000000
-482 -161713.000000
-483 -162277.000000
-484 -161888.000000
-485 -162356.000000
-486 -161952.000000
-487 -163241.000000
-488 -162594.000000
-489 -163224.000000
-490 -163024.000000
-491 -163480.000000
-492 -163735.000000
-493 -164469.000000
-494 -163927.000000
-495 -165501.000000
-496 -164859.000000
-497 -165876.000000
-498 -164886.000000
-499 -166404.000000
-500 -165482.000000
-501 -166377.000000
-502 -166772.000000
-503 -167189.000000
-504 -166881.000000
-505 -167241.000000
-506 -166860.000000
-507 -168155.000000
-508 -166856.000000
-509 -168352.000000
-510 -168481.000000
-511 -168901.000000
-512 -168719.000000
-513 -170556.000000
-514 -169576.000000
-515 -171542.000000
-516 -169610.000000
-517 -171615.000000
-518 -169885.000000
-519 -172031.000000
-520 -170594.000000
-521 -172549.000000
-522 -171398.000000
-523 -173729.000000
-524 -172327.000000
-525 -173433.000000
-526 -172925.000000
-527 -173971.000000
-528 -173040.000000
-529 -173884.000000
-530 -173632.000000
-531 -174541.000000
-532 -174434.000000
-533 -174631.000000
-534 -174488.000000
-535 -176900.000000
-536 -176735.000000
-537 -177845.000000
-538 -177326.000000
-539 -178131.000000
-540 -177553.000000
-541 -178122.000000
-542 -178116.000000
-543 -179085.000000
-544 -178210.000000
-545 -179328.000000
-546 -178430.000000
-547 -180070.000000
-548 -179059.000000
-549 -180413.000000
-550 -180558.000000
-551 -180883.000000
-552 -180712.000000
-553 -181249.000000
-554 -180971.000000
-555 -181463.000000
-556 -182045.000000
-557 -182419.000000
-558 -182035.000000
-559 -182506.000000
-560 -182040.000000
-561 -182843.000000
-562 -182416.000000
-563 -183105.000000
-564 -182978.000000
-565 -183451.000000
-566 -182965.000000
-567 -186397.000000
-568 -183761.000000
-569 -186418.000000
-570 -185796.000000
-571 -187107.000000
-572 -186896.000000
-573 -187116.000000
-574 -187249.000000
-575 -187981.000000
-576 -187098.000000
-577 -187858.000000
-578 -187483.000000
-579 -188616.000000
-580 -187745.000000
-581 -189426.000000
-582 -188392.000000
-583 -189610.000000
-584 -189011.000000
-585 -189380.000000
-586 -189480.000000
-587 -189929.000000
-588 -190433.000000
-589 -191132.000000
-590 -190626.000000
-591 -191650.000000
-592 -191762.000000
-593 -191978.000000
-594 -191940.000000
-595 -192919.000000
-596 -192352.000000
-597 -192780.000000
-598 -193501.000000
-599 -192983.000000
-600 -193557.000000
-601 -194248.000000
-602 -193833.000000
-603 -194569.000000
-604 -193907.000000
-605 -194821.000000
-606 -194081.000000
-607 -195121.000000
-608 -194856.000000
-609 -197462.000000
-610 -196133.000000
-611 -197728.000000
-612 -196364.000000
-613 -197864.000000
-614 -196914.000000
-615 -197897.000000
-616 -198927.000000
-617 -199382.000000
-618 -199338.000000
-619 -199523.000000
-620 -199019.000000
-621 -199930.000000
-622 -199463.000000
-623 -200215.000000
-624 -199454.000000
-625 -200923.000000
-626 -200034.000000
-627 -201192.000000
-628 -200452.000000
-629 -201725.000000
-630 -201004.000000
-631 -202375.000000
-632 -201571.000000
-633 -202909.000000
-634 -202057.000000
-635 -202877.000000
-636 -202511.000000
-637 -203663.000000
-638 -202642.000000
-639 -203652.000000
-640 -203679.000000
-641 -203877.000000
-642 -203728.000000
-643 -206266.000000
-644 -204641.000000
-645 -206931.000000
-646 -205816.000000
-647 -207686.000000
-648 -206972.000000
-649 -208285.000000
-650 -206963.000000
-651 -208387.000000
-652 -208296.000000
-653 -208853.000000
-654 -208492.000000
-655 -209035.000000
-656 -209136.000000
-657 -210017.000000
-658 -209436.000000
-659 -210026.000000
-660 -209391.000000
-661 -209993.000000
-662 -210096.000000
-663 -211531.000000
-664 -210536.000000
-665 -212511.000000
-666 -210510.000000
-667 -212748.000000
-668 -211603.000000
-669 -212682.000000
-670 -212023.000000
-671 -213708.000000
-672 -212472.000000
-673 -214472.000000
-674 -212712.000000
-675 -214368.000000
-676 -214987.000000
-677 -214463.000000
-678 -214851.000000
-679 -215377.000000
-680 -215287.000000
-681 -215664.000000
-682 -215317.000000
-683 -215781.000000
-684 -215937.000000
-685 -216972.000000
-686 -215743.000000
-687 -216903.000000
-688 -216146.000000
-689 -218631.000000
-690 -216235.000000
-691 -220002.000000
-692 -218672.000000
-693 -220205.000000
-694 -219288.000000
-695 -224096.000000
-696 -220572.000000
-697 -224913.000000
-698 -220733.000000
-699 -224432.000000
