0 0.000000
-1 -116.500000
-2 -82.000000
-3 -676.750000
-4 -388.250000
-5 -1047.500000
-6 -643.750000
-7 -1382.250000
-8 -1097.500000
-9 -1374.500000
-10 -1112.500000
-11 -1544.000000
-12 -1229.500000
-13 -1622.500000
-14 -1408.000000
-15 -1652.750000
-16 -1628.500000
-17 -1716.250000
-18 -1657.500000
-19 -2457.250000
-20 -2250.250000
-21 -2671.750000
-22 -2507.000000
-23 -3197.250000
-24 -2596.250000
-25 -2955.500000
-26 -2924.750000
-27 -3174.000000
-28 -3124.500000
-29 -3189.250000
-30 -3188.250000
-31 -3510.500000
-32 -3457.750000
-33 -3694.750000
-34 -3418.250000
-35 -3669.750000
-36 -3878.750000
-37 -3908.750000
-38 -3918.500000
-39 -4158.000000
-40 -4060.000000
-41 -4570.750000
-42 -4104.250000
-43 -4324.750000
-44 -4124.000000
-45 -4523.500000
-46 -4628.000000
-47 -4977.750000
-48 -4684.250000
-49 -5040.000000
-50 -4674.500000
-51 -5159.000000
-52 -5346.000000
-53 -5569.000000
-54 -5389.500000
-55 -5822.000000
-56 -5573.750000
-57 -5837.000000
-58 -5557.750000
-59 -6006.500000
-60 -6124.000000
-61 -6545.500000
-62 -6232.250000
-63 -6523.250000
-64 -6427.000000
-65 -6611.750000
-66 -6552.000000
-67 -6746.250000
-68 -6659.250000
-69 -6672.000000
-70 -6654.250000
-71 -6761.250000
-72 -6752.750000
-73 -7028.500000
-74 -6808.500000
-75 -7153.250000
-76 -7127.500000
-77 -7657.750000
-78 -7123.500000
-79 -7743.500000
-80 -7875.500000
-81 -8071.500000
-82 -8155.250000
-83 -8243.250000
-84 -8159.750000
-85 -8666.000000
-86 -8268.000000
-87 -9109.000000
-88 -8256.500000
-89 -9107.500000
-90 -8817.000000
-91 -9636.750000
-92 -9439.250000
-93 -10423.000000
-94 -9498.000000
-95 -10741.250000
-96 -9688.000000
-97 -11075.000000
-98 -10884.250000
-99 -11334.500000
-100 -11227.250000
-101 -11442.000000
-102 -11289.750000
-103 -11646.750000
-104 -11505.500000
-105 -11664.000000
-106 -11689.500000
-107 -11668.000000
-108 -11673.250000
-109 -11752.750000
-110 -12006.500000
-111 -12398.500000
-112 -12418.750000
-113 -12604.750000
-114 -12634.000000
-115 -12635.500000
-116 -12560.000000
-117 -12656.500000
-118 -12669.750000
-119 -12643.750000
-120 -12932.250000
-121 -13285.000000
-122 -12952.750000
-123 -13455.500000
-124 -13045.750000
-125 -13519.500000
-126 -13292.000000
-127 -13554.000000
-128 -13425.500000
-129 -14040.750000
-130 -13718.250000
-131 -14111.500000
-132 -14044.000000
-133 -14164.750000
-134 -14095.000000
-135 -14910.500000
-136 -14282.500000
-137 -14921.500000
-138 -14733.500000
-139 -15569.250000
-140 -14972.000000
-141 -15652.250000
-142 -15314.000000
-143 -16198.000000
-144 -15707.500000
-145 -16216.750000
-146 -16118.750000
-147 -16253.500000
-148 -16187.500000
-149 -16381.000000
-150 -16308.250000
-151 -16655.750000
-152 -16302.500000
-153 -16761.250000
-154 -16650.500000
-155 -16878.750000
-156 -16796.750000
-157 -16878.750000
-158 -16924.250000
-159 -17452.750000
-160 -17058.500000
-161 -17667.000000
-162 -17300.250000
-163 -18229.750000
-164 -17738.750000
-165 -18371.500000
-166 -18280.750000
-167 -18478.750000
-168 -18321.000000
-169 -18559.000000
-170 -18522.000000
-171 -18532.750000
-172 -18511.250000
-173 -18795.750000
-174 -18622.250000
-175 -18907.500000
-176 -18639.000000
-177 -19116.750000
-178 -19244.000000
-179 -19491.750000
-180 -19319.000000
-181 -20225.000000
-182 -19944.000000
-183 -20311.750000
-184 -20034.500000
-185 -21231.000000
-186 -20066.250000
-187 -21560.500000
-188 -21075.750000
-189 -21616.250000
-190 -21388.250000
-191 -21622.500000
-192 -21567.000000
-193 -21796.250000
-194 -21579.000000
-195 -22157.750000
-196 -21593.000000
-197 -22505.500000
-198 -22579.500000
-199 -22614.250000
-200 -22652.250000
-201 -22677.500000
-202 -22699.750000
-203 -22801.750000
-204 -22890.000000
-205 -23324.500000
-206 -22860.250000
-207 -23501.250000
-208 -23119.500000
-209 -23739.250000
-210 -23577.250000
-211 -23746.000000
-212 -23750.250000
-213 -23777.500000
-214 -23827.250000
-215 -24188.000000
-216 -23916.250000
-217 -24189.000000
-218 -24284.750000
-219 -24668.500000
-220 -24288.000000
-221 -24779.250000
-222 -24705.000000
-223 -24924.250000
-224 -24768.250000
-225 -25094.250000
-226 -25046.500000
-227 -25329.250000
-228 -25152.000000
-229 -25551.000000
-230 -25277.000000
-231 -25783.750000
-232 -25438.750000
-233 -25810.500000
-234 -25761.250000
-235 -26086.000000
-236 -25852.000000
-237 -26058.750000
-238 -26090.250000
-239 -26127.500000
-240 -26147.500000
-241 -26308.250000
-242 -26256.750000
-243 -26289.500000
-244 -26286.250000
-245 -26861.750000
-246 -26528.250000
-247 -26925.750000
-248 -26547.500000
-249 -26966.250000
-250 -26898.750000
-251 -26965.250000
-252 -26928.500000
-253 -27030.500000
-254 -27243.000000
-255 -27282.250000
-256 -27186.500000
-257 -27475.500000
-258 -27332.250000
-259 -27490.000000
-260 -27425.500000
-261 -27737.750000
-262 -27521.250000
-263 -27902.750000
-264 -27961.750000
-265 -28125.000000
-266 -27987.250000
-267 -28433.750000
-268 -28495.250000
-269 -28573.750000
-270 -28492.750000
-271 -28804.250000
-272 -28530.500000
-273 -29196.500000
-274 -29037.000000
-275 -29411.000000
-276 -29106.000000
-277 -29540.750000
-278 -29181.000000
-279 -29615.000000
-280 -29404.000000
-281 -30226.000000
-282 -29859.000000
-283 -30327.500000
-284 -30219.250000
-285 -30603.000000
-286 -30610.500000
-287 -30891.750000
-288 -30705.000000
-289 -30947.500000
-290 -30911.250000
-291 -30964.250000
-292 -31115.000000
-293 -31396.000000
-294 -31178.250000
-295 -31666.000000
-296 -31417.250000
-297 -31822.750000
-298 -31775.500000
-299 -31857.500000
-300 -31849.750000
-301 -31912.250000
-302 -32003.250000
-303 -32510.250000
-304 -32291.500000
-305 -32627.000000
-306 -32552.000000
-307 -32778.000000
-308 -32324.500000
-309 -32857.750000
-310 -32677.500000
-311 -32991.250000
-312 -32794.250000
-313 -32965.250000
-314 -33037.750000
-315 -33348.250000
-316 -32977.000000
-317 -33459.750000
-318 -33441.500000
-319 -33470.750000
-320 -33594.000000
-321 -33804.250000
-322 -33561.000000
-323 -33810.000000
-324 -33724.000000
-325 -33977.000000
-326 -33689.500000
-327 -33986.750000
-328 -33910.000000
-329 -33986.250000
-330 -33934.250000
-331 -34134.250000
-332 -33909.750000
-333 -34199.250000
-334 -33949.750000
-335 -34623.250000
-336 -34372.000000
-337 -34601.000000
-338 -34655.000000
-339 -35190.250000
-340 -34960.000000
-341 -35393.500000
-342 -35122.250000
-343 -35798.500000
-344 -35183.250000
-345 -36080.750000
-346 -35367.000000
-347 -36525.750000
-348 -35910.250000
-349 -36616.750000
-350 -36223.000000
-351 -36659.250000
-352 -36584.750000
-353 -36669.750000
-354 -36643.500000
-355 -36659.000000
-356 -36649.250000
-357 -36703.750000
-358 -36765.250000
-359 -36990.500000
-360 -37229.000000
-361 -37440.500000
-362 -37308.750000
-363 -37576.250000
-364 -37590.500000
-365 -37854.500000
-366 -37719.500000
-367 -38035.500000
-368 -37876.250000
-369 -38535.250000
-370 -38252.250000
-371 -38513.750000
-372 -38247.750000
-373 -38784.250000
-374 -38537.000000
-375 -39162.500000
-376 -38815.000000
-377 -39320.250000
-378 -39052.500000
-379 -39546.000000
-380 -39283.250000
-381 -39562.750000
-382 -39540.000000
-383 -39644.000000
-384 -39580.750000
-385 -40041.750000
-386 -39689.500000
-387 -40045.750000
-388 -39895.500000
-389 -40218.250000
-390 -40145.000000
-391 -40416.250000
-392 -40168.000000
-393 -40497.000000
-394 -40347.000000
-395 -40542.250000
-396 -40490.250000
-397 -40877.500000
-398 -41018.500000
-399 -41018.250000
-400 -40993.750000
-401 -41037.750000
-402 -41264.250000
-403 -41256.000000
-404 -41231.500000
-405 -41281.250000
-406 -41276.750000
-407 -41407.750000
-408 -41401.500000
-409 -41700.750000
-410 -41537.500000
-411 -41849.750000
-412 -41603.250000
-413 -41943.250000
-414 -41840.000000
-415 -42038.250000
-416 -41912.500000
-417 -42052.500000
-418 -42040.500000
-419 -42738.250000
-420 -42556.250000
-421 -43256.500000
-422 -42725.750000
-423 -43645.000000
-424 -42927.000000
-425 -43713.750000
-426 -43078.500000
-427 -43678.750000
-428 -43712.500000
-429 -43751.500000
-430 -44009.000000
-431 -44001.500000
-432 -44281.250000
-433 -44495.000000
-434 -44350.500000
-435 -44578.000000
-436 -44326.500000
-437 -44772.750000
-438 -44655.750000
-439 -44896.500000
-440 -44880.250000
-441 -45081.000000
-442 -45149.000000
-443 -45101.250000
-444 -45192.750000
-445 -45136.500000
-446 -45220.750000
-447 -45356.250000
-448 -45286.250000
-449 -45347.750000
-450 -45421.750000
-451 -45693.000000
-452 -45590.750000
-453 -45712.500000
-454 -45692.250000
-455 -45826.750000
-456 -45702.000000
-457 -45909.500000
-458 -45717.250000
-459 -46188.500000
-460 -45719.750000
-461 -46219.750000
-462 -45889.500000
-463 -46471.500000
-464 -46210.500000
-465 -46401.750000
-466 -46281.250000
-467 -46651.250000
-468 -46300.750000
-469 -46973.750000
-470 -46798.250000
-471 -47141.000000
-472 -46815.250000
-473 -47231.000000
-474 -47102.250000
-475 -47448.250000
-476 -47130.250000
-477 -47601.500000
-478 -47544.500000
-479 -47645.750000
-480 -47543.750000
-481 -47745.500000
-482 -47681.750000
-483 -48151.250000
-484 -47843.750000
-485 -48138.250000
-486 -47980.250000
-487 -48557.500000
-488 -48195.500000
-489 -48655.000000
-490 -48254.250000
-491 -48658.500000
-492 -48356.000000
-493 -48661.500000
-494 -48564.750000
-495 -48738.000000
-496 -48614.000000
-497 -48757.750000
-498 -48625.750000
-499 -48902.750000
-500 -48701.500000
-501 -48935.500000
-502 -48912.500000
-503 -49366.750000
-504 -48949.500000
-505 -49583.000000
-506 -49313.000000
-507 -49565.000000
-508 -49577.250000
-509 -49803.250000
-510 -49631.500000
-511 -49810.500000
-512 -49697.250000
-513 -49954.500000
-514 -49791.500000
-515 -50044.250000
-516 -49822.250000
-517 -50453.750000
-518 -50058.000000
-519 -50464.000000
-520 -50175.250000
-521 -50450.500000
-522 -50477.000000
-523 -50799.750000
-524 -50704.250000
-525 -50797.000000
-526 -50946.750000
-527 -51217.250000
-528 -51012.000000
-529 -51276.000000
-530 -51052.750000
-531 -51329.750000
-532 -51171.750000
-533 -51417.500000
-534 -51341.000000
-535 -51529.250000
-536 -51459.500000
-537 -51574.250000
-538 -51493.750000
-539 -51818.750000
-540 -51573.500000
-541 -52001.750000
-542 -51736.250000
-543 -52260.500000
-544 -52011.250000
-545 -52225.500000
-546 -52214.750000
-547 -52311.750000
-548 -52236.250000
-549 -52649.750000
-550 -52527.000000
-551 -52745.250000
-552 -52715.500000
-553 -52939.250000
-554 -52739.500000
-555 -53001.000000
-556 -52952.500000
-557 -53117.500000
-558 -53065.500000
-559 -53184.500000
-560 -53173.250000
-561 -53297.000000
-562 -53177.750000
-563 -53583.250000
-564 -53327.750000
-565 -53827.500000
-566 -53452.750000
-567 -53825.750000
-568 -53926.000000
-569 -53916.250000
-570 -54028.750000
-571 -54315.750000
-572 -54146.750000
-573 -54530.250000
-574 -54275.250000
-575 -54604.750000
-576 -54584.500000
-577 -54652.500000
-578 -54696.750000
-579 -54906.750000
-580 -54718.250000
-581 -54909.250000
-582 -54765.500000
-583 -54988.000000
-584 -54785.250000
-585 -55031.000000
-586 -55043.000000
-587 -55115.250000
-588 -55041.500000
-589 -55042.000000
-590 -55083.750000
-591 -55304.250000
-592 -55085.000000
-593 -55533.250000
-594 -55063.500000
-595 -55618.250000
-596 -55292.500000
-597 -55772.250000
-598 -55848.250000
-599 -56434.250000
-600 -56099.500000
-601 -56671.250000
-602 -56221.500000
-603 -56813.750000
-604 -56504.750000
-605 -56854.000000
-606 -56958.000000
-607 -57022.750000
-608 -57067.750000
-609 -56968.500000
-610 -57236.750000
-611 -57307.500000
-612 -57298.000000
-613 -58053.250000
-614 -57543.000000
-615 -58079.000000
-616 -57601.750000
-617 -58487.250000
-618 -58327.750000
-619 -58397.500000
-620 -58363.250000
-621 -58491.750000
-622 -58621.250000
-623 -58825.250000
-624 -58847.750000
-625 -58851.000000
-626 -58858.000000
-627 -58970.000000
-628 -59161.250000
-629 -59424.500000
-630 -59281.250000
-631 -59554.000000
-632 -59289.750000
-633 -59541.500000
-634 -59616.750000
-635 -59553.750000
-636 -59623.250000
-637 -59685.750000
-638 -59733.000000
-639 -59854.250000
-640 -59746.500000
-641 -60259.000000
-642 -59775.500000
-643 -60258.750000
-644 -60381.750000
-645 -60931.500000
-646 -60491.500000
-647 -61123.750000
-648 -60854.000000
-649 -61359.500000
-650 -60948.500000
-651 -61457.250000
-652 -61084.000000
-653 -61898.500000
-654 -61800.250000
-655 -61951.000000
-656 -61908.250000
-657 -62183.000000
-658 -62119.000000
-659 -62383.250000
-660 -62303.250000
-661 -62433.250000
-662 -62521.000000
-663 -62702.000000
-664 -62903.750000
-665 -63245.750000
-666 -62942.500000
-667 -63288.750000
-668 -63061.000000
-669 -63293.000000
-670 -63114.000000
-671 -63669.500000
-672 -63543.250000
-673 -63759.250000
-674 -63672.000000
-675 -63845.000000
-676 -63822.250000
-677 -63839.250000
-678 -63851.750000
-679 -64046.250000
-680 -63873.250000
-681 -64134.250000
-682 -63918.750000
-683 -64266.000000
-684 -63966.750000
-685 -64436.500000
-686 -64168.750000
-687 -64808.000000
-688 -64569.000000
-689 -64993.000000
-690 -64644.000000
-691 -65063.750000
-692 -64753.750000
-693 -65266.750000
-694 -65074.500000
-695 -65604.500000
-696 -65386.750000
-697 -65574.250000
-698 -65533.750000
-699 -65635.000000
