0 0.000000
-1 -27.212891
-2 -24.574219
-3 -34.871094
-4 -25.132812
-5 -42.750000
-6 -30.587891
-7 -36.460938
-8 -31.908203
-9 -48.042969
-10 -38.642578
-11 -49.511719
-12 -42.078125
-13 -52.363281
-14 -49.306641
-15 -61.734375
-16 -50.876953
-17 -65.867188
-18 -60.158203
-19 -67.580078
-20 -63.873047
-21 -72.935547
-22 -68.763672
-23 -72.943359
-24 -71.955078
-25 -79.916016
-26 -74.626953
-27 -85.560547
-28 -75.093750
-29 -84.634766
-30 -79.544922
-31 -89.724609
-32 -85.121094
-33 -92.714844
-34 -89.564453
-35 -96.513672
-36 -95.162109
-37 -96.990234
-38 -98.093750
-39 -102.115234
-40 -99.716797
-41 -102.812500
-42 -102.591797
-43 -104.326172
-44 -105.923828
-45 -107.273438
-46 -107.730469
-47 -114.304688
-48 -109.152344
-49 -114.957031
-50 -111.361328
-51 -119.533203
-52 -114.734375
-53 -124.115234
-54 -117.523438
-55 -132.138672
-56 -126.869141
-57 -135.757812
-58 -128.390625
-59 -138.707031
-60 -134.144531
-61 -139.279297
-62 -138.166016
-63 -143.982422
-64 -139.662109
-65 -148.675781
-66 -142.375000
-67 -153.800781
-68 -150.572266
-69 -157.136719
-70 -155.291016
-71 -158.248047
-72 -157.937500
-73 -162.048828
-74 -160.134766
-75 -168.367188
-76 -165.513672
-77 -173.091797
-78 -171.363281
-79 -176.941406
-80 -174.001953
-81 -182.119141
-82 -179.117188
-83 -185.833984
-84 -179.537109
-85 -188.152344
-86 -184.289062
-87 -190.509766
-88 -189.234375
-89 -194.660156
-90 -191.621094
-91 -200.158203
-92 -195.884766
-93 -202.748047
-94 -196.361328
-95 -203.806641
-96 -202.044922
-97 -205.638672
-98 -203.935547
-99 -208.271484
-100 -208.074219
-101 -216.351562
-102 -211.517578
-103 -218.263672
-104 -214.767578
-105 -219.351562
-106 -217.365234
-107 -222.320312
-108 -220.894531
-109 -227.404297
-110 -225.507812
-111 -233.783203
-112 -227.792969
-113 -240.066406
-114 -239.144531
-115 -243.988281
-116 -237.804688
-117 -247.099609
-118 -244.634766
-119 -252.203125
-120 -249.031250
-121 -252.906250
-122 -250.283203
-123 -256.089844
-124 -253.929688
-125 -259.865234
-126 -260.123047
-127 -264.750000
-128 -263.044922
-129 -267.109375
-130 -263.935547
-131 -268.619141
-132 -267.220703
-133 -272.800781
-134 -270.341797
-135 -277.703125
-136 -277.058594
-137 -283.195312
-138 -279.035156
-139 -286.066406
-140 -285.013672
-141 -291.308594
-142 -287.734375
-143 -292.667969
-144 -293.097656
-145 -298.537109
-146 -295.867188
-147 -300.982422
-148 -298.638672
-149 -304.054688
-150 -303.207031
-151 -306.142578
-152 -306.146484
-153 -310.945312
-154 -308.513672
-155 -313.833984
-156 -310.345703
-157 -315.460938
-158 -313.763672
-159 -323.884766
-160 -321.771484
-161 -328.718750
-162 -324.765625
-163 -332.986328
-164 -329.458984
-165 -334.890625
-166 -332.064453
-167 -338.339844
-168 -334.853516
-169 -342.757812
-170 -338.177734
-171 -344.878906
-172 -342.816406
-173 -354.255859
-174 -348.550781
-175 -355.619141
-176 -352.337891
-177 -357.242188
-178 -356.177734
-179 -368.154297
-180 -359.630859
-181 -373.005859
-182 -366.394531
-183 -376.300781
-184 -370.783203
-185 -379.601562
-186 -376.064453
-187 -383.408203
-188 -380.916016
-189 -386.541016
-190 -383.896484
-191 -391.546875
-192 -388.386719
-193 -392.878906
-194 -393.011719
-195 -399.972656
-196 -399.164062
-197 -402.552734
-198 -399.757812
-199 -406.246094
-200 -407.298828
-201 -410.578125
-202 -410.427734
-203 -412.894531
-204 -413.306641
-205 -417.531250
-206 -417.251953
-207 -423.580078
-208 -423.177734
-209 -431.107422
-210 -426.193359
-211 -439.128906
-212 -432.947266
-213 -440.310547
-214 -438.611328
-215 -441.199219
-216 -441.402344
-217 -447.117188
-218 -443.689453
-219 -448.423828
-220 -445.843750
-221 -454.380859
-222 -449.843750
-223 -455.316406
-224 -454.640625
-225 -458.841797
-226 -455.660156
-227 -464.619141
-228 -460.591797
-229 -466.863281
-230 -462.935547
-231 -471.001953
-232 -467.769531
-233 -476.509766
-234 -470.964844
-235 -480.542969
-236 -477.970703
-237 -490.123047
-238 -481.265625
-239 -495.150391
-240 -492.474609
-241 -498.609375
-242 -496.355469
-243 -500.232422
-244 -499.138672
-245 -503.691406
-246 -501.541016
-247 -508.253906
-248 -503.134766
-249 -512.013672
-250 -506.992188
-251 -521.542969
-252 -510.242188
-253 -523.900391
-254 -514.769531
-255 -527.900391
-256 -524.292969
-257 -531.025391
-258 -528.460938
-259 -534.441406
-260 -529.953125
-261 -534.941406
-262 -532.658203
-263 -539.781250
-264 -535.210938
-265 -541.406250
-266 -541.300781
-267 -544.445312
-268 -543.621094
-269 -548.824219
-270 -546.171875
-271 -550.796875
-272 -548.667969
-273 -551.402344
-274 -549.730469
-275 -556.123047
-276 -553.128906
-277 -563.130859
-278 -558.748047
-279 -567.312500
-280 -562.515625
-281 -571.748047
-282 -565.951172
-283 -572.705078
-284 -569.396484
-285 -577.644531
-286 -575.185547
-287 -579.523438
-288 -575.804688
-289 -587.933594
-290 -579.146484
-291 -591.376953
-292 -585.929688
-293 -593.812500
-294 -589.976562
-295 -595.951172
-296 -594.207031
-297 -603.505859
-298 -600.681641
-299 -607.093750
-300 -605.232422
-301 -611.791016
-302 -606.095703
-303 -616.496094
-304 -609.410156
-305 -614.964844
-306 -613.031250
-307 -622.187500
-308 -620.480469
-309 -623.349609
-310 -621.369141
-311 -627.083984
-312 -623.925781
-313 -630.742188
-314 -627.886719
-315 -635.283203
-316 -629.101562
-317 -636.244141
-318 -635.351562
-319 -640.531250
-320 -638.974609
-321 -641.949219
-322 -641.105469
-323 -646.349609
-324 -645.023438
-325 -649.853516
-326 -647.630859
-327 -650.400391
-328 -650.394531
-329 -654.177734
-330 -651.691406
-331 -658.064453
-332 -654.958984
-333 -662.433594
-334 -657.796875
-335 -664.539062
-336 -663.382812
-337 -668.648438
-338 -668.761719
-339 -670.839844
-340 -671.421875
-341 -675.199219
-342 -672.951172
-343 -677.650391
-344 -675.066406
-345 -680.701172
-346 -677.089844
-347 -686.033203
-348 -679.353516
-349 -687.933594
-350 -683.664062
-351 -691.427734
-352 -686.787109
-353 -699.458984
-354 -689.804688
-355 -703.253906
-356 -694.257812
-357 -706.250000
-358 -700.830078
-359 -710.427734
-360 -703.439453
-361 -715.761719
-362 -709.703125
-363 -720.394531
-364 -714.470703
-365 -723.023438
-366 -719.355469
-367 -725.681641
-368 -721.191406
-369 -729.478516
-370 -724.884766
-371 -733.167969
-372 -729.958984
-373 -734.458984
-374 -732.062500
-375 -737.748047
-376 -735.669922
-377 -744.023438
-378 -738.580078
-379 -748.695312
-380 -741.214844
-381 -754.755859
-382 -746.888672
-383 -759.222656
-384 -756.134766
-385 -760.191406
-386 -758.378906
-387 -765.400391
-388 -763.445312
-389 -771.580078
-390 -766.365234
-391 -775.763672
-392 -769.677734
-393 -776.419922
-394 -774.726562
-395 -781.839844
-396 -778.867188
-397 -786.775391
-398 -780.876953
-399 -790.177734
-400 -783.728516
-401 -791.908203
-402 -789.496094
-403 -797.234375
-404 -794.177734
-405 -799.000000
-406 -797.291016
-407 -802.800781
-408 -798.904297
-409 -812.275391
-410 -804.263672
-411 -816.660156
-412 -809.103516
-413 -820.462891
-414 -814.968750
-415 -828.173828
-416 -820.353516
-417 -831.232422
-418 -827.429688
-419 -834.679688
-420 -830.244141
-421 -840.755859
-422 -835.441406
-423 -843.513672
-424 -838.697266
-425 -849.294922
-426 -844.005859
-427 -855.349609
-428 -845.111328
-429 -858.451172
-430 -856.742188
-431 -862.517578
-432 -857.902344
-433 -869.433594
-434 -862.675781
-435 -872.660156
-436 -867.246094
-437 -875.414062
-438 -872.416016
-439 -877.791016
-440 -878.515625
-441 -886.072266
-442 -883.544922
-443 -892.166016
-444 -886.802734
-445 -893.402344
-446 -890.001953
-447 -896.023438
-448 -894.740234
-449 -899.240234
-450 -895.792969
-451 -903.382812
-452 -896.873047
-453 -907.216797
-454 -902.919922
-455 -912.416016
-456 -909.460938
-457 -916.539062
-458 -911.255859
-459 -918.123047
-460 -915.562500
-461 -924.482422
-462 -918.062500
-463 -928.855469
-464 -924.105469
-465 -932.503906
-466 -928.132812
-467 -936.234375
-468 -934.007812
-469 -942.962891
-470 -939.769531
-471 -951.341797
-472 -941.722656
-473 -958.449219
-474 -946.462891
-475 -960.867188
-476 -953.576172
-477 -964.152344
-478 -961.839844
-479 -971.833984
-480 -964.226562
-481 -975.187500
-482 -967.679688
-483 -978.896484
-484 -974.650391
-485 -979.853516
-486 -977.763672
-487 -983.308594
-488 -981.396484
-489 -992.023438
-490 -985.939453
-491 -1001.982422
-492 -989.777344
-493 -1000.414062
-494 -995.341797
-495 -1004.781250
-496 -1001.310547
-497 -1008.414062
-498 -1005.974609
-499 -1010.062500
-500 -1012.285156
-501 -1018.273438
-502 -1013.298828
-503 -1027.498047
-504 -1017.392578
-505 -1026.037109
-506 -1021.617188
-507 -1031.378906
-508 -1025.808594
-509 -1034.812500
-510 -1031.615234
-511 -1043.292969
-512 -1035.312500
-513 -1044.458984
-514 -1040.869141
-515 -1047.041016
-516 -1043.882812
-517 -1052.138672
-518 -1051.015625
-519 -1057.390625
-520 -1053.017578
-521 -1059.783203
-522 -1055.115234
-523 -1062.458984
-524 -1058.175781
-525 -1068.222656
-526 -1059.599609
-527 -1069.833984
-528 -1064.560547
-529 -1072.109375
-530 -1068.169922
-531 -1077.712891
-532 -1075.957031
-533 -1079.923828
-534 -1077.208984
-535 -1084.845703
-536 -1082.324219
-537 -1086.449219
-538 -1082.208984
-539 -1088.693359
-540 -1087.658203
-541 -1095.234375
-542 -1086.283203
-543 -1101.171875
-544 -1095.554688
-545 -1104.425781
-546 -1099.878906
-547 -1105.863281
-548 -1103.011719
-549 -1107.992188
-550 -1105.697266
-551 -1114.490234
-552 -1111.183594
-553 -1120.509766
-554 -1112.955078
-555 -1126.984375
-556 -1120.886719
-557 -1130.642578
-558 -1121.271484
-559 -1132.583984
-560 -1127.443359
-561 -1136.355469
-562 -1132.359375
-563 -1142.904297
-564 -1133.212891
-565 -1145.416016
-566 -1136.876953
-567 -1150.017578
-568 -1148.097656
-569 -1152.552734
-570 -1147.925781
-571 -1159.363281
-572 -1155.472656
-573 -1163.843750
-574 -1155.910156
-575 -1168.974609
-576 -1161.416016
-577 -1171.974609
-578 -1165.875000
-579 -1175.857422
-580 -1169.730469
-581 -1180.123047
-582 -1174.246094
-583 -1181.990234
-584 -1180.033203
-585 -1186.808594
-586 -1184.455078
-587 -1193.636719
-588 -1189.521484
-589 -1200.550781
-590 -1194.466797
-591 -1205.394531
-592 -1196.345703
-593 -1206.199219
-594 -1201.570312
-595 -1210.855469
-596 -1207.466797
-597 -1214.814453
-598 -1208.576172
-599 -1217.177734
-600 -1214.378906
-601 -1227.431641
-602 -1216.515625
-603 -1232.921875
-604 -1220.972656
-605 -1234.875000
-606 -1228.208984
-607 -1241.119141
-608 -1235.089844
-609 -1247.839844
-610 -1236.582031
-611 -1249.673828
-612 -1241.398438
-613 -1256.113281
-614 -1245.652344
-615 -1258.929688
-616 -1252.978516
-617 -1261.132812
-618 -1259.058594
-619 -1264.072266
-620 -1262.580078
-621 -1266.462891
-622 -1264.683594
-623 -1271.425781
-624 -1265.962891
-625 -1279.398438
-626 -1272.443359
-627 -1282.099609
-628 -1277.916016
-629 -1288.816406
-630 -1279.699219
-631 -1292.566406
-632 -1283.205078
-633 -1298.529297
-634 -1291.050781
-635 -1303.761719
-636 -1297.527344
-637 -1308.031250
-638 -1299.568359
-639 -1314.619141
-640 -1307.130859
-641 -1322.654297
-642 -1314.025391
-643 -1330.662109
-644 -1323.476562
-645 -1334.404297
-646 -1329.666016
-647 -1340.767578
-648 -1335.962891
-649 -1346.035156
-650 -1343.375000
-651 -1351.679688
-652 -1345.199219
-653 -1357.035156
-654 -1349.548828
-655 -1361.341797
-656 -1352.496094
-657 -1365.480469
-658 -1360.228516
-659 -1368.541016
-660 -1362.904297
-661 -1370.318359
-662 -1366.775391
-663 -1377.619141
-664 -1370.683594
-665 -1381.179688
-666 -1376.271484
-667 -1385.140625
-668 -1382.509766
-669 -1386.769531
-670 -1383.707031
-671 -1392.724609
-672 -1387.814453
-673 -1396.205078
-674 -1389.761719
-675 -1402.951172
-676 -1392.898438
-677 -1405.740234
-678 -1399.839844
-679 -1410.634766
-680 -1405.900391
-681 -1419.906250
-682 -1406.343750
-683 -1424.423828
-684 -1413.863281
-685 -1430.048828
-686 -1422.320312
-687 -1435.300781
-688 -1430.371094
-689 -1439.435547
-690 -1434.585938
-691 -1443.724609
-692 -1439.619141
-693 -1448.087891
-694 -1444.158203
-695 -1452.453125
-696 -1449.240234
-697 -1456.326172
-698 -1455.140625
-699 -1459.898438
