100000 0 -84.000000 3.000000 3.000000 1.000000 
200000 0 -298.000000 30.000000 15.000000 2.000000 
300000 0 -476.000000 75.000000 27.818726 6.631569 
400000 0 -107.000000 14.000000 7.423447 1.941647 
500000 0 -183.000000 13.000000 6.240205 2.319346 
600000 0 -510.000000 51.000000 25.320726 2.111742 
700000 0 -430.000000 62.000000 18.746807 7.882955 
800000 0 -17.000000 2.000000 2.000000 1.000000 
900000 0 -240.000000 34.000000 17.176156 1.989701 
1000000 0 -338.000000 31.000000 13.018943 4.045441 
1100000 0 -563.000000 86.000000 42.646469 2.062601 
1200000 0 -655.000000 95.000000 46.693775 2.221745 
1300000 0 -408.000000 58.000000 15.804352 4.939838 
1400000 0 -664.000000 98.000000 46.283828 2.881543 
1500000 0 -402.000000 59.000000 28.869683 2.090496 
1600000 0 -242.000000 24.000000 12.615287 1.936587 
1700000 0 -630.000000 95.000000 19.014496 11.517597 
1800000 0 -169.000000 14.000000 7.224041 1.952749 
1900000 1 -645.000000 98.000000 28.227786 14.939350 
2000000 1 -619.000000 81.000000 39.981402 2.132675 
2100000 1 -420.000000 54.000000 26.274151 2.207888 
2200000 1 -650.000000 88.000000 33.603164 6.085895 
2300000 1 -538.000000 58.000000 29.103386 1.996442 
2400000 1 -616.000000 85.000000 26.182369 7.765148 
2500000 1 -649.000000 91.000000 40.416211 8.712752 
2600000 1 -618.000000 90.000000 25.438093 9.449265 
2700000 1 -249.000000 34.000000 17.690314 1.960911 
2800000 1 -422.000000 51.000000 23.226456 3.052603 
2900000 1 -304.000000 22.000000 11.000000 2.000000 
3000000 1 -349.000000 24.000000 11.323040 2.388604 
3100000 1 -519.000000 67.000000 21.224095 10.330483 
3200000 1 -60.000000 3.000000 3.000000 1.000000 
3300000 1 -36.000000 2.000000 2.000000 1.000000 
3400000 1 -276.000000 35.000000 16.338215 2.287829 
3500000 1 -19.000000 2.000000 2.000000 1.000000 
3600000 1 -255.000000 37.000000 18.540660 1.997798 
3700000 1 -232.000000 12.000000 6.491474 1.922005 
3800000 2 -559.000000 62.000000 31.048500 1.997655 
3900000 2 -405.000000 63.000000 30.619556 2.165104 
4000000 2 -568.000000 88.000000 40.473606 5.763535 
4100000 2 -650.000000 99.000000 36.109996 15.961969 
4200000 2 -515.000000 80.000000 34.426735 3.095349 
4300000 2 -200.000000 26.000000 13.116919 1.986566 
4400000 2 -592.000000 91.000000 44.279942 2.127203 
4500000 2 -332.000000 37.000000 13.748125 5.323571 
4600000 2 -616.000000 93.000000 24.965617 9.316345 
4700000 2 -453.000000 60.000000 29.738436 2.095728 
4800000 2 -365.000000 55.000000 21.299438 4.804342 
4900000 2 -461.000000 71.000000 36.446202 2.074998 
5000000 2 -677.000000 104.000000 25.408669 5.655363 
5100000 2 -677.000000 69.000000 35.106331 2.081620 
5200000 2 -451.000000 65.000000 22.196181 12.090441 
5300000 2 -497.000000 74.000000 30.824295 4.028955 
5400000 2 -151.000000 12.000000 6.000000 2.000000 
5500000 2 -351.000000 48.000000 17.779548 6.298740 
5600000 2 -118.000000 3.000000 2.236068 1.527525 
5700000 2 -297.000000 28.000000 11.975855 3.260355 
5800000 2 -559.000000 50.000000 23.660981 2.225576 
5900000 2 -117.000000 20.000000 10.148892 1.992486 
6000000 3 -689.000000 99.000000 44.816822 3.123478 
6100000 3 -659.000000 94.000000 29.202415 5.448458 
6200000 3 -507.000000 76.000000 38.000000 2.000000 
6300000 3 -580.000000 77.000000 24.094885 5.338170 
6400000 3 -624.000000 79.000000 38.802823 2.071611 
6500000 3 -402.000000 57.000000 22.047793 4.557834 
6600000 3 -666.000000 99.000000 39.444635 6.761774 
6700000 3 -299.000000 20.000000 8.517134 4.056898 
6800000 3 -631.000000 62.000000 12.848656 8.942147 
6900000 3 -323.000000 31.000000 15.548590 1.996856 
7000000 3 -228.000000 11.000000 6.144181 1.928761 
7100000 3 -439.000000 69.000000 20.276440 10.589682 
7200000 3 -233.000000 15.000000 6.955769 2.793554 
7300000 3 -596.000000 89.000000 39.519726 3.373983 
7400000 3 -127.000000 8.000000 4.716113 1.839370 
7500000 3 -185.000000 19.000000 9.579844 1.991532 
7600000 3 -145.000000 5.000000 5.000000 1.000000 
7700000 3 -422.000000 36.000000 17.466600 2.138991 
7800000 3 -195.000000 10.000000 5.000000 2.000000 
7900000 3 -681.000000 107.000000 23.925177 14.411230 
8000000 3 -296.000000 48.000000 24.218778 2.103507 
8100000 3 -4.000000 2.000000 2.000000 1.000000 
8200000 3 -484.000000 67.000000 33.700954 1.994032 
8300000 3 -605.000000 91.000000 18.616428 15.996997 
8400000 3 -645.000000 100.000000 52.364526 2.159263 
8500000 3 -579.000000 57.000000 28.424994 2.095450 
8600000 3 -503.000000 64.000000 32.046978 1.997799 
8700000 4 -28.000000 2.000000 2.000000 1.000000 
8800000 4 -603.000000 88.000000 20.016381 11.269357 
8900000 4 -382.000000 39.000000 19.393229 2.133902 
9000000 4 -524.000000 88.000000 25.836529 7.225101 
9100000 4 -682.000000 98.000000 51.254395 2.108050 
9200000 4 -99.000000 16.000000 7.713456 2.325693 
9300000 4 -183.000000 16.000000 8.194055 1.964043 
9400000 4 -589.000000 87.000000 42.661307 2.173830 
9500000 4 -262.000000 22.000000 11.387966 2.147500 
9600000 4 -458.000000 62.000000 22.862472 5.839101 
9700000 4 -19.000000 2.000000 2.000000 1.000000 
9800000 4 -16.000000 2.000000 2.000000 1.000000 
9900000 4 -394.000000 56.000000 28.266516 1.993361 
10000000 4 -624.000000 91.000000 33.409297 10.626926 
10100000 4 -2.000000 2.000000 2.000000 1.000000 
10200000 4 -239.000000 36.000000 18.170007 2.123262 
10300000 4 -527.000000 82.000000 40.065439 2.139765 
10400000 4 -426.000000 41.000000 19.991696 2.129680 
10500000 4 -471.000000 51.000000 12.127674 8.809612 
10600000 4 -80.000000 3.000000 3.000000 1.000000 
10700000 4 -26.000000 4.000000 4.000000 1.000000 
10800000 4 -306.000000 22.000000 10.408200 2.234207 
10900000 4 -243.000000 30.000000 14.743663 2.505541 
11000000 5 -540.000000 81.000000 40.257762 2.068179 
11100000 5 -465.000000 59.000000 29.485642 2.180187 
11200000 5 -576.000000 60.000000 29.288928 2.093333 
11300000 5 -689.000000 101.000000 45.959080 2.785267 
11400000 5 -624.000000 90.000000 45.000000 2.000000 
11500000 5 -535.000000 72.000000 36.331669 1.990868 
11600000 5 -685.000000 104.000000 38.272714 13.956930 
11700000 5 -157.000000 21.000000 10.572090 1.993092 
11800000 5 -651.000000 101.000000 29.572141 6.921792 
11900000 5 -565.000000 78.000000 34.279905 7.785751 
12000000 5 -208.000000 24.000000 12.124356 1.994785 
12100000 5 -273.000000 42.000000 21.000000 2.000000 
12200000 5 -387.000000 45.000000 19.545301 3.084803 
12300000 5 -535.000000 81.000000 40.377557 2.069310 
12400000 5 -304.000000 25.000000 12.341687 2.195166 
12500000 5 -311.000000 42.000000 21.074720 2.134675 
12600000 5 -581.000000 54.000000 27.000000 2.000000 
12700000 5 -682.000000 105.000000 22.569642 9.685480 
12800000 5 -529.000000 67.000000 31.822727 3.224394 
12900000 5 -220.000000 21.000000 10.572090 1.993092 
13000000 5 -213.000000 35.000000 17.382205 2.147085 
13100000 5 -353.000000 49.000000 25.014228 1.984154 
13200000 6 -667.000000 96.000000 46.091776 2.328498 
13300000 6 -594.000000 85.000000 42.517657 1.999584 
13400000 6 -568.000000 68.000000 34.044089 1.999351 
13500000 6 -686.000000 100.000000 41.019653 5.460224 
13600000 6 -196.000000 28.000000 13.685506 2.203379 
13700000 6 -323.000000 17.000000 8.589495 1.989372 
13800000 6 -313.000000 44.000000 21.715348 3.852852 
13900000 6 -641.000000 87.000000 43.030501 2.058836 
14000000 6 -533.000000 79.000000 33.570032 3.896877 
14100000 6 -387.000000 41.000000 20.826917 1.984269 
14200000 6 -267.000000 15.000000 7.754822 2.261874 
14300000 6 -278.000000 21.000000 10.562964 2.231954 
14400000 6 -501.000000 73.000000 34.747788 3.022172 
14500000 6 -188.000000 11.000000 5.641212 1.973763 
14600000 6 -612.000000 79.000000 38.159052 2.215992 
14700000 6 -152.000000 6.000000 6.000000 1.000000 
14800000 6 -611.000000 91.000000 34.101269 12.994680 
14900000 6 -514.000000 73.000000 35.880117 2.078727 
15000000 6 -475.000000 67.000000 33.611761 1.997998 
15100000 6 -159.000000 5.000000 2.863564 1.843909 
15200000 7 -529.000000 80.000000 39.459893 2.069563 
15300000 7 -660.000000 98.000000 49.244237 1.995039 
15400000 7 -327.000000 26.000000 13.000000 2.000000 
15500000 7 -297.000000 43.000000 22.007085 1.999120 
15600000 7 -470.000000 30.000000 15.000000 2.000000 
15700000 7 -184.000000 23.000000 11.565719 1.994256 
15800000 7 -683.000000 93.000000 46.516136 1.999653 
15900000 7 -336.000000 33.000000 15.964270 2.169518 
16000000 7 -359.000000 51.000000 25.529457 1.998844 
16100000 7 -418.000000 59.000000 27.451240 2.536200 
16200000 7 -649.000000 95.000000 34.817703 9.931818 
16300000 7 -514.000000 66.000000 31.552643 2.168113 
16400000 7 -642.000000 93.000000 44.147980 2.291289 
16500000 7 -302.000000 37.000000 10.925613 7.498226 
16600000 7 -42.000000 3.000000 3.000000 1.000000 
16700000 7 -162.000000 5.000000 5.000000 1.000000 
16800000 7 -275.000000 39.000000 19.538563 1.998019 
16900000 7 -368.000000 48.000000 24.062419 1.998697 
17000000 7 -441.000000 64.000000 30.899199 2.324974 
17100000 7 -585.000000 72.000000 36.083301 1.997689 
17200000 7 -32.000000 2.000000 2.000000 1.000000 
17300000 8 -679.000000 76.000000 38.831888 1.995482 
17400000 8 -579.000000 65.000000 32.523099 1.999289 
17500000 8 -547.000000 84.000000 44.014652 1.969027 
17600000 8 -508.000000 67.000000 33.522408 1.999331 
17700000 8 -195.000000 29.000000 14.551973 1.996404 
17800000 8 -509.000000 70.000000 34.758074 2.069896 
17900000 8 -387.000000 57.000000 28.526348 1.999075 
18000000 8 -506.000000 70.000000 33.343412 3.037545 
18100000 8 -27.000000 3.000000 3.000000 1.000000 
18200000 8 -411.000000 58.000000 29.000000 2.000000 
18300000 8 -536.000000 75.000000 37.520014 1.999466 
18400000 8 -577.000000 82.000000 41.000000 2.000000 
18500000 8 -330.000000 36.000000 18.083141 1.997684 
18600000 8 -36.000000 2.000000 2.000000 1.000000 
18700000 8 -469.000000 49.000000 24.652604 1.996260 
18800000 8 -164.000000 26.000000 13.000000 2.000000 
18900000 8 -99.000000 5.000000 5.000000 1.000000 
19000000 8 -276.000000 36.000000 15.643300 2.540438 
19100000 8 -421.000000 40.000000 18.737940 2.500920 
19200000 8 -569.000000 75.000000 37.599872 1.998402 
19300000 8 -684.000000 100.000000 51.477580 1.999683 
19400000 8 -443.000000 31.000000 14.959646 2.173254 
19500000 8 -244.000000 18.000000 9.356171 2.103576 
19600000 8 -414.000000 46.000000 23.323673 1.990201 
19700000 8 -370.000000 32.000000 16.187121 1.988385 
19800000 9 -649.000000 78.000000 26.065865 10.211216 
19900000 9 -678.000000 91.000000 45.516491 1.999637 
20000000 9 -527.000000 71.000000 36.023604 1.985465 
20100000 9 -390.000000 46.000000 23.000000 2.000000 
20200000 9 -187.000000 5.000000 5.000000 1.000000 
20300000 9 -425.000000 56.000000 28.000000 2.000000 
20400000 9 -151.000000 8.000000 4.000000 2.000000 
20500000 9 -432.000000 63.000000 30.765436 2.091367 
20600000 9 -140.000000 8.000000 4.000000 2.000000 
20700000 9 -674.000000 79.000000 39.177944 2.071808 
20800000 9 -404.000000 33.000000 16.727734 1.980899 
20900000 9 -588.000000 65.000000 31.881471 2.086466 
21000000 9 -267.000000 20.000000 10.153365 1.977163 
21100000 9 -415.000000 50.000000 25.000000 2.000000 
21200000 9 -634.000000 48.000000 24.062419 1.998697 
21300000 9 -228.000000 11.000000 5.272647 3.115017 
21400000 9 -421.000000 45.000000 21.917477 2.125103 
21500000 9 -417.000000 57.000000 28.526348 1.999075 
21600000 9 -680.000000 86.000000 43.000000 2.000000 
21700000 10 -667.000000 95.000000 47.515796 1.999667 
21800000 10 -645.000000 87.000000 43.392088 2.059421 
21900000 10 -246.000000 22.000000 11.000000 2.000000 
22000000 10 -534.000000 78.000000 39.000000 2.000000 
22100000 10 -652.000000 97.000000 52.260711 1.997967 
22200000 10 -103.000000 2.000000 2.000000 1.000000 
22300000 10 -346.000000 19.000000 9.579844 1.991532 
22400000 10 -539.000000 62.000000 31.000000 2.000000 
22500000 10 -159.000000 12.000000 6.491474 1.922005 
22600000 10 -230.000000 4.000000 2.000000 2.000000 
22700000 10 -441.000000 14.000000 7.000000 2.000000 
22800000 10 -409.000000 42.000000 21.000000 2.000000 
22900000 10 -508.000000 68.000000 34.000000 2.000000 
23000000 10 -250.000000 6.000000 6.000000 1.000000 
23100000 10 -645.000000 82.000000 41.000000 2.000000 
23200000 10 -154.000000 5.000000 2.863564 1.843909 
23300000 10 -415.000000 30.000000 15.100999 1.989932 
23400000 10 -674.000000 73.000000 36.602601 1.998313 
23500000 10 -62.000000 3.000000 3.000000 1.000000 
23600000 11 -564.000000 63.000000 23.054768 7.131735 
23700000 11 -513.000000 73.000000 36.520563 1.999436 
23800000 11 -446.000000 61.000000 30.429659 2.089729 
23900000 11 -408.000000 30.000000 15.100999 1.989932 
24000000 11 -264.000000 16.000000 8.371678 1.954803 
24100000 11 -422.000000 40.000000 20.000000 2.000000 
24200000 11 -304.000000 16.000000 8.000000 2.000000 
24300000 11 -258.000000 5.000000 5.000000 1.000000 
24400000 11 -664.000000 88.000000 43.772559 2.063239 
24500000 11 -640.000000 93.000000 50.579939 1.983981 
24600000 11 -247.000000 17.000000 8.589495 1.989372 
24700000 11 -75.000000 3.000000 3.000000 1.000000 
24800000 11 -660.000000 92.000000 46.032643 1.998936 
24900000 11 -178.000000 18.000000 9.000000 2.000000 
25000000 11 -274.000000 28.000000 14.000000 2.000000 
25100000 12 -201.000000 4.000000 4.000000 1.000000 
25200000 12 -677.000000 97.000000 48.577260 1.999044 
25300000 12 -532.000000 75.000000 37.679616 1.995230 
25400000 12 -419.000000 52.000000 26.000000 2.000000 
25500000 12 -169.000000 8.000000 4.000000 2.000000 
25600000 12 -529.000000 40.000000 20.000000 2.000000 
25700000 12 -636.000000 94.000000 46.268935 2.061321 
25800000 12 -165.000000 6.000000 3.908841 1.747654 
25900000 12 -121.000000 3.000000 3.000000 1.000000 
26000000 12 -101.000000 3.000000 3.000000 1.000000 
26100000 12 -286.000000 21.000000 10.572090 1.993092 
26200000 12 -486.000000 48.000000 24.000000 2.000000 
26300000 12 -334.000000 35.000000 17.713036 1.992687 
26400000 12 -102.000000 3.000000 3.000000 1.000000 
26500000 13 -278.000000 19.000000 9.852970 1.994279 
26600000 13 -677.000000 80.000000 34.757889 5.356228 
26700000 13 -674.000000 67.000000 33.138746 2.083980 
26800000 13 -529.000000 68.000000 34.000000 2.000000 
26900000 13 -464.000000 60.000000 30.000000 2.000000 
27000000 13 -489.000000 60.000000 30.397129 1.986928 
27100000 13 -665.000000 88.000000 44.034078 1.999613 
27200000 13 -217.000000 11.000000 5.641212 1.973763 
27300000 13 -28.000000 2.000000 2.000000 1.000000 
27400000 13 -235.000000 22.000000 11.135529 1.993792 
27500000 13 -31.000000 2.000000 2.000000 1.000000 
27600000 14 -47.000000 2.000000 2.000000 1.000000 
27700000 14 -695.000000 60.000000 30.000000 2.000000 
27800000 14 -609.000000 78.000000 39.076898 1.998031 
27900000 14 -632.000000 84.000000 42.000000 2.000000 
28000000 14 -469.000000 60.000000 30.000000 2.000000 
28100000 14 -509.000000 66.000000 33.000000 2.000000 
28200000 14 -399.000000 36.000000 18.000000 2.000000 
28300000 14 -173.000000 8.000000 4.000000 2.000000 
28400000 14 -42.000000 2.000000 2.000000 1.000000 
28500000 14 -187.000000 5.000000 5.000000 1.000000 
28600000 14 -450.000000 34.000000 17.690314 1.960911 
28700000 14 -629.000000 68.000000 34.000000 2.000000 
28800000 14 -543.000000 76.000000 35.019821 3.186808 
28900000 14 -461.000000 61.000000 30.623028 1.994372 
29000000 14 -501.000000 52.000000 26.000000 2.000000 
29100000 14 -332.000000 28.000000 14.000000 2.000000 
29200000 14 -510.000000 61.000000 30.524617 1.999192 
29300000 14 -572.000000 47.000000 23.659741 1.990538 
29400000 14 -400.000000 50.000000 25.000000 2.000000 
29500000 14 -240.000000 20.000000 10.721692 1.950724 
29600000 14 -172.000000 4.000000 4.000000 1.000000 
29700000 14 -233.000000 9.000000 4.198752 2.388267 
29800000 15 -147.000000 4.000000 4.000000 1.000000 
29900000 15 -536.000000 61.000000 30.524617 1.999192 
30000000 15 -688.000000 61.000000 30.276668 2.095815 
30100000 15 -469.000000 63.000000 31.523834 1.999243 
30200000 15 -597.000000 54.000000 27.000000 2.000000 
30300000 15 -669.000000 98.000000 49.152810 1.997820 
30400000 15 -356.000000 36.000000 18.000000 2.000000 
30500000 15 -576.000000 77.000000 37.777566 2.075253 
30600000 15 -460.000000 60.000000 20.281183 10.950812 
30700000 15 -306.000000 26.000000 13.000000 2.000000 
30800000 15 -630.000000 71.000000 35.521144 1.999404 
30900000 15 -646.000000 86.000000 43.000000 2.000000 
31000000 15 -409.000000 54.000000 27.000000 2.000000 
31100000 15 -508.000000 55.000000 27.527309 1.999006 
31200000 15 -526.000000 69.000000 34.521757 1.999369 
31300000 15 -270.000000 23.000000 10.783631 2.233250 
31400000 15 -289.000000 28.000000 14.000000 2.000000 
31500000 15 -157.000000 8.000000 4.000000 2.000000 
31600000 15 -55.000000 3.000000 3.000000 1.000000 
31700000 15 -185.000000 4.000000 4.000000 1.000000 
31800000 15 -99.000000 2.000000 2.000000 1.000000 
31900000 15 -1.000000 2.000000 2.000000 1.000000 
32000000 15 -189.000000 4.000000 4.000000 1.000000 
32100000 15 -105.000000 3.000000 3.000000 1.000000 
32200000 15 -481.000000 30.000000 15.000000 2.000000 
32300000 15 -450.000000 55.000000 26.817781 2.103599 
32400000 15 -579.000000 78.000000 37.997084 2.965739 
32500000 15 -663.000000 83.000000 41.518083 1.999564 
32600000 15 -682.000000 99.000000 51.498638 2.055506 
32700000 15 -583.000000 77.000000 38.519494 1.999493 
32800000 15 -513.000000 70.000000 34.842841 2.082217 
32900000 15 -265.000000 22.000000 11.000000 2.000000 
33000000 15 -452.000000 54.000000 27.111034 1.995898 
33100000 15 -411.000000 54.000000 27.055499 1.998971 
33200000 15 -638.000000 86.000000 43.000000 2.000000 
33300000 15 -627.000000 90.000000 45.000000 2.000000 
33400000 15 -696.000000 101.000000 51.194367 1.999910 
33500000 15 -547.000000 42.000000 21.000000 2.000000 
33600000 15 -394.000000 33.000000 16.545623 1.997228 
33700000 15 -166.000000 4.000000 4.000000 1.000000 
33800000 15 -25.000000 2.000000 2.000000 1.000000 
33900000 15 -31.000000 3.000000 2.236068 1.527525 
34000000 15 -238.000000 13.000000 6.618263 1.981517 
34100000 15 -64.000000 2.000000 2.000000 1.000000 
34200000 16 -40.000000 2.000000 2.000000 1.000000 
34300000 16 -22.000000 2.000000 2.000000 1.000000 
34400000 16 -263.000000 14.000000 7.000000 2.000000 
34500000 16 -343.000000 32.000000 16.000000 2.000000 
34600000 16 -456.000000 56.000000 28.000000 2.000000 
34700000 16 -412.000000 51.000000 25.529457 1.998844 
34800000 16 -314.000000 32.000000 16.000000 2.000000 
34900000 16 -290.000000 30.000000 14.750010 2.174977 
35000000 16 -135.000000 4.000000 4.000000 1.000000 
35100000 16 -129.000000 4.000000 4.000000 1.000000 
35200000 16 -287.000000 8.000000 4.716113 1.839370 
35300000 16 -373.000000 30.000000 15.000000 2.000000 
35400000 16 -587.000000 80.000000 39.357196 2.070453 
35500000 16 -398.000000 49.000000 24.530663 1.998747 
35600000 16 -363.000000 42.000000 21.142692 1.993232 
35700000 16 -121.000000 3.000000 3.000000 1.000000 
35800000 16 -95.000000 3.000000 3.000000 1.000000 
35900000 16 -150.000000 4.000000 4.000000 1.000000 
36000000 16 -67.000000 2.000000 2.000000 1.000000 
36100000 16 -165.000000 6.000000 6.000000 1.000000 
36200000 16 -376.000000 23.000000 11.565719 1.994256 
36300000 16 -485.000000 54.000000 27.000000 2.000000 
36400000 16 -286.000000 15.000000 7.601850 1.986257 
36500000 16 -113.000000 4.000000 4.000000 1.000000 
36600000 16 -43.000000 3.000000 3.000000 1.000000 
36700000 16 -52.000000 3.000000 3.000000 1.000000 
36800000 16 -477.000000 36.000000 18.000000 2.000000 
36900000 16 -660.000000 58.000000 29.000000 2.000000 
37000000 16 -518.000000 65.000000 32.707102 1.993662 
37100000 16 -535.000000 68.000000 34.000000 2.000000 
37200000 16 -591.000000 79.000000 39.185604 2.071723 
37300000 16 -640.000000 91.000000 45.516491 1.999637 
37400000 16 -445.000000 44.000000 22.000000 2.000000 
37500000 16 -100.000000 3.000000 3.000000 1.000000 
37600000 16 -54.000000 3.000000 3.000000 1.000000 
37700000 16 -62.000000 3.000000 3.000000 1.000000 
37800000 16 -458.000000 31.000000 15.548590 1.996856 
37900000 16 -467.000000 58.000000 29.000000 2.000000 
38000000 16 -499.000000 64.000000 32.000000 2.000000 
38100000 16 -377.000000 26.000000 13.000000 2.000000 
38200000 16 -22.000000 2.000000 2.000000 1.000000 
38300000 16 -87.000000 3.000000 3.000000 1.000000 
38400000 16 -190.000000 4.000000 4.000000 1.000000 
38500000 16 -292.000000 16.000000 8.000000 2.000000 
38600000 16 -10.000000 2.000000 2.000000 1.000000 
38700000 16 -8.000000 2.000000 2.000000 1.000000 
38800000 16 -520.000000 59.000000 29.525453 1.999137 
38900000 16 -678.000000 101.000000 51.082918 1.999877 
39000000 16 -599.000000 79.000000 39.519000 1.999519 
39100000 16 -311.000000 28.000000 14.000000 2.000000 
39200000 16 -398.000000 28.000000 14.000000 2.000000 
39300000 16 -619.000000 82.000000 41.036634 1.998660 
39400000 16 -383.000000 52.000000 26.115298 1.995577 
39500000 16 -336.000000 34.000000 17.000000 2.000000 
39600000 16 -511.000000 31.000000 15.548590 1.996856 
39700000 16 -524.000000 69.000000 34.521757 1.999369 
39800000 16 -596.000000 83.000000 40.799745 2.069224 
39900000 16 -339.000000 22.000000 11.135529 1.993792 
40000000 16 -295.000000 22.000000 11.000000 2.000000 
40100000 16 -386.000000 26.000000 13.000000 2.000000 
40200000 16 -650.000000 87.000000 43.586125 1.998812 
40300000 16 -496.000000 62.000000 31.096723 1.996886 
40400000 16 -556.000000 48.000000 24.062744 1.996083 
40500000 16 -597.000000 83.000000 41.518083 1.999564 
40600000 16 -552.000000 72.000000 36.000000 2.000000 
40700000 16 -681.000000 100.000000 51.244038 1.999542 
40800000 17 -695.000000 101.000000 51.021811 1.999859 
40900000 17 -455.000000 53.000000 26.528342 1.998929 
41000000 17 -260.000000 15.000000 7.601850 1.986257 
41100000 17 -144.000000 3.000000 3.000000 1.000000 
41200000 17 -97.000000 3.000000 3.000000 1.000000 
41300000 17 -33.000000 3.000000 3.000000 1.000000 
41400000 17 -234.000000 12.000000 6.000000 2.000000 
41500000 17 -320.000000 30.000000 15.000000 2.000000 
41600000 17 -357.000000 42.000000 21.000000 2.000000 
41700000 17 -489.000000 44.000000 22.000000 2.000000 
41800000 17 -611.000000 83.000000 41.518083 1.999564 
41900000 17 -477.000000 59.000000 29.525453 1.999137 
42000000 17 -311.000000 27.000000 13.775070 1.987750 
42100000 17 -366.000000 21.000000 10.572090 1.993092 
42200000 17 -424.000000 39.000000 19.538563 1.998019 
42300000 17 -339.000000 36.000000 18.166402 1.990805 
42400000 17 -206.000000 22.000000 9.893354 2.820684 
42500000 17 -38.000000 2.000000 2.000000 1.000000 
42600000 17 0.000000 1.000000 1.000000 1.000000 
42700000 17 -112.000000 3.000000 3.000000 1.000000 
42800000 17 -132.000000 3.000000 3.000000 1.000000 
42900000 17 -92.000000 4.000000 4.000000 1.000000 
43000000 17 -180.000000 5.000000 5.000000 1.000000 
43100000 17 -127.000000 3.000000 3.000000 1.000000 
43200000 17 -66.000000 3.000000 3.000000 1.000000 
43300000 17 -159.000000 4.000000 4.000000 1.000000 
43400000 17 -227.000000 5.000000 5.000000 1.000000 
43500000 17 -322.000000 29.000000 14.192136 2.177206 
43600000 17 -307.000000 14.000000 7.000000 2.000000 
43700000 17 -278.000000 17.000000 9.261316 1.916868 
43800000 17 -410.000000 43.000000 21.534960 1.998372 
43900000 17 -540.000000 75.000000 36.145566 2.150953 
44000000 17 -562.000000 78.000000 39.000000 2.000000 
44100000 17 -639.000000 87.000000 43.517251 1.999603 
44200000 17 -563.000000 72.000000 36.000000 2.000000 
44300000 17 -403.000000 47.000000 23.531973 1.998638 
44400000 17 -381.000000 41.000000 20.536673 1.998208 
44500000 17 -66.000000 3.000000 3.000000 1.000000 
44600000 17 -91.000000 3.000000 3.000000 1.000000 
44700000 17 -79.000000 3.000000 3.000000 1.000000 
44800000 17 -101.000000 3.000000 3.000000 1.000000 
44900000 17 -102.000000 3.000000 3.000000 1.000000 
45000000 17 -48.000000 2.000000 2.000000 1.000000 
45100000 17 -38.000000 3.000000 3.000000 1.000000 
45200000 17 -70.000000 2.000000 2.000000 1.000000 
45300000 17 -211.000000 5.000000 5.000000 1.000000 
45400000 17 -149.000000 4.000000 4.000000 1.000000 
45500000 17 -11.000000 2.000000 2.000000 1.000000 
45600000 17 -233.000000 15.000000 7.601850 1.986257 
45700000 17 -220.000000 6.000000 6.000000 1.000000 
45800000 17 -145.000000 4.000000 4.000000 1.000000 
45900000 17 -107.000000 3.000000 3.000000 1.000000 
46000000 17 -352.000000 37.000000 18.540660 1.997798 
46100000 17 -250.000000 9.000000 5.266926 1.895474 
46200000 17 -8.000000 2.000000 2.000000 1.000000 
46300000 17 -312.000000 26.000000 13.114877 1.995557 
46400000 17 -512.000000 69.000000 34.695159 1.994371 
46500000 17 -635.000000 91.000000 43.886931 2.341782 
46600000 17 -550.000000 46.000000 23.000000 2.000000 
46700000 17 -528.000000 68.000000 25.799893 10.521298 
46800000 17 -559.000000 76.000000 38.039453 1.999481 
46900000 17 -439.000000 48.000000 24.000000 2.000000 
47000000 17 -584.000000 80.000000 40.000000 2.000000 
47100000 17 -637.000000 88.000000 44.000000 2.000000 
47200000 17 -529.000000 70.000000 33.868743 2.303078 
47300000 17 -467.000000 38.000000 19.157671 1.991742 
47400000 17 -279.000000 29.000000 14.551973 1.996404 
47500000 17 -478.000000 33.000000 16.545623 1.997228 
47600000 17 -604.000000 75.000000 37.520014 1.999466 
47700000 17 -545.000000 53.000000 26.318509 2.102827 
47800000 17 -661.000000 91.000000 45.516491 1.999637 
47900000 17 -541.000000 39.000000 19.041598 2.139462 
48000000 17 -338.000000 21.000000 10.572090 1.993092 
48100000 17 -458.000000 60.000000 30.050125 1.997496 
48200000 17 -496.000000 58.000000 29.000000 2.000000 
48300000 17 -374.000000 36.000000 18.000000 2.000000 
48400000 17 -396.000000 39.000000 18.954645 2.140883 
48500000 17 -266.000000 26.000000 13.000000 2.000000 
48600000 17 -255.000000 14.000000 7.000000 2.000000 
48700000 17 -491.000000 42.000000 21.000000 2.000000 
48800000 17 -458.000000 47.000000 23.659741 1.990538 
48900000 17 -443.000000 56.000000 28.000000 2.000000 
49000000 17 -640.000000 86.000000 43.000000 2.000000 
49100000 17 -680.000000 98.000000 50.672748 1.997023 
49200000 18 -681.000000 98.000000 50.319422 1.996549 
49300000 18 -699.000000 101.000000 50.682038 1.999757 
49400000 18 -671.000000 91.000000 45.582346 1.998914 
49500000 18 -645.000000 93.000000 46.516136 1.999653 
49600000 18 -393.000000 45.000000 22.798222 1.986895 
49700000 18 -618.000000 84.000000 42.000000 2.000000 
49800000 18 -510.000000 64.000000 32.000000 2.000000 
49900000 18 -550.000000 40.000000 20.000000 2.000000 
50000000 18 -202.000000 10.000000 5.000000 2.000000 
50100000 18 -277.000000 17.000000 9.261316 1.916868 
50200000 18 -99.000000 4.000000 4.000000 1.000000 
50300000 18 -126.000000 3.000000 2.236068 1.527525 
50400000 18 -5.000000 2.000000 2.000000 1.000000 
50500000 18 -148.000000 4.000000 4.000000 1.000000 
50600000 18 -183.000000 4.000000 4.000000 1.000000 
50700000 18 -103.000000 3.000000 3.000000 1.000000 
50800000 18 -171.000000 7.000000 3.735017 1.929538 
50900000 18 -162.000000 4.000000 4.000000 1.000000 
51000000 18 -90.000000 2.000000 2.000000 1.000000 
51100000 18 -48.000000 2.000000 2.000000 1.000000 
51200000 18 -173.000000 3.000000 3.000000 1.000000 
51300000 18 -288.000000 24.000000 12.000000 2.000000 
51400000 18 -312.000000 26.000000 13.563799 1.970113 
51500000 18 -116.000000 4.000000 2.645751 1.802776 
51600000 18 -176.000000 4.000000 4.000000 1.000000 
51700000 18 -268.000000 23.000000 11.565719 1.994256 
51800000 18 -332.000000 31.000000 15.548590 1.996856 
51900000 18 -353.000000 33.000000 16.245408 2.149687 
52000000 18 -377.000000 42.000000 21.000000 2.000000 
52100000 18 -356.000000 26.000000 13.000000 2.000000 
52200000 18 -516.000000 32.000000 16.094573 1.991158 
52300000 18 -464.000000 61.000000 30.502952 2.084467 
52400000 18 -529.000000 72.000000 36.207986 1.992532 
52500000 18 -618.000000 82.000000 41.000000 2.000000 
52600000 18 -516.000000 65.000000 32.523099 1.999289 
52700000 18 -440.000000 52.000000 26.000000 2.000000 
52800000 18 -535.000000 70.000000 35.000000 2.000000 
52900000 18 -635.000000 86.000000 43.000000 2.000000 
53000000 18 -677.000000 98.000000 51.747812 1.998408 
53100000 18 -589.000000 62.000000 31.000000 2.000000 
53200000 18 -423.000000 48.000000 24.000000 2.000000 
53300000 18 -360.000000 28.000000 14.000000 2.000000 
53400000 19 -473.000000 53.000000 26.225433 2.103641 
53500000 19 -338.000000 31.000000 15.548590 1.996856 
53600000 19 -267.000000 21.000000 10.572090 1.993092 
53700000 19 -333.000000 24.000000 12.000000 2.000000 
53800000 19 -374.000000 31.000000 15.548590 1.996856 
53900000 19 -65.000000 3.000000 3.000000 1.000000 
54000000 19 -88.000000 3.000000 3.000000 1.000000 
54100000 19 -40.000000 2.000000 2.000000 1.000000 
54200000 19 -40.000000 2.000000 2.000000 1.000000 
54300000 19 -101.000000 3.000000 3.000000 1.000000 
54400000 19 -215.000000 8.000000 4.716113 1.839370 
54500000 19 -383.000000 43.000000 21.534960 1.998372 
54600000 19 -525.000000 68.000000 33.958836 2.078867 
54700000 19 -540.000000 73.000000 36.520563 1.999436 
54800000 19 -459.000000 57.000000 28.526348 1.999075 
54900000 19 -571.000000 73.000000 36.520563 1.999436 
55000000 19 -561.000000 73.000000 36.520563 1.999436 
55100000 19 -593.000000 80.000000 40.000000 2.000000 
55200000 19 -631.000000 87.000000 42.719829 2.126769 
55300000 19 -567.000000 57.000000 28.526348 1.999075 
55400000 19 -580.000000 54.000000 27.000000 2.000000 
55500000 19 -564.000000 53.000000 26.528342 1.998929 
55600000 19 -616.000000 81.000000 40.518530 1.999542 
55700000 19 -586.000000 83.000000 41.518083 1.999564 
55800000 19 -470.000000 44.000000 22.000000 2.000000 
55900000 19 -487.000000 56.000000 28.000000 2.000000 
56000000 19 -556.000000 69.000000 34.521757 1.999369 
56100000 19 -482.000000 58.000000 29.000000 2.000000 
56200000 19 -484.000000 63.000000 31.523834 1.999243 
56300000 19 -632.000000 87.000000 43.517251 1.999603 
56400000 19 -459.000000 57.000000 28.526348 1.999075 
56500000 19 -502.000000 48.000000 24.000000 2.000000 
56600000 19 -419.000000 53.000000 26.528342 1.998929 
56700000 19 -345.000000 20.000000 10.153365 1.977163 
56800000 19 -219.000000 14.000000 7.000000 2.000000 
56900000 19 -66.000000 3.000000 3.000000 1.000000 
57000000 19 -209.000000 7.000000 7.000000 1.000000 
57100000 19 -72.000000 3.000000 3.000000 1.000000 
57200000 19 -83.000000 3.000000 3.000000 1.000000 
57300000 19 -232.000000 13.000000 7.053650 1.948413 
57400000 19 -357.000000 15.000000 7.601850 1.986257 
57500000 19 -463.000000 51.000000 24.772731 2.111734 
57600000 19 -41.000000 3.000000 3.000000 1.000000 
57700000 19 -47.000000 2.000000 2.000000 1.000000 
57800000 19 -13.000000 2.000000 2.000000 1.000000 
57900000 19 -17.000000 2.000000 2.000000 1.000000 
58000000 19 -261.000000 15.000000 7.601850 1.986257 
58100000 19 -404.000000 48.000000 24.000000 2.000000 
58200000 19 -382.000000 45.000000 22.666077 1.995568 
58300000 19 -630.000000 91.000000 45.516491 1.999637 
58400000 19 -569.000000 66.000000 33.000000 2.000000 
58500000 19 -569.000000 73.000000 36.520563 1.999436 
58600000 19 -265.000000 24.000000 12.000000 2.000000 
58700000 19 -134.000000 3.000000 3.000000 1.000000 
58800000 19 -65.000000 4.000000 4.000000 1.000000 
58900000 19 -108.000000 3.000000 3.000000 1.000000 
59000000 19 -13.000000 2.000000 2.000000 1.000000 
59100000 19 -143.000000 3.000000 3.000000 1.000000 
59200000 19 -347.000000 38.000000 19.000000 2.000000 
59300000 19 -181.000000 7.000000 3.735017 1.929538 
59400000 19 -101.000000 3.000000 3.000000 1.000000 
59500000 19 -215.000000 8.000000 4.000000 2.000000 
59600000 19 -144.000000 3.000000 3.000000 1.000000 
59700000 19 -148.000000 3.000000 2.236068 1.527525 
59800000 19 -94.000000 5.000000 4.227841 1.537974 
59900000 19 -33.000000 2.000000 2.000000 1.000000 
60000000 19 -63.000000 3.000000 3.000000 1.000000 
60100000 19 -237.000000 6.000000 3.464102 1.914854 
60200000 19 -136.000000 4.000000 4.000000 1.000000 
60300000 19 -179.000000 3.000000 3.000000 1.000000 
60400000 19 -54.000000 3.000000 3.000000 1.000000 
60500000 19 -98.000000 4.000000 4.000000 1.000000 
60600000 19 -176.000000 6.000000 3.542100 2.668370 
60700000 19 -113.000000 3.000000 2.236068 1.527525 
60800000 19 -31.000000 2.000000 2.000000 1.000000 
60900000 19 -90.000000 3.000000 3.000000 1.000000 
61000000 19 -56.000000 3.000000 3.000000 1.000000 
61100000 19 -82.000000 3.000000 3.000000 1.000000 
61200000 19 -139.000000 3.000000 3.000000 1.000000 
61300000 19 -272.000000 21.000000 10.572090 1.993092 
61400000 19 -401.000000 38.000000 19.000000 2.000000 
61500000 19 -471.000000 32.000000 16.000000 2.000000 
61600000 19 -437.000000 51.000000 25.529457 1.998844 
61700000 19 -628.000000 62.000000 31.000000 2.000000 
61800000 19 -639.000000 92.000000 45.334430 2.277369 
61900000 19 -645.000000 89.000000 44.116807 2.064293 
62000000 19 -635.000000 90.000000 44.271302 2.063786 
62100000 19 -646.000000 90.000000 45.066650 1.998520 
62200000 19 -452.000000 60.000000 30.000000 2.000000 
62300000 19 -287.000000 31.000000 15.548590 1.996856 
62400000 19 -308.000000 31.000000 15.548590 1.996856 
62500000 19 -361.000000 30.000000 15.099669 1.996664 
62600000 19 -576.000000 72.000000 36.000000 2.000000 
62700000 19 -519.000000 71.000000 35.521144 1.999404 
62800000 19 -486.000000 55.000000 27.527309 1.999006 
62900000 19 -412.000000 50.000000 25.000000 2.000000 
63000000 19 -485.000000 62.000000 31.000000 2.000000 
63100000 19 -662.000000 65.000000 32.707102 1.993662 
63200000 19 -491.000000 64.000000 32.000000 2.000000 
63300000 19 -554.000000 61.000000 30.524617 1.999192 
63400000 19 -595.000000 85.000000 41.452743 2.134980 
63500000 19 -594.000000 80.000000 40.000000 2.000000 
63600000 19 -636.000000 84.000000 42.000000 2.000000 
63700000 19 -505.000000 67.000000 33.611999 1.995333 
63800000 19 -517.000000 68.000000 34.088197 1.997410 
63900000 19 -378.000000 32.000000 16.093477 1.997068 
64000000 19 -345.000000 39.000000 19.538563 1.998019 
64100000 19 -290.000000 25.000000 11.529685 2.681635 
64200000 19 -368.000000 32.000000 16.093477 1.997068 
64300000 19 -453.000000 36.000000 18.000000 2.000000 
64400000 19 -285.000000 22.000000 11.000000 2.000000 
64500000 19 -444.000000 53.000000 26.528342 1.998929 
64600000 19 -229.000000 20.000000 9.500792 2.243869 
64700000 19 -159.000000 10.000000 5.584244 1.891089 
64800000 19 -278.000000 20.000000 10.000000 2.000000 
64900000 19 -198.000000 9.000000 4.675826 1.959682 
65000000 19 -63.000000 4.000000 4.000000 1.000000 
65100000 19 -92.000000 3.000000 3.000000 1.000000 
65200000 19 -27.000000 2.000000 2.000000 1.000000 
65300000 19 -20.000000 2.000000 2.000000 1.000000 
65400000 19 -1.000000 2.000000 2.000000 1.000000 
65500000 19 -179.000000 4.000000 4.000000 1.000000 
65600000 19 -188.000000 4.000000 4.000000 1.000000 
65700000 19 -307.000000 32.000000 16.094573 1.991158 
65800000 19 -394.000000 41.000000 20.536673 1.998208 
65900000 19 -358.000000 45.000000 21.792162 2.125551 
66000000 19 -504.000000 70.000000 34.671667 2.072651 
66100000 19 -656.000000 86.000000 43.000000 2.000000 
66200000 19 -542.000000 44.000000 22.000000 2.000000 
66300000 19 -671.000000 92.000000 44.954992 2.120760 
66400000 19 -693.000000 100.000000 51.244038 1.999542 
66500000 19 -677.000000 97.000000 50.456100 1.994995 
66600000 19 -664.000000 99.000000 49.518856 2.057894 
66700000 19 -623.000000 84.000000 42.000000 2.000000 
66800000 19 -556.000000 78.000000 39.000000 2.000000 
66900000 19 -465.000000 55.000000 27.527309 1.999006 
67000000 19 -329.000000 28.000000 14.000000 2.000000 
67100000 19 -507.000000 62.000000 30.381618 2.091550 
67200000 19 -458.000000 57.000000 28.526348 1.999075 
67300000 19 -556.000000 74.000000 37.040607 1.998355 
67400000 19 -531.000000 69.000000 34.521757 1.999369 
67500000 19 -412.000000 20.000000 10.000000 2.000000 
67600000 19 -266.000000 19.000000 9.579844 1.991532 
67700000 19 -241.000000 18.000000 9.000000 2.000000 
67800000 19 -184.000000 5.000000 5.000000 1.000000 
67900000 19 -144.000000 3.000000 3.000000 1.000000 
68000000 19 -227.000000 11.000000 5.641212 1.973763 
68100000 19 -261.000000 18.000000 9.000000 2.000000 
68200000 19 -196.000000 10.000000 5.000000 2.000000 
68300000 19 -93.000000 3.000000 3.000000 1.000000 
68400000 19 -61.000000 3.000000 3.000000 1.000000 
68500000 19 -1.000000 2.000000 2.000000 1.000000 
68600000 19 -196.000000 8.000000 4.000000 2.000000 
68700000 19 -106.000000 4.000000 4.000000 1.000000 
68800000 19 -134.000000 4.000000 4.000000 1.000000 
68900000 19 -117.000000 4.000000 4.000000 1.000000 
69000000 19 -218.000000 8.000000 4.000000 2.000000 
69100000 19 -111.000000 3.000000 2.236068 1.527525 
69200000 19 -118.000000 3.000000 3.000000 1.000000 
69300000 19 -122.000000 3.000000 3.000000 1.000000 
69400000 19 -291.000000 15.000000 7.984650 1.960961 
69500000 19 -166.000000 4.000000 4.000000 1.000000 
69600000 19 -347.000000 32.000000 16.000000 2.000000 
69700000 19 -88.000000 3.000000 3.000000 1.000000 
69800000 19 -240.000000 6.000000 3.000000 2.000000 
69900000 19 -1.000000 2.000000 2.000000 1.000000 
70000000 19 -169.000000 4.000000 4.000000 1.000000 
70100000 19 -131.000000 3.000000 3.000000 1.000000 
70200000 19 -104.000000 3.000000 3.000000 1.000000 
70300000 19 -175.000000 6.000000 6.000000 1.000000 
70400000 19 -481.000000 63.000000 31.523834 1.999243 
70500000 19 -536.000000 73.000000 36.520563 1.999436 
70600000 19 -251.000000 16.000000 8.000000 2.000000 
70700000 19 -484.000000 66.000000 33.000000 2.000000 
70800000 19 -432.000000 49.000000 24.530663 1.998747 
70900000 19 -389.000000 42.000000 21.000000 2.000000 
71000000 19 -364.000000 31.000000 15.548590 1.996856 
71100000 19 -463.000000 53.000000 26.528342 1.998929 
71200000 19 -434.000000 50.000000 25.000000 2.000000 
71300000 19 -656.000000 85.000000 42.517657 1.999584 
71400000 19 -677.000000 91.000000 45.516491 1.999637 
71500000 19 -479.000000 57.000000 28.526348 1.999075 
71600000 19 -417.000000 53.000000 26.528342 1.998929 
71700000 19 -589.000000 79.000000 39.519000 1.999519 
71800000 19 -465.000000 54.000000 27.000000 2.000000 
71900000 19 -687.000000 99.000000 51.401179 1.998978 
72000000 19 -674.000000 98.000000 51.123438 1.997615 
72100000 19 -576.000000 49.000000 24.530663 1.998747 
72200000 19 -369.000000 42.000000 21.000000 2.000000 
72300000 19 -541.000000 70.000000 35.000000 2.000000 
72400000 19 -629.000000 86.000000 42.513849 2.068048 
72500000 19 -570.000000 74.000000 37.000000 2.000000 
72600000 19 -474.000000 44.000000 22.000000 2.000000 
72700000 19 -651.000000 66.000000 32.284520 2.086058 
72800000 19 -600.000000 76.000000 38.000000 2.000000 
72900000 19 -508.000000 71.000000 35.521144 1.999404 
73000000 19 -575.000000 58.000000 29.000000 2.000000 
73100000 19 -595.000000 77.000000 38.519494 1.999493 
73200000 19 -535.000000 55.000000 27.527309 1.999006 
73300000 19 -334.000000 26.000000 13.000000 2.000000 
73400000 19 -213.000000 11.000000 5.641212 1.973763 
73500000 19 -333.000000 43.000000 21.534960 1.998372 
73600000 19 -357.000000 40.000000 20.000000 2.000000 
73700000 19 -385.000000 33.000000 16.545623 1.997228 
73800000 19 -415.000000 42.000000 21.000000 2.000000 
73900000 19 -637.000000 81.000000 40.446364 2.069047 
74000000 19 -679.000000 98.000000 49.152810 1.997820 
74100000 20 -692.000000 100.000000 51.477580 1.999683 
74200000 20 -684.000000 100.000000 51.071775 1.999438 
74300000 20 -699.000000 102.000000 51.000000 2.000000 
74400000 20 -699.000000 102.000000 51.000000 2.000000 
74500000 20 -668.000000 99.000000 50.296011 1.997921 
74600000 20 -366.000000 35.000000 17.542998 1.997537 
74700000 20 -263.000000 20.000000 10.000000 2.000000 
74800000 20 -315.000000 28.000000 14.000000 2.000000 
74900000 20 -317.000000 33.000000 16.727734 1.980899 
75000000 20 -273.000000 25.000000 12.560390 1.995148 
75100000 20 -466.000000 60.000000 29.779181 2.089755 
75200000 20 -565.000000 47.000000 23.531973 1.998638 
75300000 20 -521.000000 67.000000 33.522408 1.999331 
75400000 20 -570.000000 78.000000 39.000000 2.000000 
75500000 20 -612.000000 82.000000 41.000000 2.000000 
75600000 20 -614.000000 84.000000 42.142856 1.994915 
75700000 20 -454.000000 54.000000 27.111034 1.995898 
75800000 20 -257.000000 27.000000 13.555864 1.995846 
75900000 20 -190.000000 4.000000 4.000000 1.000000 
76000000 20 -283.000000 34.000000 17.000000 2.000000 
76100000 20 -377.000000 44.000000 22.000000 2.000000 
76200000 20 -618.000000 57.000000 28.526348 1.999075 
76300000 20 -397.000000 33.000000 16.727734 1.980899 
76400000 20 -313.000000 28.000000 14.000000 2.000000 
76500000 20 -207.000000 8.000000 4.000000 2.000000 
76600000 20 -126.000000 3.000000 3.000000 1.000000 
76700000 20 -202.000000 6.000000 3.464102 1.914854 
76800000 20 -32.000000 2.000000 2.000000 1.000000 
76900000 20 -74.000000 3.000000 3.000000 1.000000 
77000000 20 -57.000000 3.000000 3.000000 1.000000 
77100000 20 -103.000000 6.000000 4.905238 1.507305 
77200000 20 -45.000000 2.000000 2.000000 1.000000 
77300000 20 -13.000000 3.000000 3.000000 1.000000 
77400000 20 -176.000000 4.000000 4.000000 1.000000 
77500000 20 -145.000000 4.000000 4.000000 1.000000 
77600000 20 -194.000000 5.000000 2.863564 1.843909 
77700000 20 -7.000000 2.000000 2.000000 1.000000 
77800000 20 -159.000000 5.000000 5.000000 1.000000 
77900000 20 -110.000000 3.000000 3.000000 1.000000 
78000000 20 -414.000000 37.000000 18.861666 1.980775 
78100000 20 -435.000000 52.000000 26.000000 2.000000 
78200000 20 -416.000000 37.000000 18.540660 1.997798 
78300000 20 -610.000000 81.000000 40.592626 1.996804 
78400000 20 -596.000000 73.000000 36.520563 1.999436 
78500000 20 -303.000000 18.000000 9.000000 2.000000 
78600000 20 -359.000000 40.000000 20.000000 2.000000 
78700000 20 -457.000000 56.000000 28.000000 2.000000 
78800000 20 -441.000000 54.000000 26.313479 2.105257 
78900000 20 -443.000000 58.000000 29.000000 2.000000 
79000000 20 -333.000000 32.000000 16.000000 2.000000 
79100000 20 -83.000000 5.000000 5.000000 1.000000 
79200000 20 -282.000000 20.000000 10.000000 2.000000 
79300000 20 -357.000000 35.000000 17.542998 1.997537 
79400000 20 -309.000000 30.000000 15.000000 2.000000 
79500000 20 -338.000000 34.000000 17.000000 2.000000 
79600000 20 -496.000000 59.000000 29.525453 1.999137 
79700000 20 -473.000000 63.000000 31.523834 1.999243 
79800000 20 -474.000000 58.000000 29.000000 2.000000 
79900000 20 -451.000000 56.000000 28.000000 2.000000 
80000000 20 -367.000000 40.000000 19.864727 2.139542 
80100000 20 -382.000000 46.000000 23.000000 2.000000 
80200000 20 -529.000000 67.000000 32.820323 2.085800 
80300000 20 -474.000000 60.000000 30.000000 2.000000 
80400000 20 -668.000000 56.000000 28.053520 1.999043 
80500000 20 -389.000000 32.000000 16.000000 2.000000 
80600000 20 -419.000000 40.000000 20.000000 2.000000 
80700000 20 -308.000000 28.000000 14.000000 2.000000 
80800000 20 -361.000000 39.000000 19.538563 1.998019 
80900000 20 -271.000000 11.000000 5.641212 1.973763 
81000000 20 -84.000000 4.000000 4.000000 1.000000 
81100000 20 -158.000000 7.000000 3.735017 1.929538 
81200000 20 -214.000000 9.000000 4.675826 1.959682 
81300000 20 -158.000000 3.000000 3.000000 1.000000 
81400000 20 -113.000000 3.000000 3.000000 1.000000 
81500000 20 -43.000000 3.000000 3.000000 1.000000 
81600000 20 -131.000000 3.000000 3.000000 1.000000 
81700000 20 -30.000000 2.000000 2.000000 1.000000 
81800000 20 -158.000000 5.000000 4.227841 1.537974 
81900000 20 -139.000000 3.000000 3.000000 1.000000 
82000000 20 -96.000000 3.000000 3.000000 1.000000 
82100000 20 -80.000000 3.000000 3.000000 1.000000 
82200000 20 -104.000000 4.000000 4.000000 1.000000 
82300000 20 -407.000000 43.000000 21.534960 1.998372 
82400000 20 -349.000000 34.000000 17.088007 1.997403 
82500000 20 -278.000000 28.000000 13.644147 2.583407 
82600000 20 -310.000000 22.000000 11.000000 2.000000 
82700000 20 -94.000000 5.000000 5.000000 1.000000 
82800000 20 -175.000000 4.000000 4.000000 1.000000 
82900000 20 -137.000000 4.000000 4.000000 1.000000 
83000000 20 -87.000000 3.000000 3.000000 1.000000 
83100000 20 -39.000000 2.000000 2.000000 1.000000 
83200000 20 -49.000000 3.000000 3.000000 1.000000 
83300000 20 -88.000000 3.000000 2.236068 1.527525 
83400000 20 -243.000000 16.000000 9.677392 1.871986 
83500000 20 -310.000000 22.000000 11.000000 2.000000 
83600000 20 -306.000000 26.000000 13.000000 2.000000 
83700000 20 -466.000000 50.000000 25.000000 2.000000 
83800000 20 -525.000000 65.000000 32.523099 1.999289 
83900000 20 -417.000000 52.000000 26.000000 2.000000 
84000000 20 -396.000000 42.000000 21.000000 2.000000 
84100000 20 -431.000000 47.000000 23.531973 1.998638 
84200000 20 -355.000000 32.000000 16.000000 2.000000 
84300000 20 -475.000000 50.000000 25.000000 2.000000 
84400000 20 -558.000000 73.000000 36.520563 1.999436 
84500000 20 -376.000000 38.000000 19.000000 2.000000 
84600000 20 -501.000000 56.000000 28.000000 2.000000 
84700000 20 -637.000000 86.000000 43.000000 2.000000 
84800000 20 -654.000000 89.000000 44.516862 1.999621 
84900000 20 -674.000000 94.000000 47.000000 2.000000 
85000000 20 -699.000000 102.000000 51.000000 2.000000 
85100000 20 -689.000000 99.000000 51.633887 1.999192 
85200000 20 -568.000000 77.000000 38.519494 1.999493 
85300000 20 -581.000000 72.000000 36.000000 2.000000 
85400000 20 -566.000000 70.000000 35.085679 1.997556 
85500000 20 -541.000000 65.000000 32.523099 1.999289 
85600000 20 -489.000000 65.000000 32.523099 1.999289 
85700000 20 -411.000000 32.000000 16.000000 2.000000 
85800000 20 -455.000000 53.000000 26.528342 1.998929 
85900000 20 -477.000000 42.000000 21.000000 2.000000 
86000000 20 -305.000000 26.000000 13.000000 2.000000 
86100000 20 -490.000000 60.000000 30.000000 2.000000 
86200000 20 -552.000000 74.000000 37.000000 2.000000 
86300000 20 -596.000000 78.000000 39.000000 2.000000 
86400000 20 -420.000000 50.000000 25.000000 2.000000 
86500000 20 -544.000000 37.000000 18.540660 1.997798 
86600000 20 -464.000000 58.000000 29.000000 2.000000 
86700000 20 -289.000000 17.000000 8.943782 1.930031 
86800000 20 -223.000000 14.000000 7.224041 1.952749 
86900000 20 -52.000000 3.000000 3.000000 1.000000 
87000000 20 -40.000000 3.000000 3.000000 1.000000 
87100000 20 -71.000000 3.000000 3.000000 1.000000 
87200000 20 -57.000000 2.000000 2.000000 1.000000 
87300000 20 -62.000000 2.000000 2.000000 1.000000 
87400000 20 -13.000000 2.000000 2.000000 1.000000 
87500000 20 -114.000000 3.000000 3.000000 1.000000 
87600000 20 -54.000000 2.000000 2.000000 1.000000 
87700000 20 -326.000000 29.000000 14.551973 1.996404 
87800000 20 -236.000000 14.000000 7.000000 2.000000 
87900000 20 -115.000000 3.000000 3.000000 1.000000 
88000000 20 -147.000000 4.000000 4.000000 1.000000 
88100000 20 -127.000000 3.000000 3.000000 1.000000 
88200000 20 -193.000000 5.000000 5.000000 1.000000 
88300000 20 -44.000000 2.000000 2.000000 1.000000 
88400000 20 -129.000000 5.000000 5.000000 1.000000 
88500000 20 -36.000000 2.000000 2.000000 1.000000 
88600000 20 -132.000000 6.000000 3.605551 1.732051 
88700000 20 -158.000000 5.000000 5.000000 1.000000 
88800000 20 -214.000000 12.000000 6.000000 2.000000 
88900000 20 -122.000000 3.000000 3.000000 1.000000 
89000000 20 -183.000000 4.000000 4.000000 1.000000 
89100000 20 -43.000000 3.000000 3.000000 1.000000 
89200000 20 -73.000000 3.000000 3.000000 1.000000 
89300000 20 -81.000000 3.000000 3.000000 1.000000 
89400000 20 -267.000000 11.000000 5.641212 1.973763 
89500000 20 -245.000000 15.000000 7.601850 1.986257 
89600000 20 -302.000000 34.000000 16.411244 2.166865 
89700000 20 -266.000000 24.000000 11.335152 2.229948 
89800000 20 -239.000000 8.000000 4.000000 2.000000 
89900000 20 -534.000000 73.000000 36.520563 1.999436 
90000000 20 -406.000000 40.000000 14.212670 7.415187 
90100000 20 -358.000000 38.000000 19.000000 2.000000 
90200000 20 -328.000000 34.000000 17.088922 1.992173 
90300000 20 -434.000000 50.000000 25.000000 2.000000 
90400000 20 -502.000000 58.000000 29.000000 2.000000 
90500000 20 -578.000000 52.000000 26.000000 2.000000 
90600000 20 -643.000000 88.000000 43.351276 2.065558 
90700000 20 -668.000000 97.000000 48.515470 1.999681 
90800000 20 -491.000000 62.000000 31.048349 1.999219 
90900000 20 -595.000000 76.000000 23.969364 12.825813 
91000000 20 -551.000000 46.000000 23.000000 2.000000 
91100000 20 -490.000000 34.000000 17.176156 1.989701 
91200000 20 -476.000000 61.000000 30.524617 1.999192 
91300000 20 -570.000000 80.000000 40.037553 1.998592 
91400000 20 -399.000000 37.000000 18.540660 1.997798 
91500000 20 -211.000000 13.000000 6.618263 1.981517 
91600000 20 -246.000000 16.000000 8.000000 2.000000 
91700000 20 -118.000000 3.000000 3.000000 1.000000 
91800000 20 -395.000000 40.000000 20.000000 2.000000 
91900000 20 -311.000000 29.000000 14.551973 1.996404 
92000000 20 -358.000000 28.000000 14.000000 2.000000 
92100000 20 -291.000000 28.000000 14.000000 2.000000 
92200000 20 -318.000000 33.000000 16.545623 1.997228 
92300000 20 -303.000000 36.000000 18.000000 2.000000 
92400000 20 -202.000000 13.000000 6.618263 1.981517 
92500000 20 -241.000000 28.000000 14.000000 2.000000 
92600000 20 -189.000000 13.000000 7.465940 1.868292 
92700000 20 -60.000000 2.000000 2.000000 1.000000 
92800000 20 -32.000000 2.000000 2.000000 1.000000 
92900000 20 -255.000000 11.000000 5.641212 1.973763 
93000000 20 -118.000000 3.000000 2.236068 1.527525 
93100000 20 -447.000000 54.000000 27.000000 2.000000 
93200000 20 -598.000000 85.000000 42.517657 1.999584 
93300000 20 -625.000000 85.000000 41.802870 2.068298 
93400000 20 -299.000000 26.000000 13.000000 2.000000 
93500000 20 -500.000000 62.000000 31.000000 2.000000 
93600000 20 -340.000000 36.000000 18.000000 2.000000 
93700000 20 -577.000000 82.000000 41.000000 2.000000 
93800000 20 -641.000000 88.000000 44.000000 2.000000 
93900000 21 -596.000000 85.000000 31.985349 12.430697 
94000000 21 -685.000000 101.000000 49.951667 2.056331 
94100000 21 -685.000000 98.000000 50.672748 1.997023 
94200000 21 -683.000000 100.000000 50.177211 1.998877 
94300000 21 -678.000000 99.000000 49.636197 1.997255 
94400000 21 -661.000000 95.000000 51.712469 1.993364 
94500000 21 -677.000000 95.000000 47.515796 1.999667 
94600000 21 -455.000000 55.000000 27.527309 1.999006 
94700000 21 -279.000000 24.000000 12.249079 1.979495 
94800000 21 -450.000000 50.000000 25.119903 1.995217 
94900000 21 -483.000000 65.000000 32.523099 1.999289 
95000000 21 -525.000000 68.000000 34.000000 2.000000 
95100000 21 -395.000000 46.000000 23.324745 1.981898 
95200000 21 -474.000000 61.000000 30.623028 1.994372 
95300000 21 -324.000000 30.000000 15.099669 1.996664 
95400000 21 -343.000000 38.000000 19.000000 2.000000 
95500000 21 -276.000000 25.000000 12.560390 1.995148 
95600000 21 -251.000000 21.000000 10.572090 1.993092 
95700000 21 -370.000000 27.000000 13.555864 1.995846 
95800000 21 -45.000000 3.000000 2.236068 1.527525 
95900000 21 -205.000000 5.000000 3.683282 1.683282 
96000000 21 -19.000000 2.000000 2.000000 1.000000 
96100000 21 -9.000000 2.000000 2.000000 1.000000 
96200000 21 -12.000000 2.000000 2.000000 1.000000 
96300000 21 -120.000000 4.000000 4.000000 1.000000 
96400000 21 -137.000000 4.000000 4.000000 1.000000 
96500000 21 -159.000000 5.000000 5.000000 1.000000 
96600000 21 -65.000000 3.000000 3.000000 1.000000 
96700000 21 -104.000000 3.000000 3.000000 1.000000 
96800000 21 -63.000000 3.000000 3.000000 1.000000 
96900000 21 -29.000000 3.000000 3.000000 1.000000 
97000000 21 -45.000000 2.000000 2.000000 1.000000 
97100000 21 0.000000 1.000000 1.000000 1.000000 
97200000 21 -180.000000 3.000000 3.000000 1.000000 
97300000 21 -39.000000 2.000000 2.000000 1.000000 
97400000 21 -57.000000 3.000000 3.000000 1.000000 
97500000 21 -46.000000 2.000000 2.000000 1.000000 
97600000 21 -217.000000 5.000000 5.000000 1.000000 
97700000 21 -249.000000 17.000000 8.589495 1.989372 
97800000 21 -267.000000 20.000000 9.435508 2.231860 
97900000 21 -336.000000 32.000000 16.000000 2.000000 
98000000 21 -271.000000 31.000000 14.110627 3.209230 
98100000 21 -543.000000 47.000000 23.531973 1.998638 
98200000 21 -595.000000 86.000000 43.000000 2.000000 
98300000 21 -647.000000 84.000000 42.071408 1.998301 
98400000 21 -485.000000 45.000000 22.533399 1.998514 
98500000 21 -347.000000 26.000000 13.000000 2.000000 
98600000 21 -247.000000 20.000000 10.000000 2.000000 
98700000 21 -496.000000 58.000000 29.051862 1.997320 
98800000 21 -495.000000 59.000000 29.525453 1.999137 
98900000 21 -434.000000 44.000000 22.000000 2.000000 
99000000 21 -601.000000 80.000000 40.000000 2.000000 
99100000 21 -552.000000 62.000000 31.000000 2.000000 
99200000 21 -653.000000 63.000000 31.523834 1.999243 
99300000 21 -466.000000 47.000000 23.531973 1.998638 
99400000 21 -351.000000 38.000000 19.000000 2.000000 
99500000 21 -599.000000 83.000000 31.861444 11.658558 
99600000 21 -399.000000 48.000000 24.000000 2.000000 
99700000 21 -514.000000 66.000000 33.000000 2.000000 
99800000 21 -416.000000 44.000000 22.000000 2.000000 
99900000 21 -312.000000 28.000000 14.000000 2.000000 
100000000 21 -260.000000 24.000000 12.615287 1.936587 
100100000 21 -276.000000 11.000000 5.641212 1.973763 
100200000 21 -311.000000 24.000000 12.000000 2.000000 
100300000 21 -300.000000 33.000000 16.545623 1.997228 
100400000 21 -601.000000 81.000000 40.518530 1.999542 
100500000 21 -536.000000 60.000000 30.000000 2.000000 
100600000 21 -405.000000 32.000000 16.093477 1.997068 
100700000 21 -493.000000 62.000000 31.000000 2.000000 
100800000 21 -494.000000 68.000000 34.220176 1.991635 
100900000 21 -667.000000 97.000000 50.668345 1.995361 
101000000 21 -629.000000 84.000000 42.000000 2.000000 
101100000 21 -569.000000 48.000000 24.000000 2.000000 
101200000 21 -489.000000 65.000000 32.523099 1.999289 
101300000 21 -498.000000 54.000000 27.000000 2.000000 
101400000 21 -671.000000 89.000000 44.516862 1.999621 
101500000 21 -294.000000 29.000000 14.551973 1.996404 
101600000 21 -255.000000 15.000000 7.601850 1.986257 
101700000 21 -266.000000 24.000000 12.124356 1.994785 
101800000 21 -50.000000 3.000000 3.000000 1.000000 
101900000 21 -168.000000 5.000000 5.000000 1.000000 
102000000 21 -377.000000 42.000000 21.000000 2.000000 
102100000 21 -587.000000 41.000000 19.944211 2.139127 
102200000 21 -633.000000 90.000000 45.066650 1.998520 
102300000 21 -618.000000 85.000000 42.204842 2.066859 
102400000 21 -676.000000 93.000000 45.026206 2.239347 
102500000 21 -588.000000 81.000000 40.666362 1.995907 
102600000 21 -543.000000 72.000000 36.000000 2.000000 
102700000 21 -541.000000 56.000000 28.000000 2.000000 
102800000 21 -435.000000 51.000000 25.647190 1.991958 
102900000 21 -320.000000 23.000000 11.565719 1.994256 
103000000 21 -270.000000 20.000000 10.000000 2.000000 
103100000 21 -273.000000 14.000000 7.000000 2.000000 
103200000 21 -207.000000 14.000000 7.224041 1.952749 
103300000 21 -534.000000 69.000000 34.521757 1.999369 
103400000 21 -520.000000 55.000000 27.636469 1.993081 
103500000 21 -511.000000 40.000000 20.149808 1.992542 
103600000 21 -378.000000 45.000000 22.533399 1.998514 
103700000 21 -432.000000 30.000000 15.000000 2.000000 
103800000 21 -653.000000 53.000000 26.528342 1.998929 
103900000 21 -691.000000 100.000000 51.406200 1.999640 
104000000 21 -647.000000 82.000000 41.000000 2.000000 
104100000 21 -554.000000 68.000000 34.000000 2.000000 
104200000 21 -485.000000 46.000000 23.065125 1.998582 
104300000 21 -309.000000 30.000000 15.199538 1.986801 
104400000 21 -442.000000 58.000000 29.000000 2.000000 
104500000 21 -446.000000 50.000000 25.119903 1.995217 
104600000 21 -537.000000 65.000000 32.523099 1.999289 
104700000 21 -638.000000 85.000000 42.517657 1.999584 
104800000 21 -608.000000 84.000000 42.000000 2.000000 
104900000 21 -589.000000 81.000000 39.819167 2.071094 
105000000 21 -560.000000 73.000000 36.520563 1.999436 
105100000 21 -525.000000 67.000000 33.522408 1.999331 
105200000 21 -412.000000 51.000000 24.772731 2.111734 
105300000 21 -607.000000 67.000000 33.205253 2.083607 
105400000 21 -622.000000 39.000000 19.538563 1.998019 
105500000 21 -696.000000 102.000000 51.000000 2.000000 
105600000 21 -639.000000 89.000000 44.516862 1.999621 
105700000 21 -585.000000 76.000000 38.078920 1.997926 
105800000 21 -595.000000 79.000000 39.519000 1.999519 
105900000 21 -482.000000 60.000000 30.099944 1.996675 
106000000 21 -333.000000 27.000000 13.555864 1.995846 
106100000 21 -310.000000 30.000000 15.000000 2.000000 
106200000 21 -327.000000 31.000000 15.548590 1.996856 
106300000 21 -200.000000 5.000000 5.000000 1.000000 
106400000 21 -52.000000 3.000000 3.000000 1.000000 
106500000 21 -45.000000 3.000000 3.000000 1.000000 
106600000 21 -154.000000 5.000000 5.000000 1.000000 
106700000 21 -200.000000 6.000000 3.000000 2.000000 
106800000 21 -25.000000 2.000000 2.000000 1.000000 
106900000 21 -203.000000 4.000000 4.000000 1.000000 
107000000 21 -196.000000 8.000000 4.000000 2.000000 
107100000 21 -154.000000 4.000000 4.000000 1.000000 
107200000 21 -51.000000 3.000000 3.000000 1.000000 
107300000 21 -159.000000 4.000000 3.162278 1.581139 
107400000 21 -185.000000 5.000000 5.000000 1.000000 
107500000 21 -191.000000 3.000000 3.000000 1.000000 
107600000 22 -12.000000 2.000000 2.000000 1.000000 
107700000 22 -47.000000 2.000000 2.000000 1.000000 
107800000 22 -225.000000 5.000000 5.000000 1.000000 
107900000 22 -228.000000 4.000000 4.000000 1.000000 
108000000 22 -51.000000 4.000000 4.000000 1.000000 
108100000 22 -123.000000 3.000000 3.000000 1.000000 
108200000 22 -446.000000 57.000000 28.526348 1.999075 
108300000 22 -411.000000 50.000000 24.417311 2.115405 
108400000 22 -347.000000 36.000000 18.000000 2.000000 
108500000 22 -425.000000 48.000000 24.062419 1.998697 
108600000 22 -389.000000 42.000000 21.000000 2.000000 
108700000 22 -575.000000 74.000000 37.000000 2.000000 
108800000 22 -646.000000 89.000000 44.516862 1.999621 
108900000 22 -551.000000 75.000000 37.060743 2.075886 
109000000 22 -669.000000 93.000000 46.516136 1.999653 
109100000 22 -499.000000 47.000000 23.531973 1.998638 
109200000 22 -422.000000 50.000000 25.000000 2.000000 
109300000 22 -327.000000 18.000000 9.000000 2.000000 
109400000 22 -302.000000 23.000000 10.783631 2.233250 
109500000 22 -260.000000 26.000000 13.000000 2.000000 
109600000 22 -398.000000 42.000000 21.000000 2.000000 
109700000 22 -549.000000 74.000000 37.040518 1.999452 
109800000 22 -504.000000 70.000000 35.085679 1.997556 
109900000 22 -332.000000 29.000000 14.551973 1.996404 
110000000 22 -227.000000 9.000000 4.675826 1.959682 
110100000 22 -190.000000 13.000000 6.240205 2.319346 
110200000 22 -205.000000 4.000000 4.000000 1.000000 
110300000 22 -295.000000 25.000000 12.560390 1.995148 
110400000 22 -428.000000 40.000000 20.149808 1.992542 
110500000 22 -391.000000 34.000000 17.000000 2.000000 
110600000 22 -414.000000 46.000000 23.000000 2.000000 
110700000 22 -338.000000 37.000000 18.540660 1.997798 
110800000 22 -512.000000 60.000000 30.000000 2.000000 
110900000 22 -543.000000 41.000000 20.536673 1.998208 
111000000 22 -564.000000 66.000000 33.045423 1.999311 
111100000 22 -591.000000 79.000000 39.519000 1.999519 
111200000 22 -640.000000 83.000000 41.518083 1.999564 
111300000 22 -518.000000 74.000000 36.388845 2.075512 
111400000 22 -675.000000 98.000000 48.521593 2.059883 
111500000 22 -694.000000 102.000000 51.000000 2.000000 
111600000 22 -673.000000 96.000000 48.062486 1.998699 
111700000 22 -565.000000 56.000000 28.000000 2.000000 
111800000 22 -495.000000 62.000000 31.000000 2.000000 
111900000 22 -607.000000 67.000000 33.700954 1.994032 
112000000 22 -359.000000 37.000000 18.540660 1.997798 
112100000 22 -281.000000 18.000000 9.000000 2.000000 
112200000 22 -332.000000 32.000000 16.187121 1.988385 
112300000 22 -474.000000 33.000000 16.545623 1.997228 
112400000 22 -673.000000 99.000000 47.270898 2.281330 
112500000 22 -529.000000 66.000000 33.000000 2.000000 
112600000 22 -655.000000 93.000000 46.516136 1.999653 
112700000 22 -602.000000 78.000000 39.000000 2.000000 
112800000 22 -623.000000 82.000000 41.000000 2.000000 
112900000 22 -629.000000 86.000000 43.000000 2.000000 
113000000 22 -622.000000 85.000000 42.261010 2.066661 
113100000 22 -511.000000 67.000000 32.075717 2.321411 
113200000 22 -561.000000 44.000000 22.000000 2.000000 
113300000 22 -533.000000 67.000000 33.522408 1.999331 
113400000 22 -456.000000 47.000000 23.531973 1.998638 
113500000 22 -429.000000 28.000000 14.106736 1.996170 
113600000 22 -249.000000 19.000000 9.579844 1.991532 
113700000 22 -109.000000 3.000000 3.000000 1.000000 
113800000 22 -240.000000 5.000000 5.000000 1.000000 
113900000 22 -45.000000 2.000000 2.000000 1.000000 
114000000 22 -58.000000 4.000000 4.000000 1.000000 
114100000 22 -199.000000 4.000000 4.000000 1.000000 
114200000 22 -73.000000 3.000000 3.000000 1.000000 
114300000 22 -71.000000 3.000000 3.000000 1.000000 
114400000 22 -12.000000 2.000000 2.000000 1.000000 
114500000 22 -76.000000 2.000000 2.000000 1.000000 
114600000 22 -164.000000 4.000000 4.000000 1.000000 
114700000 22 -192.000000 10.000000 5.000000 2.000000 
114800000 22 -145.000000 6.000000 3.000000 2.000000 
114900000 22 -87.000000 5.000000 4.227841 1.537974 
115000000 22 -37.000000 2.000000 2.000000 1.000000 
115100000 22 -102.000000 4.000000 3.162278 1.581139 
115200000 22 -81.000000 4.000000 3.162278 1.581139 
115300000 22 -4.000000 2.000000 2.000000 1.000000 
115400000 22 -108.000000 2.000000 2.000000 1.000000 
115500000 22 -149.000000 7.000000 3.735017 1.929538 
115600000 22 -208.000000 4.000000 4.000000 1.000000 
115700000 22 -218.000000 19.000000 9.579844 1.991532 
115800000 22 -257.000000 14.000000 7.000000 2.000000 
115900000 22 -244.000000 21.000000 10.858713 1.953521 
116000000 22 -336.000000 29.000000 14.551973 1.996404 
116100000 22 -502.000000 66.000000 33.000000 2.000000 
116200000 22 -560.000000 71.000000 34.810493 2.078952 
116300000 22 -675.000000 97.000000 50.668345 1.995361 
116400000 22 -698.000000 101.000000 51.156853 1.999899 
116500000 22 -689.000000 100.000000 50.059988 1.998801 
116600000 22 -691.000000 100.000000 50.686874 1.999200 
116700000 22 -580.000000 75.000000 37.520014 1.999466 
116800000 22 -484.000000 59.000000 28.512280 2.356516 
116900000 22 -451.000000 56.000000 28.000000 2.000000 
117000000 22 -476.000000 64.000000 32.000000 2.000000 
117100000 22 -368.000000 25.000000 12.560390 1.995148 
117200000 22 -354.000000 35.000000 17.542998 1.997537 
117300000 23 -372.000000 28.000000 14.000000 2.000000 
117400000 23 -286.000000 24.000000 12.000000 2.000000 
117500000 23 -417.000000 40.000000 20.075422 1.994353 
117600000 23 -192.000000 9.000000 4.675826 1.959682 
117700000 23 -366.000000 41.000000 20.536673 1.998208 
117800000 23 -360.000000 34.000000 17.000000 2.000000 
117900000 23 -220.000000 18.000000 9.000000 2.000000 
118000000 23 -404.000000 28.000000 14.106736 1.996170 
118100000 23 -420.000000 44.000000 22.000000 2.000000 
118200000 23 -397.000000 31.000000 15.548590 1.996856 
118300000 23 -435.000000 41.000000 20.536673 1.998208 
118400000 23 -296.000000 22.000000 11.000000 2.000000 
118500000 23 -325.000000 22.000000 11.000000 2.000000 
118600000 23 -593.000000 66.000000 32.834207 2.087020 
118700000 23 -595.000000 79.000000 39.519000 1.999519 
118800000 23 -539.000000 72.000000 36.000000 2.000000 
118900000 23 -414.000000 44.000000 22.000000 2.000000 
119000000 23 -306.000000 28.000000 14.213714 1.984871 
119100000 23 -220.000000 8.000000 4.000000 2.000000 
119200000 23 -262.000000 20.000000 10.298369 1.970684 
119300000 23 -258.000000 21.000000 10.858713 1.953521 
119400000 23 -490.000000 61.000000 30.524617 1.999192 
119500000 23 -300.000000 34.000000 17.000000 2.000000 
119600000 23 -583.000000 75.000000 37.520014 1.999466 
119700000 23 -628.000000 83.000000 41.518083 1.999564 
119800000 23 -513.000000 42.000000 21.000000 2.000000 
119900000 23 -612.000000 66.000000 33.045423 1.999311 
120000000 23 -521.000000 67.000000 33.522408 1.999331 
120100000 23 -640.000000 82.000000 41.000000 2.000000 
120200000 23 -554.000000 36.000000 18.000000 2.000000 
120300000 23 -609.000000 84.000000 42.000000 2.000000 
120400000 23 -554.000000 66.000000 33.000000 2.000000 
120500000 23 -591.000000 78.000000 39.000000 2.000000 
120600000 23 -599.000000 85.000000 42.517657 1.999584 
120700000 23 -611.000000 81.000000 29.056265 10.491772 
120800000 23 -493.000000 54.000000 27.000000 2.000000 
120900000 23 -657.000000 93.000000 46.709195 1.997574 
121000000 23 -404.000000 47.000000 23.531973 1.998638 
121100000 23 -319.000000 15.000000 7.601850 1.986257 
121200000 23 -350.000000 33.000000 16.727734 1.980899 
121300000 23 -466.000000 58.000000 29.000000 2.000000 
121400000 23 -544.000000 52.000000 26.057884 1.996664 
121500000 23 -586.000000 60.000000 30.000000 2.000000 
121600000 23 -596.000000 81.000000 40.250500 2.069798 
121700000 23 -640.000000 86.000000 42.513849 2.068048 
121800000 23 -584.000000 78.000000 39.076898 1.998031 
121900000 23 -368.000000 44.000000 21.336353 2.130486 
122000000 23 -324.000000 33.000000 16.545623 1.997228 
122100000 23 -205.000000 13.000000 6.618263 1.981517 
122200000 23 -186.000000 10.000000 5.584244 1.891089 
122300000 23 -88.000000 2.000000 2.000000 1.000000 
122400000 23 -158.000000 4.000000 4.000000 1.000000 
122500000 23 -206.000000 11.000000 5.641212 1.973763 
122600000 23 -48.000000 2.000000 2.000000 1.000000 
122700000 23 -132.000000 5.000000 5.000000 1.000000 
122800000 23 -202.000000 14.000000 7.000000 2.000000 
122900000 23 -365.000000 21.000000 10.572090 1.993092 
123000000 23 -454.000000 46.000000 23.000000 2.000000 
123100000 23 -355.000000 28.000000 14.000000 2.000000 
123200000 23 -426.000000 30.000000 15.000000 2.000000 
123300000 23 -655.000000 91.000000 45.516491 1.999637 
123400000 23 -643.000000 89.000000 44.516862 1.999621 
123500000 23 -489.000000 60.000000 30.099944 1.996675 
123600000 23 -409.000000 44.000000 22.000000 2.000000 
123700000 23 -402.000000 49.000000 24.530663 1.998747 
123800000 23 -269.000000 21.000000 10.572090 1.993092 
123900000 23 -166.000000 4.000000 4.000000 1.000000 
124000000 23 -13.000000 2.000000 2.000000 1.000000 
124100000 23 -74.000000 3.000000 3.000000 1.000000 
124200000 23 -140.000000 3.000000 3.000000 1.000000 
124300000 23 -210.000000 4.000000 4.000000 1.000000 
124400000 23 -272.000000 8.000000 4.000000 2.000000 
124500000 23 -136.000000 3.000000 3.000000 1.000000 
124600000 23 -43.000000 3.000000 3.000000 1.000000 
124700000 23 -265.000000 12.000000 6.000000 2.000000 
124800000 23 -280.000000 27.000000 13.555864 1.995846 
124900000 23 -120.000000 4.000000 2.000000 2.000000 
125000000 23 -35.000000 3.000000 3.000000 1.000000 
125100000 23 -132.000000 4.000000 4.000000 1.000000 
125200000 23 -164.000000 4.000000 2.975584 1.464888 
125300000 23 -221.000000 5.000000 3.683282 1.683282 
125400000 23 -80.000000 4.000000 2.975584 1.464888 
125500000 23 -234.000000 12.000000 6.000000 2.000000 
125600000 23 -288.000000 24.000000 12.249079 1.979495 
125700000 23 -231.000000 14.000000 7.000000 2.000000 
125800000 23 -505.000000 51.000000 25.529457 1.998844 
125900000 23 -225.000000 22.000000 11.000000 2.000000 
126000000 23 -224.000000 20.000000 10.000000 2.000000 
126100000 23 -223.000000 18.000000 9.000000 2.000000 
126200000 23 -280.000000 14.000000 7.000000 2.000000 
126300000 23 -374.000000 29.000000 13.498729 2.594840 
126400000 23 -309.000000 28.000000 14.000000 2.000000 
126500000 23 -419.000000 31.000000 15.548590 1.996856 
126600000 23 -417.000000 30.000000 15.000000 2.000000 
126700000 23 -424.000000 48.000000 24.000000 2.000000 
126800000 23 -425.000000 26.000000 13.230051 1.982487 
126900000 23 -289.000000 25.000000 12.560390 1.995148 
127000000 23 -287.000000 26.000000 13.000000 2.000000 
127100000 23 -246.000000 12.000000 5.832208 2.359805 
127200000 23 -152.000000 5.000000 2.863564 1.843909 
127300000 23 -244.000000 7.000000 3.735017 1.929538 
127400000 23 -152.000000 3.000000 3.000000 1.000000 
127500000 23 -153.000000 5.000000 5.000000 1.000000 
127600000 23 -126.000000 3.000000 3.000000 1.000000 
127700000 23 -148.000000 3.000000 3.000000 1.000000 
127800000 23 -207.000000 9.000000 9.000000 1.000000 
127900000 23 -313.000000 26.000000 13.000000 2.000000 
128000000 23 -371.000000 39.000000 19.538563 1.998019 
128100000 23 -496.000000 61.000000 30.524617 1.999192 
128200000 23 -593.000000 81.000000 40.137628 2.070236 
128300000 23 -575.000000 59.000000 29.525453 1.999137 
128400000 23 -675.000000 96.000000 48.000000 2.000000 
128500000 23 -618.000000 84.000000 42.000000 2.000000 
128600000 23 -499.000000 64.000000 32.046978 1.997799 
128700000 23 -386.000000 42.000000 16.288847 5.182388 
128800000 23 -446.000000 51.000000 25.529457 1.998844 
128900000 23 -516.000000 38.000000 19.000000 2.000000 
129000000 23 -558.000000 66.000000 33.000000 2.000000 
129100000 23 -623.000000 84.000000 42.071408 1.998301 
129200000 23 -623.000000 83.000000 41.518083 1.999564 
129300000 23 -463.000000 62.000000 31.048500 1.997655 
129400000 23 -613.000000 81.000000 40.518530 1.999542 
129500000 23 -566.000000 75.000000 37.520014 1.999466 
129600000 23 -573.000000 73.000000 36.520563 1.999436 
129700000 23 -615.000000 87.000000 43.586125 1.998812 
129800000 23 -544.000000 72.000000 36.000000 2.000000 
129900000 23 -525.000000 66.000000 33.226452 1.995209 
130000000 23 -506.000000 60.000000 30.000000 2.000000 
130100000 23 -625.000000 81.000000 40.592491 1.998629 
130200000 23 -349.000000 34.000000 17.176156 1.989701 
130300000 23 -337.000000 37.000000 18.540660 1.997798 
130400000 23 -436.000000 56.000000 27.247414 2.364569 
130500000 23 -239.000000 18.000000 9.000000 2.000000 
130600000 23 -392.000000 50.000000 25.000000 2.000000 
130700000 23 -389.000000 40.000000 20.000000 2.000000 
130800000 23 -228.000000 12.000000 6.000000 2.000000 
130900000 23 -70.000000 2.000000 2.000000 1.000000 
131000000 23 -394.000000 46.000000 23.000000 2.000000 
131100000 23 -396.000000 48.000000 24.062744 1.996083 
131200000 23 -367.000000 46.000000 23.130309 1.994353 
131300000 23 -247.000000 20.000000 10.148892 1.992486 
131400000 23 -235.000000 11.000000 5.641212 1.973763 
131500000 23 -356.000000 36.000000 18.000000 2.000000 
131600000 23 -369.000000 39.000000 19.691403 1.994105 
131700000 23 -280.000000 25.000000 12.560390 1.995148 
131800000 23 -285.000000 24.000000 12.608391 1.965147 
131900000 23 -410.000000 46.000000 23.000000 2.000000 
132000000 23 -601.000000 78.000000 38.963534 2.072371 
132100000 23 -449.000000 46.000000 23.065125 1.998582 
132200000 23 -264.000000 23.000000 11.565719 1.994256 
132300000 23 -121.000000 3.000000 3.000000 1.000000 
132400000 23 -15.000000 2.000000 2.000000 1.000000 
132500000 23 -153.000000 4.000000 4.000000 1.000000 
132600000 23 -63.000000 2.000000 2.000000 1.000000 
132700000 23 -39.000000 3.000000 3.000000 1.000000 
132800000 23 -199.000000 13.000000 6.618263 1.981517 
132900000 23 -273.000000 20.000000 10.148892 1.992486 
133000000 23 -348.000000 40.000000 20.000000 2.000000 
133100000 23 -468.000000 38.000000 19.000000 2.000000 
133200000 23 -299.000000 20.000000 10.000000 2.000000 
133300000 23 -227.000000 13.000000 6.618263 1.981517 
133400000 23 -218.000000 12.000000 6.000000 2.000000 
133500000 23 -305.000000 26.000000 13.000000 2.000000 
133600000 23 -461.000000 56.000000 28.000000 2.000000 
133700000 23 -406.000000 51.000000 25.529457 1.998844 
133800000 23 -365.000000 43.000000 21.534960 1.998372 
133900000 23 -546.000000 77.000000 38.519494 1.999493 
134000000 23 -597.000000 80.000000 40.298785 1.992583 
134100000 23 -458.000000 52.000000 26.000000 2.000000 
134200000 23 -372.000000 44.000000 22.068076 1.998450 
134300000 23 -366.000000 26.000000 13.000000 2.000000 
134400000 23 -385.000000 38.000000 19.000000 2.000000 
134500000 23 -336.000000 33.000000 16.545623 1.997228 
134600000 23 -363.000000 25.000000 12.560390 1.995148 
134700000 23 -430.000000 36.000000 18.000000 2.000000 
134800000 23 -614.000000 76.000000 38.000000 2.000000 
134900000 23 -521.000000 59.000000 29.525453 1.999137 
135000000 23 -647.000000 88.000000 44.000000 2.000000 
135100000 23 -546.000000 70.000000 35.000000 2.000000 
135200000 23 -602.000000 62.000000 31.000000 2.000000 
135300000 23 -533.000000 71.000000 35.521144 1.999404 
135400000 23 -538.000000 50.000000 25.000000 2.000000 
135500000 23 -645.000000 88.000000 44.000000 2.000000 
135600000 23 -619.000000 52.000000 25.463226 2.099208 
135700000 23 -672.000000 95.000000 47.515796 1.999667 
135800000 23 -690.000000 102.000000 51.000000 2.000000 
135900000 23 -699.000000 102.000000 51.000000 2.000000 
136000000 23 -422.000000 19.000000 9.579844 1.991532 
136100000 23 -564.000000 70.000000 35.085679 1.997556 
136200000 23 -653.000000 92.000000 46.065202 1.998584 
136300000 23 -697.000000 102.000000 51.000000 2.000000 
136400000 23 -615.000000 85.000000 42.517657 1.999584 
136500000 23 -558.000000 68.000000 34.000000 2.000000 
136600000 23 -446.000000 35.000000 17.714676 1.983002 
136700000 23 -476.000000 58.000000 29.000000 2.000000 
136800000 23 -437.000000 50.000000 25.060216 1.996391 
136900000 23 -484.000000 31.000000 15.740141 1.990690 
137000000 23 -377.000000 28.000000 14.000000 2.000000 
137100000 23 -310.000000 16.000000 8.000000 2.000000 
137200000 23 -227.000000 14.000000 7.000000 2.000000 
137300000 23 -382.000000 42.000000 21.000000 2.000000 
137400000 23 -372.000000 30.000000 15.199538 1.986801 
137500000 23 -84.000000 3.000000 3.000000 1.000000 
137600000 23 -267.000000 16.000000 8.000000 2.000000 
137700000 23 -253.000000 12.000000 6.244998 1.979057 
137800000 23 -178.000000 4.000000 4.000000 1.000000 
137900000 23 -180.000000 4.000000 4.000000 1.000000 
138000000 23 -229.000000 4.000000 4.000000 1.000000 
138100000 23 -69.000000 3.000000 3.000000 1.000000 
138200000 23 -241.000000 7.000000 3.735017 1.929538 
138300000 23 -1.000000 2.000000 2.000000 1.000000 
138400000 23 -44.000000 2.000000 2.000000 1.000000 
138500000 23 -258.000000 19.000000 9.579844 1.991532 
138600000 23 -337.000000 26.000000 13.000000 2.000000 
138700000 23 -456.000000 54.000000 27.111034 1.995898 
138800000 23 -284.000000 28.000000 14.000000 2.000000 
138900000 23 -383.000000 30.000000 15.000000 2.000000 
139000000 23 -214.000000 6.000000 3.000000 2.000000 
139100000 23 -115.000000 4.000000 4.000000 1.000000 
139200000 23 -208.000000 9.000000 5.335972 1.776804 
139300000 23 -117.000000 3.000000 2.236068 1.527525 
139400000 23 -120.000000 3.000000 3.000000 1.000000 
139500000 23 -178.000000 3.000000 2.236068 1.527525 
139600000 23 -192.000000 4.000000 4.000000 1.000000 
139700000 23 -42.000000 3.000000 3.000000 1.000000 
139800000 23 -182.000000 3.000000 3.000000 1.000000 
139900000 23 -230.000000 5.000000 5.000000 1.000000 
140000000 23 -65.000000 3.000000 3.000000 1.000000 
140100000 23 -54.000000 2.000000 2.000000 1.000000 
140200000 23 -80.000000 2.000000 2.000000 1.000000 
140300000 23 -229.000000 4.000000 4.000000 1.000000 
140400000 23 -187.000000 8.000000 4.214194 2.119097 
140500000 23 -197.000000 4.000000 4.000000 1.000000 
140600000 23 -283.000000 24.000000 12.124356 1.994785 
140700000 23 -246.000000 21.000000 10.572090 1.993092 
140800000 23 -416.000000 37.000000 18.540660 1.997798 
140900000 23 -490.000000 40.000000 20.149808 1.992542 
141000000 23 -573.000000 79.000000 39.519000 1.999519 
141100000 23 -692.000000 99.000000 49.813252 1.997436 
141200000 23 -698.000000 102.000000 51.000000 2.000000 
141300000 23 -685.000000 99.000000 50.296011 1.997921 
141400000 23 -599.000000 83.000000 41.518083 1.999564 
141500000 23 -365.000000 47.000000 23.531973 1.998638 
141600000 23 -213.000000 5.000000 5.000000 1.000000 
141700000 23 -91.000000 3.000000 3.000000 1.000000 
141800000 23 -231.000000 13.000000 6.618263 1.981517 
141900000 23 -426.000000 47.000000 23.296951 2.239591 
142000000 23 -431.000000 52.000000 26.000000 2.000000 
142100000 23 -242.000000 22.000000 11.000000 2.000000 
142200000 23 -88.000000 4.000000 4.000000 1.000000 
142300000 23 -164.000000 4.000000 4.000000 1.000000 
142400000 23 -293.000000 12.000000 6.000000 2.000000 
142500000 23 -312.000000 28.000000 14.000000 2.000000 
142600000 23 -281.000000 25.000000 12.560390 1.995148 
142700000 23 -472.000000 58.000000 29.000000 2.000000 
142800000 23 -405.000000 48.000000 24.311320 1.983351 
142900000 23 -334.000000 38.000000 17.525718 2.528272 
143000000 23 -448.000000 53.000000 26.528342 1.998929 
143100000 23 -635.000000 51.000000 25.529457 1.998844 
143200000 23 -651.000000 89.000000 44.516862 1.999621 
143300000 23 -662.000000 93.000000 46.516136 1.999653 
143400000 23 -572.000000 60.000000 30.000000 2.000000 
143500000 23 -424.000000 34.000000 16.164981 2.539235 
143600000 23 -424.000000 32.000000 14.878302 2.308990 
143700000 23 -544.000000 67.000000 33.522408 1.999331 
143800000 23 -312.000000 32.000000 16.093477 1.997068 
143900000 23 -36.000000 3.000000 3.000000 1.000000 
144000000 23 -131.000000 8.000000 4.000000 2.000000 
144100000 23 -539.000000 62.000000 31.000000 2.000000 
144200000 23 -473.000000 37.000000 18.540660 1.997798 
144300000 23 -416.000000 46.000000 23.000000 2.000000 
144400000 23 -333.000000 34.000000 17.000000 2.000000 
144500000 23 -268.000000 17.000000 8.589495 1.989372 
144600000 23 -253.000000 19.000000 9.579844 1.991532 
144700000 23 -196.000000 10.000000 5.291503 1.969772 
144800000 23 -77.000000 4.000000 4.000000 1.000000 
144900000 23 -438.000000 56.000000 28.000000 2.000000 
145000000 23 -374.000000 45.000000 21.439631 2.664720 
145100000 23 -542.000000 70.000000 35.000000 2.000000 
145200000 23 -561.000000 66.000000 33.000000 2.000000 
145300000 23 -557.000000 65.000000 32.523099 1.999289 
145400000 23 -665.000000 93.000000 46.516136 1.999653 
145500000 23 -370.000000 44.000000 22.068076 1.998450 
145600000 23 -451.000000 59.000000 29.525453 1.999137 
145700000 23 -577.000000 71.000000 35.521144 1.999404 
145800000 23 -689.000000 99.000000 51.673779 1.999229 
145900000 23 -590.000000 78.000000 39.000000 2.000000 
146000000 23 -279.000000 22.000000 11.271519 1.975673 
146100000 23 -121.000000 4.000000 4.000000 1.000000 
146200000 23 -119.000000 4.000000 4.000000 1.000000 
146300000 23 -72.000000 3.000000 3.000000 1.000000 
146400000 23 -153.000000 5.000000 5.000000 1.000000 
146500000 23 -123.000000 4.000000 4.000000 1.000000 
146600000 23 -117.000000 5.000000 5.000000 1.000000 
146700000 23 -179.000000 4.000000 4.000000 1.000000 
146800000 23 -147.000000 4.000000 4.000000 1.000000 
146900000 23 -58.000000 3.000000 3.000000 1.000000 
147000000 23 -211.000000 5.000000 5.000000 1.000000 
147100000 23 -94.000000 3.000000 3.000000 1.000000 
147200000 23 -157.000000 4.000000 2.000000 2.000000 
147300000 23 -167.000000 3.000000 3.000000 1.000000 
147400000 23 -177.000000 4.000000 4.000000 1.000000 
147500000 23 -363.000000 39.000000 19.692594 1.986287 
147600000 23 -278.000000 27.000000 13.775070 1.987750 
147700000 23 -344.000000 22.000000 12.035037 1.913638 
147800000 23 -203.000000 5.000000 5.000000 1.000000 
147900000 23 -2.000000 2.000000 2.000000 1.000000 
148000000 23 -103.000000 4.000000 4.000000 1.000000 
148100000 23 -304.000000 23.000000 11.565719 1.994256 
148200000 23 -194.000000 16.000000 8.000000 2.000000 
148300000 23 -384.000000 32.000000 16.000000 2.000000 
148400000 23 -360.000000 27.000000 13.131082 2.157052 
148500000 23 -312.000000 23.000000 11.565719 1.994256 
148600000 23 -489.000000 61.000000 30.429659 2.089729 
148700000 23 -447.000000 48.000000 24.062419 1.998697 
148800000 23 -292.000000 25.000000 12.560390 1.995148 
148900000 23 -456.000000 58.000000 29.000000 2.000000 
149000000 23 -435.000000 27.000000 13.555864 1.995846 
149100000 23 -592.000000 81.000000 40.518530 1.999542 
149200000 23 -302.000000 27.000000 13.555864 1.995846 
149300000 23 -316.000000 29.000000 14.551973 1.996404 
149400000 23 -582.000000 80.000000 40.187038 1.996733 
149500000 23 -436.000000 29.000000 14.551973 1.996404 
149600000 23 -566.000000 71.000000 35.521144 1.999404 
149700000 23 -301.000000 31.000000 14.959646 2.173254 
149800000 23 -578.000000 58.000000 29.051862 1.997320 
149900000 23 -595.000000 78.000000 39.000000 2.000000 
150000000 23 -559.000000 56.000000 28.000000 2.000000 
150100000 23 -628.000000 88.000000 44.000000 2.000000 
150200000 23 -469.000000 58.000000 29.051862 1.997320 
150300000 23 -633.000000 84.000000 42.000000 2.000000 
150400000 23 -659.000000 87.000000 43.517251 1.999603 
150500000 23 -570.000000 67.000000 33.522408 1.999331 
150600000 23 -598.000000 75.000000 37.520014 1.999466 
150700000 23 -651.000000 92.000000 46.032643 1.998936 
150800000 23 -699.000000 102.000000 51.000000 2.000000 
150900000 23 -678.000000 99.000000 51.706394 1.999259 
151000000 24 -670.000000 98.000000 52.022906 1.998749 
151100000 24 -586.000000 79.000000 39.519000 1.999519 
151200000 24 -532.000000 62.000000 31.000000 2.000000 
151300000 24 -684.000000 63.000000 31.523834 1.999243 
151400000 24 -205.000000 12.000000 6.000000 2.000000 
151500000 24 -231.000000 15.000000 7.601850 1.986257 
151600000 24 -403.000000 44.000000 22.000000 2.000000 
151700000 24 -630.000000 81.000000 40.518530 1.999542 
151800000 24 -363.000000 45.000000 22.666077 1.995568 
151900000 24 -344.000000 33.000000 16.545623 1.997228 
152000000 24 -453.000000 59.000000 29.525453 1.999137 
152100000 24 -468.000000 32.000000 16.000000 2.000000 
152200000 24 -501.000000 63.000000 30.765436 2.091367 
152300000 24 -629.000000 85.000000 42.517657 1.999584 
152400000 24 -638.000000 88.000000 44.000000 2.000000 
152500000 24 -452.000000 45.000000 22.533399 1.998514 
152600000 24 -286.000000 22.000000 11.000000 2.000000 
152700000 24 -571.000000 56.000000 28.000000 2.000000 
152800000 24 -477.000000 35.000000 16.796049 2.158721 
152900000 24 -582.000000 46.000000 23.130309 1.994353 
153000000 24 -304.000000 32.000000 15.629380 2.166828 
153100000 24 -324.000000 31.000000 15.742486 1.978383 
153200000 24 -263.000000 26.000000 13.000000 2.000000 
153300000 24 -546.000000 73.000000 36.520563 1.999436 
153400000 24 -511.000000 67.000000 32.753033 2.086191 
153500000 24 -340.000000 30.000000 15.100999 1.989932 
153600000 24 -469.000000 57.000000 28.526348 1.999075 
153700000 24 -586.000000 74.000000 35.511674 2.293939 
153800000 24 -496.000000 60.000000 30.049958 1.999166 
153900000 24 -328.000000 32.000000 16.000000 2.000000 
154000000 24 -421.000000 48.000000 24.124890 1.994812 
154100000 24 -446.000000 52.000000 26.000000 2.000000 
154200000 24 -316.000000 35.000000 17.542998 1.997537 
154300000 24 -533.000000 71.000000 35.521144 1.999404 
154400000 24 -471.000000 57.000000 28.526348 1.999075 
154500000 24 -154.000000 8.000000 4.000000 2.000000 
154600000 24 -407.000000 46.000000 23.000000 2.000000 
154700000 24 -386.000000 44.000000 22.136220 1.993831 
154800000 24 -91.000000 4.000000 4.000000 1.000000 
154900000 24 -172.000000 4.000000 4.000000 1.000000 
155000000 24 -225.000000 6.000000 3.000000 2.000000 
155100000 24 -72.000000 3.000000 3.000000 1.000000 
155200000 24 -168.000000 5.000000 5.000000 1.000000 
155300000 24 -259.000000 13.000000 6.618263 1.981517 
155400000 24 -188.000000 4.000000 4.000000 1.000000 
155500000 24 -168.000000 4.000000 4.000000 1.000000 
155600000 24 -272.000000 22.000000 11.000000 2.000000 
155700000 24 -550.000000 70.000000 35.000000 2.000000 
155800000 24 -588.000000 81.000000 39.808119 2.071535 
155900000 24 -466.000000 56.000000 28.000000 2.000000 
156000000 24 -450.000000 43.000000 21.673743 1.995148 
156100000 24 -358.000000 32.000000 16.000000 2.000000 
156200000 24 -343.000000 30.000000 15.000000 2.000000 
156300000 24 -546.000000 63.000000 31.523834 1.999243 
156400000 24 -619.000000 84.000000 41.931947 2.068770 
156500000 24 -643.000000 94.000000 47.159419 1.995605 
156600000 24 -549.000000 72.000000 34.918444 2.159908 
156700000 24 -547.000000 74.000000 37.040518 1.999452 
156800000 24 -627.000000 86.000000 43.000000 2.000000 
156900000 24 -572.000000 70.000000 35.000000 2.000000 
157000000 24 -329.000000 18.000000 9.000000 2.000000 
157100000 24 -347.000000 36.000000 17.663051 2.142592 
157200000 24 -643.000000 92.000000 46.000000 2.000000 
157300000 24 -667.000000 89.000000 44.516862 1.999621 
157400000 24 -659.000000 92.000000 46.000000 2.000000 
157500000 24 -585.000000 72.000000 36.000000 2.000000 
157600000 24 -511.000000 68.000000 33.246372 2.294425 
157700000 24 -476.000000 60.000000 30.000000 2.000000 
157800000 24 -537.000000 36.000000 18.000000 2.000000 
157900000 24 -470.000000 61.000000 30.524617 1.999192 
158000000 24 -657.000000 91.000000 45.516491 1.999637 
158100000 24 -685.000000 98.000000 51.875716 1.998567 
158200000 24 -682.000000 98.000000 51.747812 1.998408 
158300000 24 -694.000000 102.000000 51.000000 2.000000 
158400000 24 -679.000000 99.000000 50.441052 1.998064 
158500000 24 -688.000000 101.000000 50.781373 1.999787 
158600000 24 -518.000000 54.000000 27.000000 2.000000 
158700000 24 -577.000000 52.000000 26.057628 1.998890 
158800000 24 -635.000000 87.000000 43.517251 1.999603 
158900000 24 -371.000000 38.000000 19.000000 2.000000 
159000000 24 -417.000000 47.000000 23.531973 1.998638 
159100000 24 -388.000000 42.000000 21.000000 2.000000 
159200000 24 -56.000000 4.000000 3.162278 1.581139 
159300000 24 -62.000000 3.000000 3.000000 1.000000 
159400000 24 -126.000000 3.000000 3.000000 1.000000 
159500000 24 -211.000000 5.000000 5.000000 1.000000 
159600000 24 -160.000000 4.000000 4.000000 1.000000 
159700000 24 -158.000000 5.000000 2.863564 1.843909 
159800000 24 -92.000000 3.000000 3.000000 1.000000 
159900000 24 -321.000000 32.000000 16.000000 2.000000 
160000000 24 -477.000000 56.000000 28.107074 1.996184 
160100000 24 -463.000000 56.000000 28.000000 2.000000 
160200000 24 -515.000000 66.000000 33.000000 2.000000 
160300000 24 -388.000000 27.000000 13.555864 1.995846 
160400000 24 -384.000000 34.000000 17.000000 2.000000 
160500000 24 -228.000000 19.000000 9.579844 1.991532 
160600000 24 -254.000000 10.000000 5.000000 2.000000 
160700000 24 -381.000000 36.000000 18.166402 1.990805 
160800000 24 -520.000000 37.000000 18.540660 1.997798 
160900000 24 -526.000000 44.000000 22.000000 2.000000 
161000000 24 -503.000000 52.000000 26.000000 2.000000 
161100000 24 -453.000000 48.000000 24.000000 2.000000 
161200000 24 -521.000000 52.000000 26.115298 1.995577 
161300000 24 -396.000000 38.000000 19.000000 2.000000 
161400000 24 -276.000000 21.000000 10.572090 1.993092 
161500000 24 -249.000000 20.000000 10.298369 1.970684 
161600000 24 -340.000000 36.000000 16.827531 2.535115 
161700000 24 -546.000000 71.000000 35.521144 1.999404 
161800000 24 -497.000000 60.000000 30.000000 2.000000 
161900000 24 -265.000000 30.000000 15.000000 2.000000 
162000000 24 -254.000000 24.000000 12.124356 1.994785 
162100000 24 -261.000000 19.000000 9.579844 1.991532 
162200000 24 -356.000000 24.000000 11.546361 2.216011 
162300000 24 -346.000000 30.000000 15.000000 2.000000 
162400000 24 -418.000000 53.000000 26.641627 1.992551 
162500000 24 -450.000000 40.000000 20.000000 2.000000 
162600000 24 -634.000000 86.000000 43.069748 1.998379 
162700000 24 -622.000000 82.000000 41.036634 1.998660 
162800000 24 -638.000000 85.000000 42.517657 1.999584 
162900000 24 -580.000000 42.000000 21.142692 1.993232 
163000000 24 -509.000000 58.000000 29.000000 2.000000 
163100000 24 -487.000000 56.000000 28.000000 2.000000 
163200000 24 -487.000000 37.000000 18.540660 1.997798 
163300000 24 -353.000000 38.000000 19.078784 1.997921 
163400000 24 -530.000000 71.000000 35.521144 1.999404 
163500000 24 -587.000000 80.000000 39.858130 2.256542 
163600000 24 -564.000000 69.000000 34.521757 1.999369 
163700000 24 -419.000000 44.000000 22.000000 2.000000 
163800000 24 -363.000000 40.000000 20.000000 2.000000 
163900000 24 -356.000000 43.000000 20.814038 2.130734 
164000000 24 -423.000000 44.000000 22.000000 2.000000 
164100000 24 -238.000000 11.000000 5.641212 1.973763 
164200000 24 -3.000000 2.000000 2.000000 1.000000 
164300000 24 -194.000000 8.000000 4.000000 2.000000 
164400000 24 -97.000000 3.000000 3.000000 1.000000 
164500000 24 -73.000000 3.000000 2.236068 1.527525 
164600000 24 -44.000000 4.000000 4.000000 1.000000 
164700000 24 -171.000000 3.000000 3.000000 1.000000 
164800000 24 -49.000000 2.000000 2.000000 1.000000 
164900000 24 -94.000000 4.000000 4.000000 1.000000 
165000000 24 -111.000000 3.000000 3.000000 1.000000 
165100000 24 -159.000000 4.000000 4.000000 1.000000 
165200000 24 -82.000000 2.000000 2.000000 1.000000 
165300000 24 -238.000000 19.000000 9.579844 1.991532 
165400000 24 -79.000000 4.000000 4.000000 1.000000 
165500000 24 -119.000000 4.000000 4.000000 1.000000 
165600000 24 -215.000000 13.000000 6.618263 1.981517 
165700000 24 -137.000000 4.000000 4.000000 1.000000 
165800000 24 -181.000000 4.000000 4.000000 1.000000 
165900000 24 -154.000000 4.000000 4.000000 1.000000 
166000000 24 -153.000000 3.000000 3.000000 1.000000 
166100000 24 -164.000000 3.000000 3.000000 1.000000 
166200000 24 -98.000000 3.000000 3.000000 1.000000 
166300000 24 -70.000000 3.000000 3.000000 1.000000 
166400000 24 -5.000000 3.000000 2.236068 1.527525 
166500000 24 -5.000000 2.000000 2.000000 1.000000 
166600000 24 -1.000000 2.000000 2.000000 1.000000 
166700000 24 -157.000000 4.000000 4.000000 1.000000 
166800000 24 -116.000000 4.000000 3.162278 1.581139 
166900000 24 -155.000000 5.000000 4.227841 1.537974 
167000000 24 -174.000000 4.000000 4.000000 1.000000 
167100000 24 -180.000000 4.000000 4.000000 1.000000 
167200000 24 -38.000000 2.000000 2.000000 1.000000 
167300000 24 -133.000000 3.000000 3.000000 1.000000 
167400000 24 -66.000000 2.000000 2.000000 1.000000 
167500000 24 -102.000000 3.000000 3.000000 1.000000 
167600000 24 -9.000000 2.000000 2.000000 1.000000 
167700000 24 -217.000000 10.000000 7.782639 1.862935 
167800000 24 -79.000000 3.000000 3.000000 1.000000 
167900000 24 -17.000000 2.000000 2.000000 1.000000 
168000000 24 -11.000000 2.000000 2.000000 1.000000 
