151000000 -670 1 98 51.000000 1.921569 30.029889 0.999166
151000000 -670 1 2 2.000000 1.000000 1.732051 0.000000
151000000 -670 28 1 1.000000 1.000000 0.000000 0.000000
151100000 -586 1 79 40.000000 1.975000 22.808999 0.999679
151100000 -586 1 3 2.000000 1.500000 1.154701 0.666667
151100000 -586 1 4 4.000000 1.000000 2.869855 0.000000
151100000 -586 4 2 2.000000 1.000000 1.732051 0.000000
151100000 -586 34 1 1.000000 1.000000 0.000000 0.000000
151200000 -532 1 62 31.000000 2.000000 17.888544 1.000000
151200000 -532 1 4 4.000000 1.000000 2.869855 0.000000
151200000 -532 4 3 3.000000 1.000000 2.200907 0.000000
151200000 -532 9 2 2.000000 1.000000 1.732051 0.000000
151200000 -532 32 1 1.000000 1.000000 0.000000 0.000000
151300000 -684 1 63 32.000000 1.968750 18.191134 0.999495
151300000 -684 1 34 17.000000 2.000000 9.797959 1.000000
151300000 -684 6 2 2.000000 1.000000 1.732051 0.000000
151300000 -684 19 1 1.000000 1.000000 0.000000 0.000000
151400000 -205 1 12 6.000000 2.000000 3.415650 1.000000
151400000 -205 1 3 2.000000 1.500000 1.154701 0.666667
151400000 -205 4 3 3.000000 1.000000 2.200907 0.000000
151400000 -205 14 2 2.000000 1.000000 1.732051 0.000000
151400000 -205 73 1 1.000000 1.000000 0.000000 0.000000
151500000 -231 1 15 8.000000 1.875000 4.350790 0.990827
151500000 -231 1 3 2.000000 1.500000 1.154701 0.666667
151500000 -231 2 4 4.000000 1.000000 2.869855 0.000000
151500000 -231 3 3 3.000000 1.000000 2.200907 0.000000
151500000 -231 12 2 2.000000 1.000000 1.732051 0.000000
151500000 -231 69 1 1.000000 1.000000 0.000000 0.000000
151600000 -403 1 44 22.000000 2.000000 12.688578 1.000000
151600000 -403 1 5 3.000000 1.666667 2.000000 1.058301
151600000 -403 1 3 3.000000 1.000000 2.200907 0.000000
151600000 -403 15 2 2.000000 1.000000 1.732051 0.000000
151600000 -403 46 1 1.000000 1.000000 0.000000 0.000000
151700000 -630 1 81 41.000000 1.975610 23.386258 0.999695
151700000 -630 2 4 4.000000 1.000000 2.869855 0.000000
151700000 -630 2 3 3.000000 1.000000 2.200907 0.000000
151700000 -630 3 2 2.000000 1.000000 1.732051 0.000000
151700000 -630 27 1 1.000000 1.000000 0.000000 0.000000
151800000 -363 1 45 24.000000 1.875000 13.073523 0.997044
151800000 -363 1 3 3.000000 1.000000 2.200907 0.000000
151800000 -363 11 2 2.000000 1.000000 1.732051 0.000000
151800000 -363 58 1 1.000000 1.000000 0.000000 0.000000
151900000 -344 1 33 17.000000 1.941176 9.535157 0.998152
151900000 -344 1 4 4.000000 1.000000 2.869855 0.000000
151900000 -344 5 3 3.000000 1.000000 2.200907 0.000000
151900000 -344 9 2 2.000000 1.000000 1.732051 0.000000
151900000 -344 58 1 1.000000 1.000000 0.000000 0.000000
152000000 -453 1 59 30.000000 1.966667 17.036748 0.999424
152000000 -453 1 3 3.000000 1.000000 2.200907 0.000000
152000000 -453 9 2 2.000000 1.000000 1.732051 0.000000
152000000 -453 48 1 1.000000 1.000000 0.000000 0.000000
152100000 -468 1 30 15.000000 2.000000 8.640988 1.000000
152100000 -468 1 32 16.000000 2.000000 9.219544 1.000000
152100000 -468 1 4 2.000000 2.000000 1.000000 1.000000
152100000 -468 8 2 2.000000 1.000000 1.732051 0.000000
152100000 -468 46 1 1.000000 1.000000 0.000000 0.000000
152200000 -501 1 63 31.000000 2.032258 17.753047 1.060474
152200000 -501 2 3 3.000000 1.000000 2.200907 0.000000
152200000 -501 10 2 2.000000 1.000000 1.732051 0.000000
152200000 -501 39 1 1.000000 1.000000 0.000000 0.000000
152300000 -629 1 85 43.000000 1.976744 24.540790 0.999723
152300000 -629 3 3 3.000000 1.000000 2.200907 0.000000
152300000 -629 5 2 2.000000 1.000000 1.732051 0.000000
152300000 -629 24 1 1.000000 1.000000 0.000000 0.000000
152400000 -638 1 88 44.000000 2.000000 25.396850 1.000000
152400000 -638 1 3 3.000000 1.000000 2.200907 0.000000
152400000 -638 4 2 2.000000 1.000000 1.732051 0.000000
152400000 -638 29 1 1.000000 1.000000 0.000000 0.000000
152500000 -452 1 45 23.000000 1.956522 12.996847 0.999009
152500000 -452 1 10 5.000000 2.000000 2.828427 1.000000
152500000 -452 1 3 3.000000 1.000000 2.200907 0.000000
152500000 -452 14 2 2.000000 1.000000 1.732051 0.000000
152500000 -452 42 1 1.000000 1.000000 0.000000 0.000000
152600000 -286 1 22 11.000000 2.000000 6.324555 1.000000
152600000 -286 3 3 3.000000 1.000000 2.200907 0.000000
152600000 -286 19 2 2.000000 1.000000 1.732051 0.000000
152600000 -286 59 1 1.000000 1.000000 0.000000 0.000000
152700000 -571 1 56 28.000000 2.000000 16.155494 1.000000
152700000 -571 1 19 10.000000 1.900000 5.500709 0.994351
152700000 -571 1 3 3.000000 1.000000 2.200907 0.000000
152700000 -571 13 2 2.000000 1.000000 1.732051 0.000000
152700000 -571 24 1 1.000000 1.000000 0.000000 0.000000
152800000 -477 1 25 13.000000 1.923077 7.228725 0.996764
152800000 -477 1 35 17.000000 2.058824 9.680001 1.104547
152800000 -477 1 4 4.000000 1.000000 2.869855 0.000000
152800000 -477 1 3 3.000000 1.000000 2.200907 0.000000
152800000 -477 11 2 2.000000 1.000000 1.732051 0.000000
152800000 -477 39 1 1.000000 1.000000 0.000000 0.000000
152900000 -582 1 34 17.000000 2.000000 9.797959 1.000000
152900000 -582 1 46 24.000000 1.916667 13.341804 0.996234
152900000 -582 2 3 3.000000 1.000000 2.200907 0.000000
152900000 -582 5 2 2.000000 1.000000 1.732051 0.000000
152900000 -582 32 1 1.000000 1.000000 0.000000 0.000000
153000000 -304 1 32 16.000000 2.000000 9.005138 1.109826
153000000 -304 17 2 2.000000 1.000000 1.732051 0.000000
153000000 -304 62 1 1.000000 1.000000 0.000000 0.000000
153100000 -324 1 31 17.000000 1.823529 9.070572 0.985563
153100000 -324 1 3 2.000000 1.500000 1.154701 0.666667
153100000 -324 1 4 4.000000 1.000000 2.869855 0.000000
153100000 -324 5 3 3.000000 1.000000 2.200907 0.000000
153100000 -324 7 2 2.000000 1.000000 1.732051 0.000000
153100000 -324 61 1 1.000000 1.000000 0.000000 0.000000
153200000 -263 1 26 13.000000 2.000000 7.483315 1.000000
153200000 -263 2 3 3.000000 1.000000 2.200907 0.000000
153200000 -263 13 2 2.000000 1.000000 1.732051 0.000000
153200000 -263 70 1 1.000000 1.000000 0.000000 0.000000
153300000 -546 1 73 37.000000 1.972973 21.077251 0.999624
153300000 -546 1 4 3.000000 1.333333 1.414214 0.866025
153300000 -546 1 4 4.000000 1.000000 2.869855 0.000000
153300000 -546 3 2 2.000000 1.000000 1.732051 0.000000
153300000 -546 41 1 1.000000 1.000000 0.000000 0.000000
153400000 -511 1 67 33.000000 2.030303 18.901157 1.057071
153400000 -511 2 3 3.000000 1.000000 2.200907 0.000000
153400000 -511 8 2 2.000000 1.000000 1.732051 0.000000
153400000 -511 39 1 1.000000 1.000000 0.000000 0.000000
153500000 -340 1 30 16.000000 1.875000 8.699429 0.993282
153500000 -340 1 10 6.000000 1.666667 3.000000 0.979796
153500000 -340 2 3 3.000000 1.000000 2.200907 0.000000
153500000 -340 12 2 2.000000 1.000000 1.732051 0.000000
153500000 -340 58 1 1.000000 1.000000 0.000000 0.000000
153600000 -469 1 57 29.000000 1.965517 16.459572 0.999383
153600000 -469 2 3 3.000000 1.000000 2.200907 0.000000
153600000 -469 11 2 2.000000 1.000000 1.732051 0.000000
153600000 -469 43 1 1.000000 1.000000 0.000000 0.000000
153700000 -586 1 74 36.000000 2.055556 20.494544 1.191939
153700000 -586 1 4 4.000000 1.000000 2.869855 0.000000
153700000 -586 1 3 3.000000 1.000000 2.200907 0.000000
153700000 -586 10 2 2.000000 1.000000 1.732051 0.000000
153700000 -586 27 1 1.000000 1.000000 0.000000 0.000000
153800000 -496 1 60 31.000000 1.935484 17.339742 0.999444
153800000 -496 1 5 5.000000 1.000000 3.401343 0.000000
153800000 -496 12 2 2.000000 1.000000 1.732051 0.000000
153800000 -496 39 1 1.000000 1.000000 0.000000 0.000000
153900000 -328 1 32 16.000000 2.000000 9.219544 1.000000
153900000 -328 1 5 5.000000 1.000000 3.401343 0.000000
153900000 -328 16 2 2.000000 1.000000 1.732051 0.000000
153900000 -328 59 1 1.000000 1.000000 0.000000 0.000000
154000000 -421 1 48 25.000000 1.920000 13.916541 0.996540
154000000 -421 1 3 3.000000 1.000000 2.200907 0.000000
154000000 -421 16 2 2.000000 1.000000 1.732051 0.000000
154000000 -421 45 1 1.000000 1.000000 0.000000 0.000000
154100000 -446 1 52 26.000000 2.000000 15.000000 1.000000
154100000 -446 1 8 4.000000 2.000000 2.236068 1.000000
154100000 -446 10 2 2.000000 1.000000 1.732051 0.000000
154100000 -446 48 1 1.000000 1.000000 0.000000 0.000000
154200000 -316 1 35 18.000000 1.944444 10.111986 0.998358
154200000 -316 1 3 3.000000 1.000000 2.200907 0.000000
154200000 -316 14 2 2.000000 1.000000 1.732051 0.000000
154200000 -316 62 1 1.000000 1.000000 0.000000 0.000000
154300000 -533 1 71 36.000000 1.972222 20.500013 0.999603
154300000 -533 1 3 3.000000 1.000000 2.200907 0.000000
154300000 -533 8 2 2.000000 1.000000 1.732051 0.000000
154300000 -533 38 1 1.000000 1.000000 0.000000 0.000000
154400000 -471 1 57 29.000000 1.965517 16.459572 0.999383
154400000 -471 3 3 3.000000 1.000000 2.200907 0.000000
154400000 -471 10 2 2.000000 1.000000 1.732051 0.000000
154400000 -471 42 1 1.000000 1.000000 0.000000 0.000000
154500000 -154 1 3 2.000000 1.500000 1.154701 0.666667
154500000 -154 1 8 4.000000 2.000000 2.236068 1.000000
154500000 -154 1 3 2.000000 1.500000 1.154701 0.666667
154500000 -154 1 5 5.000000 1.000000 3.401343 0.000000
154500000 -154 3 3 3.000000 1.000000 2.200907 0.000000
154500000 -154 6 2 2.000000 1.000000 1.732051 0.000000
154500000 -154 88 1 1.000000 1.000000 0.000000 0.000000
154600000 -407 1 46 23.000000 2.000000 13.266499 1.000000
154600000 -407 1 3 2.000000 1.500000 1.154701 0.666667
154600000 -407 4 3 3.000000 1.000000 2.200907 0.000000
154600000 -407 10 2 2.000000 1.000000 1.732051 0.000000
154600000 -407 47 1 1.000000 1.000000 0.000000 0.000000
154700000 -386 1 44 23.000000 1.913043 12.767305 0.995885
154700000 -386 2 4 4.000000 1.000000 2.869855 0.000000
154700000 -386 1 3 3.000000 1.000000 2.200907 0.000000
154700000 -386 8 2 2.000000 1.000000 1.732051 0.000000
154700000 -386 57 1 1.000000 1.000000 0.000000 0.000000
154800000 -91 1 4 4.000000 1.000000 2.869855 0.000000
154800000 -91 1 3 3.000000 1.000000 2.200907 0.000000
154800000 -91 11 2 2.000000 1.000000 1.732051 0.000000
154800000 -91 99 1 1.000000 1.000000 0.000000 0.000000
154900000 -172 1 4 4.000000 1.000000 2.869855 0.000000
154900000 -172 6 3 3.000000 1.000000 2.200907 0.000000
154900000 -172 14 2 2.000000 1.000000 1.732051 0.000000
154900000 -172 78 1 1.000000 1.000000 0.000000 0.000000
155000000 -225 1 6 3.000000 2.000000 1.632993 1.000000
155000000 -225 1 3 2.000000 1.500000 1.154701 0.666667
155000000 -225 1 4 4.000000 1.000000 2.869855 0.000000
155000000 -225 6 3 3.000000 1.000000 2.200907 0.000000
155000000 -225 18 2 2.000000 1.000000 1.732051 0.000000
155000000 -225 61 1 1.000000 1.000000 0.000000 0.000000
155100000 -72 1 3 3.000000 1.000000 2.200907 0.000000
155100000 -72 11 2 2.000000 1.000000 1.732051 0.000000
155100000 -72 103 1 1.000000 1.000000 0.000000 0.000000
155200000 -168 1 3 2.000000 1.500000 1.154701 0.666667
155200000 -168 1 5 5.000000 1.000000 3.401343 0.000000
155200000 -168 4 3 3.000000 1.000000 2.200907 0.000000
155200000 -168 15 2 2.000000 1.000000 1.732051 0.000000
155200000 -168 78 1 1.000000 1.000000 0.000000 0.000000
155300000 -259 1 13 7.000000 1.857143 3.777186 0.987659
155300000 -259 1 4 4.000000 1.000000 2.869855 0.000000
155300000 -259 4 3 3.000000 1.000000 2.200907 0.000000
155300000 -259 20 2 2.000000 1.000000 1.732051 0.000000
155300000 -259 59 1 1.000000 1.000000 0.000000 0.000000
155400000 -188 2 4 4.000000 1.000000 2.869855 0.000000
155400000 -188 6 3 3.000000 1.000000 2.200907 0.000000
155400000 -188 15 2 2.000000 1.000000 1.732051 0.000000
155400000 -188 72 1 1.000000 1.000000 0.000000 0.000000
155500000 -168 1 4 4.000000 1.000000 2.869855 0.000000
155500000 -168 5 3 3.000000 1.000000 2.200907 0.000000
155500000 -168 15 2 2.000000 1.000000 1.732051 0.000000
155500000 -168 79 1 1.000000 1.000000 0.000000 0.000000
155600000 -272 1 22 11.000000 2.000000 6.324555 1.000000
155600000 -272 1 4 4.000000 1.000000 2.869855 0.000000
155600000 -272 3 3 3.000000 1.000000 2.200907 0.000000
155600000 -272 13 2 2.000000 1.000000 1.732051 0.000000
155600000 -272 67 1 1.000000 1.000000 0.000000 0.000000
155700000 -550 1 70 35.000000 2.000000 20.199010 1.000000
155700000 -550 3 3 3.000000 1.000000 2.200907 0.000000
155700000 -550 8 2 2.000000 1.000000 1.732051 0.000000
155700000 -550 33 1 1.000000 1.000000 0.000000 0.000000
155800000 -588 1 81 40.000000 2.025000 22.975975 1.047419
155800000 -588 1 3 3.000000 1.000000 2.200907 0.000000
155800000 -588 5 2 2.000000 1.000000 1.732051 0.000000
155800000 -588 34 1 1.000000 1.000000 0.000000 0.000000
155900000 -466 1 56 28.000000 2.000000 16.155494 1.000000
155900000 -466 16 2 2.000000 1.000000 1.732051 0.000000
155900000 -466 40 1 1.000000 1.000000 0.000000 0.000000
156000000 -450 1 43 23.000000 1.869565 12.500015 0.996764
156000000 -450 1 16 9.000000 1.777778 4.695478 0.975955
156000000 -450 12 2 2.000000 1.000000 1.732051 0.000000
156000000 -450 45 1 1.000000 1.000000 0.000000 0.000000
156100000 -358 1 32 16.000000 2.000000 9.219544 1.000000
156100000 -358 2 3 3.000000 1.000000 2.200907 0.000000
156100000 -358 21 2 2.000000 1.000000 1.732051 0.000000
156100000 -358 48 1 1.000000 1.000000 0.000000 0.000000
156200000 -343 1 30 15.000000 2.000000 8.640988 1.000000
156200000 -343 1 5 3.000000 1.666667 1.549193 0.894427
156200000 -343 1 5 5.000000 1.000000 3.401343 0.000000
156200000 -343 3 3 3.000000 1.000000 2.200907 0.000000
156200000 -343 13 2 2.000000 1.000000 1.732051 0.000000
156200000 -343 53 1 1.000000 1.000000 0.000000 0.000000
156300000 -546 1 63 32.000000 1.968750 18.191134 0.999495
156300000 -546 3 4 4.000000 1.000000 2.869855 0.000000
156300000 -546 2 3 3.000000 1.000000 2.200907 0.000000
156300000 -546 8 2 2.000000 1.000000 1.732051 0.000000
156300000 -546 31 1 1.000000 1.000000 0.000000 0.000000
156400000 -619 1 84 42.000000 2.000000 24.202536 1.045595
156400000 -619 1 3 3.000000 1.000000 2.200907 0.000000
156400000 -619 7 2 2.000000 1.000000 1.732051 0.000000
156400000 -619 27 1 1.000000 1.000000 0.000000 0.000000
156500000 -643 1 94 49.000000 1.918367 27.221381 0.997069
156500000 -643 3 2 2.000000 1.000000 1.732051 0.000000
156500000 -643 28 1 1.000000 1.000000 0.000000 0.000000
156600000 -549 1 72 36.000000 2.000000 20.151904 1.105321
156600000 -549 1 4 3.000000 1.333333 1.732051 0.707107
156600000 -549 1 3 3.000000 1.000000 2.200907 0.000000
156600000 -549 9 2 2.000000 1.000000 1.732051 0.000000
156600000 -549 31 1 1.000000 1.000000 0.000000 0.000000
156700000 -547 1 74 38.000000 1.947368 21.377558 0.999635
156700000 -547 1 3 3.000000 1.000000 2.200907 0.000000
156700000 -547 7 2 2.000000 1.000000 1.732051 0.000000
156700000 -547 37 1 1.000000 1.000000 0.000000 0.000000
156800000 -627 1 86 43.000000 2.000000 24.819347 1.000000
156800000 -627 7 2 2.000000 1.000000 1.732051 0.000000
156800000 -627 28 1 1.000000 1.000000 0.000000 0.000000
156900000 -572 1 70 35.000000 2.000000 20.199010 1.000000
156900000 -572 1 4 4.000000 1.000000 2.869855 0.000000
156900000 -572 2 3 3.000000 1.000000 2.200907 0.000000
156900000 -572 10 2 2.000000 1.000000 1.732051 0.000000
156900000 -572 28 1 1.000000 1.000000 0.000000 0.000000
157000000 -329 1 18 9.000000 2.000000 5.163978 1.000000
157000000 -329 1 18 9.000000 2.000000 5.163978 1.000000
157000000 -329 1 4 4.000000 1.000000 2.869855 0.000000
157000000 -329 2 3 3.000000 1.000000 2.200907 0.000000
157000000 -329 12 2 2.000000 1.000000 1.732051 0.000000
157000000 -329 58 1 1.000000 1.000000 0.000000 0.000000
157100000 -347 1 36 18.000000 2.000000 10.181411 1.094029
157100000 -347 1 4 4.000000 1.000000 2.869855 0.000000
157100000 -347 2 3 3.000000 1.000000 2.200907 0.000000
157100000 -347 13 2 2.000000 1.000000 1.732051 0.000000
157100000 -347 56 1 1.000000 1.000000 0.000000 0.000000
157200000 -643 1 92 46.000000 2.000000 26.551836 1.000000
157200000 -643 3 2 2.000000 1.000000 1.732051 0.000000
157200000 -643 30 1 1.000000 1.000000 0.000000 0.000000
157300000 -667 1 89 45.000000 1.977778 25.695337 0.999747
157300000 -667 1 3 2.000000 1.500000 1.154701 0.666667
157300000 -667 1 4 4.000000 1.000000 2.869855 0.000000
157300000 -667 7 2 2.000000 1.000000 1.732051 0.000000
157300000 -667 18 1 1.000000 1.000000 0.000000 0.000000
157400000 -659 1 92 46.000000 2.000000 26.551836 1.000000
157400000 -659 2 3 3.000000 1.000000 2.200907 0.000000
157400000 -659 3 2 2.000000 1.000000 1.732051 0.000000
157400000 -659 24 1 1.000000 1.000000 0.000000 0.000000
157500000 -585 1 72 36.000000 2.000000 20.776589 1.000000
157500000 -585 1 6 6.000000 1.000000 4.012623 0.000000
157500000 -585 3 3 3.000000 1.000000 2.200907 0.000000
157500000 -585 7 2 2.000000 1.000000 1.732051 0.000000
157500000 -585 27 1 1.000000 1.000000 0.000000 0.000000
157600000 -511 1 68 34.000000 2.000000 19.186117 1.192251
157600000 -511 2 3 3.000000 1.000000 2.200907 0.000000
157600000 -511 8 2 2.000000 1.000000 1.732051 0.000000
157600000 -511 38 1 1.000000 1.000000 0.000000 0.000000
157700000 -476 1 60 30.000000 2.000000 17.310883 1.000000
157700000 -476 1 3 3.000000 1.000000 2.200907 0.000000
157700000 -476 11 2 2.000000 1.000000 1.732051 0.000000
157700000 -476 43 1 1.000000 1.000000 0.000000 0.000000
157800000 -537 1 36 18.000000 2.000000 10.376255 1.000000
157800000 -537 1 36 18.000000 2.000000 10.376255 1.000000
157800000 -537 1 4 4.000000 1.000000 2.869855 0.000000
157800000 -537 1 3 3.000000 1.000000 2.200907 0.000000
157800000 -537 7 2 2.000000 1.000000 1.732051 0.000000
157800000 -537 35 1 1.000000 1.000000 0.000000 0.000000
157900000 -470 1 61 31.000000 1.967742 17.613936 0.999461
157900000 -470 1 3 3.000000 1.000000 2.200907 0.000000
157900000 -470 9 2 2.000000 1.000000 1.732051 0.000000
157900000 -470 46 1 1.000000 1.000000 0.000000 0.000000
158000000 -657 1 91 46.000000 1.978261 26.272616 0.999758
158000000 -657 7 2 2.000000 1.000000 1.732051 0.000000
158000000 -657 23 1 1.000000 1.000000 0.000000 0.000000
158100000 -685 1 98 51.000000 1.921569 29.944893 0.999045
158100000 -685 3 2 2.000000 1.000000 1.732051 0.000000
158100000 -685 24 1 1.000000 1.000000 0.000000 0.000000
158200000 -682 1 98 51.000000 1.921569 29.871034 0.998939
158200000 -682 2 2 2.000000 1.000000 1.732051 0.000000
158200000 -682 26 1 1.000000 1.000000 0.000000 0.000000
158300000 -694 1 102 51.000000 2.000000 29.439203 1.000000
158300000 -694 26 1 1.000000 1.000000 0.000000 0.000000
158400000 -679 1 99 51.000000 1.941176 29.116432 0.998709
158400000 -679 1 3 3.000000 1.000000 2.200907 0.000000
158400000 -679 2 2 2.000000 1.000000 1.732051 0.000000
158400000 -679 22 1 1.000000 1.000000 0.000000 0.000000
158500000 -688 1 101 51.000000 1.980392 29.312954 0.999858
158500000 -688 1 2 2.000000 1.000000 1.732051 0.000000
158500000 -688 25 1 1.000000 1.000000 0.000000 0.000000
158600000 -518 1 54 27.000000 2.000000 15.577762 1.000000
158600000 -518 1 13 7.000000 1.857143 3.777186 0.987659
158600000 -518 1 3 3.000000 1.000000 2.200907 0.000000
158600000 -518 11 2 2.000000 1.000000 1.732051 0.000000
158600000 -518 36 1 1.000000 1.000000 0.000000 0.000000
158700000 -577 1 31 16.000000 1.937500 8.958398 0.997904
158700000 -577 1 52 27.000000 1.925926 15.033296 0.999260
158700000 -577 5 2 2.000000 1.000000 1.732051 0.000000
158700000 -577 35 1 1.000000 1.000000 0.000000 0.000000
158800000 -635 1 87 44.000000 1.977273 25.118062 0.999736
158800000 -635 8 2 2.000000 1.000000 1.732051 0.000000
158800000 -635 25 1 1.000000 1.000000 0.000000 0.000000
158900000 -371 1 38 19.000000 2.000000 10.954451 1.000000
158900000 -371 1 5 5.000000 1.000000 3.401343 0.000000
158900000 -371 1 4 4.000000 1.000000 2.869855 0.000000
158900000 -371 1 3 3.000000 1.000000 2.200907 0.000000
158900000 -371 12 2 2.000000 1.000000 1.732051 0.000000
158900000 -371 54 1 1.000000 1.000000 0.000000 0.000000
159000000 -417 1 47 24.000000 1.958333 13.573918 0.999092
159000000 -417 4 3 3.000000 1.000000 2.200907 0.000000
159000000 -417 10 2 2.000000 1.000000 1.732051 0.000000
159000000 -417 49 1 1.000000 1.000000 0.000000 0.000000
159100000 -388 1 42 21.000000 2.000000 12.110601 1.000000
159100000 -388 1 4 4.000000 1.000000 2.869855 0.000000
159100000 -388 3 3 3.000000 1.000000 2.200907 0.000000
159100000 -388 9 2 2.000000 1.000000 1.732051 0.000000
159100000 -388 55 1 1.000000 1.000000 0.000000 0.000000
159200000 -56 1 4 3.000000 1.333333 1.732051 0.707107
159200000 -56 7 2 2.000000 1.000000 1.732051 0.000000
159200000 -56 110 1 1.000000 1.000000 0.000000 0.000000
159300000 -62 1 3 3.000000 1.000000 2.200907 0.000000
159300000 -62 10 2 2.000000 1.000000 1.732051 0.000000
159300000 -62 105 1 1.000000 1.000000 0.000000 0.000000
159400000 -126 1 3 3.000000 1.000000 2.200907 0.000000
159400000 -126 20 2 2.000000 1.000000 1.732051 0.000000
159400000 -126 85 1 1.000000 1.000000 0.000000 0.000000
159500000 -211 1 5 5.000000 1.000000 3.401343 0.000000
159500000 -211 1 4 4.000000 1.000000 2.869855 0.000000
159500000 -211 6 3 3.000000 1.000000 2.200907 0.000000
159500000 -211 18 2 2.000000 1.000000 1.732051 0.000000
159500000 -211 65 1 1.000000 1.000000 0.000000 0.000000
159600000 -160 1 4 4.000000 1.000000 2.869855 0.000000
159600000 -160 1 3 3.000000 1.000000 2.200907 0.000000
159600000 -160 23 2 2.000000 1.000000 1.732051 0.000000
159600000 -160 75 1 1.000000 1.000000 0.000000 0.000000
159700000 -158 1 5 3.000000 1.666667 1.549193 0.894427
159700000 -158 1 4 4.000000 1.000000 2.869855 0.000000
159700000 -158 3 3 3.000000 1.000000 2.200907 0.000000
159700000 -158 14 2 2.000000 1.000000 1.732051 0.000000
159700000 -158 82 1 1.000000 1.000000 0.000000 0.000000
159800000 -92 1 3 2.000000 1.500000 1.154701 0.666667
159800000 -92 2 3 3.000000 1.000000 2.200907 0.000000
159800000 -92 11 2 2.000000 1.000000 1.732051 0.000000
159800000 -92 97 1 1.000000 1.000000 0.000000 0.000000
159900000 -321 1 32 16.000000 2.000000 9.219544 1.000000
159900000 -321 2 3 3.000000 1.000000 2.200907 0.000000
159900000 -321 15 2 2.000000 1.000000 1.732051 0.000000
159900000 -321 60 1 1.000000 1.000000 0.000000 0.000000
160000000 -477 1 56 29.000000 1.931034 16.217353 0.997456
160000000 -477 1 5 5.000000 1.000000 3.401343 0.000000
160000000 -477 1 4 4.000000 1.000000 2.869855 0.000000
160000000 -477 3 3 3.000000 1.000000 2.200907 0.000000
160000000 -477 6 2 2.000000 1.000000 1.732051 0.000000
160000000 -477 42 1 1.000000 1.000000 0.000000 0.000000
160100000 -463 1 56 28.000000 2.000000 16.155494 1.000000
160100000 -463 1 4 4.000000 1.000000 2.869855 0.000000
160100000 -463 3 3 3.000000 1.000000 2.200907 0.000000
160100000 -463 6 2 2.000000 1.000000 1.732051 0.000000
160100000 -463 47 1 1.000000 1.000000 0.000000 0.000000
160200000 -515 1 66 33.000000 2.000000 19.043809 1.000000
160200000 -515 3 3 3.000000 1.000000 2.200907 0.000000
160200000 -515 6 2 2.000000 1.000000 1.732051 0.000000
160200000 -515 41 1 1.000000 1.000000 0.000000 0.000000
160300000 -388 1 27 14.000000 1.928571 7.805158 0.997230
160300000 -388 1 20 10.000000 2.000000 5.744563 1.000000
160300000 -388 1 5 5.000000 1.000000 3.401343 0.000000
160300000 -388 1 4 4.000000 1.000000 2.869855 0.000000
160300000 -388 1 3 3.000000 1.000000 2.200907 0.000000
160300000 -388 7 2 2.000000 1.000000 1.732051 0.000000
160300000 -388 55 1 1.000000 1.000000 0.000000 0.000000
160400000 -384 1 34 17.000000 2.000000 9.797959 1.000000
160400000 -384 2 4 4.000000 1.000000 2.869855 0.000000
160400000 -384 3 3 3.000000 1.000000 2.200907 0.000000
160400000 -384 16 2 2.000000 1.000000 1.732051 0.000000
160400000 -384 45 1 1.000000 1.000000 0.000000 0.000000
160500000 -228 1 19 10.000000 1.900000 5.500709 0.994351
160500000 -228 1 4 4.000000 1.000000 2.869855 0.000000
160500000 -228 2 3 3.000000 1.000000 2.200907 0.000000
160500000 -228 11 2 2.000000 1.000000 1.732051 0.000000
160500000 -228 77 1 1.000000 1.000000 0.000000 0.000000
160600000 -254 1 10 5.000000 2.000000 2.828427 1.000000
160600000 -254 1 3 2.000000 1.500000 1.154701 0.666667
160600000 -254 3 4 4.000000 1.000000 2.869855 0.000000
160600000 -254 3 3 3.000000 1.000000 2.200907 0.000000
160600000 -254 18 2 2.000000 1.000000 1.732051 0.000000
160600000 -254 58 1 1.000000 1.000000 0.000000 0.000000
160700000 -381 1 36 19.000000 1.894737 10.472475 0.993865
160700000 -381 2 4 4.000000 1.000000 2.869855 0.000000
160700000 -381 2 3 3.000000 1.000000 2.200907 0.000000
160700000 -381 15 2 2.000000 1.000000 1.732051 0.000000
160700000 -381 48 1 1.000000 1.000000 0.000000 0.000000
160800000 -520 1 37 19.000000 1.947368 10.688874 0.998532
160800000 -520 1 31 16.000000 1.937500 8.958398 0.997904
160800000 -520 1 4 4.000000 1.000000 2.869855 0.000000
160800000 -520 1 3 3.000000 1.000000 2.200907 0.000000
160800000 -520 8 2 2.000000 1.000000 1.732051 0.000000
160800000 -520 37 1 1.000000 1.000000 0.000000 0.000000
160900000 -526 1 44 22.000000 2.000000 12.688578 1.000000
160900000 -526 1 24 12.000000 2.000000 6.904105 1.000000
160900000 -526 1 4 4.000000 1.000000 2.869855 0.000000
160900000 -526 11 2 2.000000 1.000000 1.732051 0.000000
160900000 -526 34 1 1.000000 1.000000 0.000000 0.000000
161000000 -503 1 52 26.000000 2.000000 15.000000 1.000000
161000000 -503 1 14 7.000000 2.000000 4.000000 1.000000
161000000 -503 5 3 3.000000 1.000000 2.200907 0.000000
161000000 -503 3 2 2.000000 1.000000 1.732051 0.000000
161000000 -503 41 1 1.000000 1.000000 0.000000 0.000000
161100000 -453 1 48 24.000000 2.000000 13.844373 1.000000
161100000 -453 1 4 4.000000 1.000000 2.869855 0.000000
161100000 -453 4 3 3.000000 1.000000 2.200907 0.000000
161100000 -453 13 2 2.000000 1.000000 1.732051 0.000000
161100000 -453 38 1 1.000000 1.000000 0.000000 0.000000
161200000 -521 1 52 27.000000 1.925926 15.066616 0.997050
161200000 -521 1 18 11.000000 1.636364 5.634194 0.927789
161200000 -521 1 4 4.000000 1.000000 2.869855 0.000000
161200000 -521 1 3 3.000000 1.000000 2.200907 0.000000
161200000 -521 8 2 2.000000 1.000000 1.732051 0.000000
161200000 -521 35 1 1.000000 1.000000 0.000000 0.000000
161300000 -396 1 11 6.000000 1.833333 3.205374 0.982470
161300000 -396 1 38 19.000000 2.000000 10.954451 1.000000
161300000 -396 1 4 3.000000 1.333333 1.732051 0.707107
161300000 -396 2 3 3.000000 1.000000 2.200907 0.000000
161300000 -396 8 2 2.000000 1.000000 1.732051 0.000000
161300000 -396 53 1 1.000000 1.000000 0.000000 0.000000
161400000 -276 1 21 11.000000 1.909091 6.076432 0.995392
161400000 -276 3 3 3.000000 1.000000 2.200907 0.000000
161400000 -276 18 2 2.000000 1.000000 1.732051 0.000000
161400000 -276 62 1 1.000000 1.000000 0.000000 0.000000
161500000 -249 1 20 11.000000 1.818182 5.917669 0.980407
161500000 -249 1 4 4.000000 1.000000 2.869855 0.000000
161500000 -249 2 3 3.000000 1.000000 2.200907 0.000000
161500000 -249 16 2 2.000000 1.000000 1.732051 0.000000
161500000 -249 66 1 1.000000 1.000000 0.000000 0.000000
161600000 -340 1 36 17.000000 2.117647 9.698209 1.344967
161600000 -340 1 3 2.000000 1.500000 1.154701 0.666667
161600000 -340 4 3 3.000000 1.000000 2.200907 0.000000
161600000 -340 9 2 2.000000 1.000000 1.732051 0.000000
161600000 -340 59 1 1.000000 1.000000 0.000000 0.000000
161700000 -546 1 71 36.000000 1.972222 20.500013 0.999603
161700000 -546 2 3 3.000000 1.000000 2.200907 0.000000
161700000 -546 8 2 2.000000 1.000000 1.732051 0.000000
161700000 -546 35 1 1.000000 1.000000 0.000000 0.000000
161800000 -497 1 60 30.000000 2.000000 17.310883 1.000000
161800000 -497 1 4 4.000000 1.000000 2.869855 0.000000
161800000 -497 1 3 3.000000 1.000000 2.200907 0.000000
161800000 -497 11 2 2.000000 1.000000 1.732051 0.000000
161800000 -497 39 1 1.000000 1.000000 0.000000 0.000000
161900000 -265 1 30 15.000000 2.000000 8.640988 1.000000
161900000 -265 1 4 4.000000 1.000000 2.869855 0.000000
161900000 -265 10 2 2.000000 1.000000 1.732051 0.000000
161900000 -265 74 1 1.000000 1.000000 0.000000 0.000000
162000000 -254 1 24 13.000000 1.846154 6.976150 0.996522
162000000 -254 3 3 3.000000 1.000000 2.200907 0.000000
162000000 -254 11 2 2.000000 1.000000 1.732051 0.000000
162000000 -254 73 1 1.000000 1.000000 0.000000 0.000000
162100000 -261 1 19 10.000000 1.900000 5.500709 0.994351
162100000 -261 5 3 3.000000 1.000000 2.200907 0.000000
162100000 -261 15 2 2.000000 1.000000 1.732051 0.000000
162100000 -261 64 1 1.000000 1.000000 0.000000 0.000000
162200000 -356 1 19 10.000000 1.900000 5.500709 0.994351
162200000 -356 1 24 12.000000 2.000000 6.641246 1.141739
162200000 -356 1 5 5.000000 1.000000 3.401343 0.000000
162200000 -356 2 3 3.000000 1.000000 2.200907 0.000000
162200000 -356 7 2 2.000000 1.000000 1.732051 0.000000
162200000 -356 60 1 1.000000 1.000000 0.000000 0.000000
162300000 -346 1 12 6.000000 2.000000 3.415650 1.000000
162300000 -346 1 30 15.000000 2.000000 8.640988 1.000000
162300000 -346 13 2 2.000000 1.000000 1.732051 0.000000
162300000 -346 60 1 1.000000 1.000000 0.000000 0.000000
162400000 -418 1 53 28.000000 1.892857 15.370711 0.995031
162400000 -418 2 3 3.000000 1.000000 2.200907 0.000000
162400000 -418 7 2 2.000000 1.000000 1.732051 0.000000
162400000 -418 55 1 1.000000 1.000000 0.000000 0.000000
162500000 -450 1 40 20.000000 2.000000 11.532563 1.000000
162500000 -450 1 15 8.000000 1.875000 4.350790 0.990827
162500000 -450 1 4 4.000000 1.000000 2.869855 0.000000
162500000 -450 4 3 3.000000 1.000000 2.200907 0.000000
162500000 -450 5 2 2.000000 1.000000 1.732051 0.000000
162500000 -450 47 1 1.000000 1.000000 0.000000 0.000000
162600000 -634 1 86 44.000000 1.954545 24.859627 0.998920
162600000 -634 1 5 5.000000 1.000000 3.401343 0.000000
162600000 -634 4 2 2.000000 1.000000 1.732051 0.000000
162600000 -634 29 1 1.000000 1.000000 0.000000 0.000000
162700000 -622 1 82 42.000000 1.952381 23.685476 0.999107
162700000 -622 3 3 3.000000 1.000000 2.200907 0.000000
162700000 -622 5 2 2.000000 1.000000 1.732051 0.000000
162700000 -622 27 1 1.000000 1.000000 0.000000 0.000000
162800000 -638 1 85 43.000000 1.976744 24.540790 0.999723
162800000 -638 1 5 5.000000 1.000000 3.401343 0.000000
162800000 -638 1 4 4.000000 1.000000 2.869855 0.000000
162800000 -638 3 2 2.000000 1.000000 1.732051 0.000000
162800000 -638 28 1 1.000000 1.000000 0.000000 0.000000
162900000 -580 1 42 22.000000 1.909091 12.193078 0.995486
162900000 -580 1 39 20.000000 1.950000 11.265810 0.998679
162900000 -580 8 2 2.000000 1.000000 1.732051 0.000000
162900000 -580 31 1 1.000000 1.000000 0.000000 0.000000
163000000 -509 1 58 29.000000 2.000000 16.733201 1.000000
163000000 -509 1 11 6.000000 1.833333 3.205374 0.982470
163000000 -509 2 3 3.000000 1.000000 2.200907 0.000000
163000000 -509 7 2 2.000000 1.000000 1.732051 0.000000
163000000 -509 39 1 1.000000 1.000000 0.000000 0.000000
163100000 -487 1 56 28.000000 2.000000 16.155494 1.000000
163100000 -487 1 6 3.000000 2.000000 1.632993 1.000000
163100000 -487 1 5 4.000000 1.250000 2.046669 0.781758
163100000 -487 3 3 3.000000 1.000000 2.200907 0.000000
163100000 -487 5 2 2.000000 1.000000 1.732051 0.000000
163100000 -487 42 1 1.000000 1.000000 0.000000 0.000000
163200000 -487 1 37 19.000000 1.947368 10.688874 0.998532
163200000 -487 1 18 9.000000 2.000000 5.163978 1.000000
163200000 -487 1 6 4.000000 1.500000 2.000000 0.816497
163200000 -487 1 5 3.000000 1.666667 1.549193 0.894427
163200000 -487 2 3 3.000000 1.000000 2.200907 0.000000
163200000 -487 10 2 2.000000 1.000000 1.732051 0.000000
163200000 -487 36 1 1.000000 1.000000 0.000000 0.000000
163300000 -353 1 38 20.000000 1.900000 11.000000 0.998614
163300000 -353 1 4 4.000000 1.000000 2.869855 0.000000
163300000 -353 4 3 3.000000 1.000000 2.200907 0.000000
163300000 -353 8 2 2.000000 1.000000 1.732051 0.000000
163300000 -353 58 1 1.000000 1.000000 0.000000 0.000000
163400000 -530 1 71 36.000000 1.972222 20.500013 0.999603
163400000 -530 1 3 3.000000 1.000000 2.200907 0.000000
163400000 -530 6 2 2.000000 1.000000 1.732051 0.000000
163400000 -530 42 1 1.000000 1.000000 0.000000 0.000000
163500000 -587 1 80 39.000000 2.051282 23.004858 1.167901
163500000 -587 1 3 3.000000 1.000000 2.200907 0.000000
163500000 -587 7 2 2.000000 1.000000 1.732051 0.000000
163500000 -587 31 1 1.000000 1.000000 0.000000 0.000000
163600000 -564 1 69 35.000000 1.971429 19.922782 0.999579
163600000 -564 1 11 7.000000 1.571429 3.771945 0.883571
163600000 -564 8 2 2.000000 1.000000 1.732051 0.000000
163600000 -564 32 1 1.000000 1.000000 0.000000 0.000000
163700000 -419 1 44 22.000000 2.000000 12.688578 1.000000
163700000 -419 1 5 5.000000 1.000000 3.401343 0.000000
163700000 -419 3 3 3.000000 1.000000 2.200907 0.000000
163700000 -419 12 2 2.000000 1.000000 1.732051 0.000000
163700000 -419 46 1 1.000000 1.000000 0.000000 0.000000
163800000 -363 1 40 20.000000 2.000000 11.532563 1.000000
163800000 -363 1 3 2.000000 1.500000 1.154701 0.666667
163800000 -363 1 4 4.000000 1.000000 2.869855 0.000000
163800000 -363 1 3 3.000000 1.000000 2.200907 0.000000
163800000 -363 11 2 2.000000 1.000000 1.732051 0.000000
163800000 -363 56 1 1.000000 1.000000 0.000000 0.000000
163900000 -356 1 43 21.000000 2.047619 12.003113 1.086282
163900000 -356 2 3 3.000000 1.000000 2.200907 0.000000
163900000 -356 9 2 2.000000 1.000000 1.732051 0.000000
163900000 -356 61 1 1.000000 1.000000 0.000000 0.000000
164000000 -423 1 44 22.000000 2.000000 12.688578 1.000000
164000000 -423 1 4 4.000000 1.000000 2.869855 0.000000
164000000 -423 5 3 3.000000 1.000000 2.200907 0.000000
164000000 -423 11 2 2.000000 1.000000 1.732051 0.000000
164000000 -423 43 1 1.000000 1.000000 0.000000 0.000000
164100000 -238 1 11 6.000000 1.833333 3.205374 0.982470
164100000 -238 1 5 5.000000 1.000000 3.401343 0.000000
164100000 -238 1 4 4.000000 1.000000 2.869855 0.000000
164100000 -238 4 3 3.000000 1.000000 2.200907 0.000000
164100000 -238 14 2 2.000000 1.000000 1.732051 0.000000
164100000 -238 68 1 1.000000 1.000000 0.000000 0.000000
164200000 -3 2 2 2.000000 1.000000 1.732051 0.000000
164200000 -3 124 1 1.000000 1.000000 0.000000 0.000000
164300000 -194 1 8 4.000000 2.000000 2.236068 1.000000
164300000 -194 4 3 3.000000 1.000000 2.200907 0.000000
164300000 -194 17 2 2.000000 1.000000 1.732051 0.000000
164300000 -194 74 1 1.000000 1.000000 0.000000 0.000000
164400000 -97 2 3 3.000000 1.000000 2.200907 0.000000
164400000 -97 14 2 2.000000 1.000000 1.732051 0.000000
164400000 -97 94 1 1.000000 1.000000 0.000000 0.000000
164500000 -73 1 3 2.000000 1.500000 1.154701 0.666667
164500000 -73 1 3 3.000000 1.000000 2.200907 0.000000
164500000 -73 10 2 2.000000 1.000000 1.732051 0.000000
164500000 -73 102 1 1.000000 1.000000 0.000000 0.000000
164600000 -44 1 4 4.000000 1.000000 2.869855 0.000000
164600000 -44 5 2 2.000000 1.000000 1.732051 0.000000
164600000 -44 114 1 1.000000 1.000000 0.000000 0.000000
164700000 -171 4 3 3.000000 1.000000 2.200907 0.000000
164700000 -171 22 2 2.000000 1.000000 1.732051 0.000000
164700000 -171 72 1 1.000000 1.000000 0.000000 0.000000
164800000 -49 9 2 2.000000 1.000000 1.732051 0.000000
164800000 -49 110 1 1.000000 1.000000 0.000000 0.000000
164900000 -94 1 4 3.000000 1.333333 1.732051 0.707107
164900000 -94 1 4 4.000000 1.000000 2.869855 0.000000
164900000 -94 1 3 3.000000 1.000000 2.200907 0.000000
164900000 -94 9 2 2.000000 1.000000 1.732051 0.000000
164900000 -94 99 1 1.000000 1.000000 0.000000 0.000000
165000000 -111 2 3 3.000000 1.000000 2.200907 0.000000
165000000 -111 16 2 2.000000 1.000000 1.732051 0.000000
165000000 -111 90 1 1.000000 1.000000 0.000000 0.000000
165100000 -159 1 4 4.000000 1.000000 2.869855 0.000000
165100000 -159 2 3 3.000000 1.000000 2.200907 0.000000
165100000 -159 21 2 2.000000 1.000000 1.732051 0.000000
165100000 -159 76 1 1.000000 1.000000 0.000000 0.000000
165200000 -82 14 2 2.000000 1.000000 1.732051 0.000000
165200000 -82 100 1 1.000000 1.000000 0.000000 0.000000
165300000 -238 1 19 10.000000 1.900000 5.500709 0.994351
165300000 -238 21 2 2.000000 1.000000 1.732051 0.000000
165300000 -238 67 1 1.000000 1.000000 0.000000 0.000000
165400000 -79 1 4 4.000000 1.000000 2.869855 0.000000
165400000 -79 1 3 3.000000 1.000000 2.200907 0.000000
165400000 -79 9 2 2.000000 1.000000 1.732051 0.000000
165400000 -79 103 1 1.000000 1.000000 0.000000 0.000000
165500000 -119 1 4 4.000000 1.000000 2.869855 0.000000
165500000 -119 2 3 3.000000 1.000000 2.200907 0.000000
165500000 -119 15 2 2.000000 1.000000 1.732051 0.000000
165500000 -119 88 1 1.000000 1.000000 0.000000 0.000000
165600000 -215 1 13 7.000000 1.857143 3.777186 0.987659
165600000 -215 1 3 2.000000 1.500000 1.154701 0.666667
165600000 -215 1 4 4.000000 1.000000 2.869855 0.000000
165600000 -215 4 3 3.000000 1.000000 2.200907 0.000000
165600000 -215 13 2 2.000000 1.000000 1.732051 0.000000
165600000 -215 70 1 1.000000 1.000000 0.000000 0.000000
165700000 -137 1 4 4.000000 1.000000 2.869855 0.000000
165700000 -137 1 3 3.000000 1.000000 2.200907 0.000000
165700000 -137 20 2 2.000000 1.000000 1.732051 0.000000
165700000 -137 81 1 1.000000 1.000000 0.000000 0.000000
165800000 -181 1 4 4.000000 1.000000 2.869855 0.000000
165800000 -181 5 3 3.000000 1.000000 2.200907 0.000000
165800000 -181 19 2 2.000000 1.000000 1.732051 0.000000
165800000 -181 71 1 1.000000 1.000000 0.000000 0.000000
165900000 -154 1 4 4.000000 1.000000 2.869855 0.000000
165900000 -154 3 3 3.000000 1.000000 2.200907 0.000000
165900000 -154 17 2 2.000000 1.000000 1.732051 0.000000
165900000 -154 81 1 1.000000 1.000000 0.000000 0.000000
166000000 -153 1 3 2.000000 1.500000 1.154701 0.666667
166000000 -153 1 3 2.000000 1.500000 1.154701 0.666667
166000000 -153 1 3 2.000000 1.500000 1.154701 0.666667
166000000 -153 4 3 3.000000 1.000000 2.200907 0.000000
166000000 -153 15 2 2.000000 1.000000 1.732051 0.000000
166000000 -153 77 1 1.000000 1.000000 0.000000 0.000000
166100000 -164 1 3 2.000000 1.500000 1.154701 0.666667
166100000 -164 2 3 3.000000 1.000000 2.200907 0.000000
166100000 -164 22 2 2.000000 1.000000 1.732051 0.000000
166100000 -164 75 1 1.000000 1.000000 0.000000 0.000000
166200000 -98 3 3 3.000000 1.000000 2.200907 0.000000
166200000 -98 11 2 2.000000 1.000000 1.732051 0.000000
166200000 -98 97 1 1.000000 1.000000 0.000000 0.000000
166300000 -70 1 3 3.000000 1.000000 2.200907 0.000000
166300000 -70 10 2 2.000000 1.000000 1.732051 0.000000
166300000 -70 105 1 1.000000 1.000000 0.000000 0.000000
166400000 -5 1 3 2.000000 1.500000 1.154701 0.666667
166400000 -5 1 2 2.000000 1.000000 1.732051 0.000000
166400000 -5 123 1 1.000000 1.000000 0.000000 0.000000
166500000 -5 2 2 2.000000 1.000000 1.732051 0.000000
166500000 -5 124 1 1.000000 1.000000 0.000000 0.000000
166600000 -1 1 2 2.000000 1.000000 1.732051 0.000000
166600000 -1 126 1 1.000000 1.000000 0.000000 0.000000
166700000 -157 1 4 3.000000 1.333333 1.732051 0.707107
166700000 -157 1 4 4.000000 1.000000 2.869855 0.000000
166700000 -157 1 3 3.000000 1.000000 2.200907 0.000000
166700000 -157 20 2 2.000000 1.000000 1.732051 0.000000
166700000 -157 77 1 1.000000 1.000000 0.000000 0.000000
166800000 -116 1 3 2.000000 1.500000 1.154701 0.666667
166800000 -116 1 4 3.000000 1.333333 1.732051 0.707107
166800000 -116 16 2 2.000000 1.000000 1.732051 0.000000
166800000 -116 89 1 1.000000 1.000000 0.000000 0.000000
166900000 -155 1 5 4.000000 1.250000 2.371683 0.674626
166900000 -155 5 3 3.000000 1.000000 2.200907 0.000000
166900000 -155 14 2 2.000000 1.000000 1.732051 0.000000
166900000 -155 80 1 1.000000 1.000000 0.000000 0.000000
167000000 -174 2 4 4.000000 1.000000 2.869855 0.000000
167000000 -174 4 3 3.000000 1.000000 2.200907 0.000000
167000000 -174 15 2 2.000000 1.000000 1.732051 0.000000
167000000 -174 78 1 1.000000 1.000000 0.000000 0.000000
167100000 -180 1 3 2.000000 1.500000 1.154701 0.666667
167100000 -180 1 4 4.000000 1.000000 2.869855 0.000000
167100000 -180 3 3 3.000000 1.000000 2.200907 0.000000
167100000 -180 21 2 2.000000 1.000000 1.732051 0.000000
167100000 -180 70 1 1.000000 1.000000 0.000000 0.000000
167200000 -38 7 2 2.000000 1.000000 1.732051 0.000000
167200000 -38 114 1 1.000000 1.000000 0.000000 0.000000
167300000 -133 2 3 3.000000 1.000000 2.200907 0.000000
167300000 -133 19 2 2.000000 1.000000 1.732051 0.000000
167300000 -133 84 1 1.000000 1.000000 0.000000 0.000000
167400000 -66 11 2 2.000000 1.000000 1.732051 0.000000
167400000 -66 106 1 1.000000 1.000000 0.000000 0.000000
167500000 -102 1 3 2.000000 1.500000 1.154701 0.666667
167500000 -102 2 3 3.000000 1.000000 2.200907 0.000000
167500000 -102 13 2 2.000000 1.000000 1.732051 0.000000
167500000 -102 93 1 1.000000 1.000000 0.000000 0.000000
167600000 -9 3 2 2.000000 1.000000 1.732051 0.000000
167600000 -9 122 1 1.000000 1.000000 0.000000 0.000000
167700000 -217 1 10 7.000000 1.428571 4.456062 0.907474
167700000 -217 1 5 5.000000 1.000000 3.401343 0.000000
167700000 -217 1 4 4.000000 1.000000 2.869855 0.000000
167700000 -217 1 3 3.000000 1.000000 2.200907 0.000000
167700000 -217 20 2 2.000000 1.000000 1.732051 0.000000
167700000 -217 66 1 1.000000 1.000000 0.000000 0.000000
167800000 -79 2 3 3.000000 1.000000 2.200907 0.000000
167800000 -79 10 2 2.000000 1.000000 1.732051 0.000000
167800000 -79 102 1 1.000000 1.000000 0.000000 0.000000
167900000 -17 4 2 2.000000 1.000000 1.732051 0.000000
167900000 -17 120 1 1.000000 1.000000 0.000000 0.000000
168000000 -11 3 2 2.000000 1.000000 1.732051 0.000000
168000000 -11 122 1 1.000000 1.000000 0.000000 0.000000
